# Command file for Castanea
# Generated on Rstudio by user vandermeersch, on the 2023-06-23

# The filenames below are relative to the folder containing this command file
castaneaFileName	=	CastaneaSpecies_08_2021.txt
inventoryFileName	=	C:/Users/vandermeersch/Documents/CEFE/phd/hindcasting/simulation/castanea/run/inventory.txt

climateBaseName	=	D:/climate/HadCM3B_60Kyr_Climate/2023_dataset/castanea_format/025deg/5500BP/
climateExtension	=	.txt
simulationName	=	ind1_


#	siteId	gridName	latitude	longitude	soilHeight	stone	wfc	wilt	bulk	SOLCLAYtop	SOLCLAYsol	SOLFINtop	SOLFINsol	SOLSANDtop	SOLSANDsol	numberOfYears
1	10726	44.12	24.96	200	0.031	0.343	0.214	1.497	0.343	0.362	0.791	0.785	0.209	0.215	30
2	10727	44.12	25.21	200	0.03	0.339	0.212	1.497	0.333	0.353	0.781	0.774	0.219	0.226	30
3	10728	44.12	25.46	200	0.03	0.349	0.216	1.494	0.345	0.362	0.792	0.784	0.208	0.216	30
4	10729	44.12	25.71	200	0.03	0.347	0.214	1.493	0.34	0.357	0.784	0.774	0.216	0.226	30
5	10730	44.12	25.96	199.999	0.032	0.337	0.205	1.491	0.316	0.333	0.763	0.754	0.237	0.246	30
6	10731	44.12	26.21	199.995	0.032	0.331	0.2	1.49	0.303	0.32	0.753	0.744	0.247	0.256	30
7	10732	44.12	26.46	199.998	0.032	0.334	0.202	1.486	0.303	0.32	0.766	0.755	0.234	0.245	30
8	10733	44.12	26.71	199.998	0.032	0.337	0.204	1.488	0.308	0.327	0.78	0.769	0.221	0.23	30
9	10734	44.12	26.96	199.997	0.035	0.335	0.203	1.489	0.307	0.327	0.782	0.772	0.219	0.228	30
10	10735	44.12	27.21	200	0.035	0.334	0.206	1.489	0.304	0.324	0.781	0.771	0.219	0.228	30
11	10736	44.12	27.46	200	0.039	0.33	0.204	1.488	0.295	0.316	0.771	0.763	0.229	0.237	30
12	10737	44.12	27.71	199.999	0.045	0.326	0.204	1.493	0.293	0.314	0.767	0.762	0.234	0.238	30
13	10738	44.12	27.96	200	0.053	0.322	0.202	1.498	0.289	0.311	0.76	0.757	0.241	0.243	30
14	10739	44.12	28.21	200	0.051	0.326	0.205	1.505	0.29	0.312	0.775	0.772	0.225	0.228	30
15	10740	44.12	28.46	199.989	0.054	0.326	0.205	1.511	0.291	0.318	0.762	0.759	0.238	0.241	30
16	10741	43.87	-1.04	199.992	0.062	0.294	0.149	1.508	0.171	0.217	0.457	0.467	0.543	0.533	30
17	10742	43.87	-0.789999999999999	199.999	0.067	0.287	0.151	1.517	0.176	0.223	0.483	0.492	0.517	0.508	30
18	10743	43.87	-0.539999999999999	199.997	0.073	0.287	0.153	1.522	0.182	0.229	0.51	0.519	0.489	0.481	30
19	10744	43.87	-0.289999999999999	199.991	0.077	0.292	0.159	1.526	0.19	0.238	0.554	0.561	0.445	0.439	30
20	10745	43.87	-0.0399999999999991	199.969	0.093	0.301	0.168	1.524	0.199	0.239	0.591	0.59	0.409	0.41	30
21	10746	43.87	0.210000000000001	199.968	0.114	0.316	0.188	1.52	0.242	0.271	0.664	0.658	0.336	0.342	30
22	10747	43.87	0.460000000000001	199.999	0.119	0.325	0.204	1.517	0.284	0.3	0.728	0.718	0.272	0.282	30
23	10748	43.87	0.710000000000001	200	0.114	0.326	0.205	1.519	0.288	0.301	0.736	0.726	0.264	0.274	30
24	10749	43.87	0.960000000000001	200	0.111	0.323	0.201	1.52	0.282	0.298	0.726	0.716	0.274	0.284	30
25	10750	43.87	1.21	200	0.092	0.312	0.187	1.524	0.26	0.284	0.69	0.683	0.309	0.317	30
26	10751	43.87	1.46	200	0.09	0.313	0.189	1.525	0.266	0.296	0.685	0.682	0.315	0.318	30
27	10752	43.87	1.71	199.998	0.1	0.322	0.2	1.519	0.281	0.315	0.698	0.7	0.302	0.3	30
28	10753	43.87	1.96	199.999	0.101	0.325	0.204	1.521	0.288	0.323	0.705	0.71	0.295	0.29	30
29	10754	43.87	2.21	199.99	0.118	0.326	0.198	1.514	0.275	0.317	0.678	0.687	0.322	0.314	30
30	10755	43.87	2.46	199.957	0.148	0.322	0.178	1.5	0.242	0.287	0.626	0.629	0.375	0.371	30
31	10756	43.87	2.71	199.887	0.162	0.322	0.173	1.495	0.245	0.288	0.626	0.63	0.374	0.37	30
32	10757	43.87	2.96	199.336	0.17	0.323	0.175	1.482	0.25	0.295	0.625	0.631	0.375	0.369	30
33	10758	43.87	3.21	199.137	0.174	0.331	0.183	1.474	0.264	0.317	0.632	0.641	0.368	0.359	30
34	10759	43.87	3.46	198.91	0.192	0.336	0.187	1.463	0.262	0.318	0.628	0.639	0.372	0.362	30
35	10760	43.87	3.71	199.033	0.195	0.339	0.193	1.466	0.267	0.327	0.634	0.65	0.366	0.35	30
36	10761	43.87	3.96	199.668	0.164	0.332	0.196	1.487	0.265	0.323	0.646	0.663	0.355	0.337	30
37	10762	43.87	4.21	199.643	0.149	0.323	0.189	1.504	0.251	0.301	0.633	0.647	0.368	0.353	30
38	10763	43.87	4.46	199.571	0.136	0.317	0.183	1.508	0.244	0.287	0.624	0.634	0.377	0.366	30
39	10764	43.87	4.71	199.296	0.121	0.316	0.182	1.51	0.249	0.285	0.629	0.636	0.371	0.365	30
40	10765	43.87	4.96	199.363	0.122	0.314	0.182	1.518	0.251	0.285	0.639	0.645	0.361	0.355	30
41	10766	43.87	5.21	198.66	0.148	0.327	0.193	1.507	0.274	0.318	0.652	0.664	0.348	0.337	30
42	10767	43.87	5.46	199.139	0.163	0.33	0.195	1.499	0.272	0.316	0.653	0.665	0.347	0.336	30
43	10768	43.87	5.71	199.169	0.168	0.326	0.191	1.506	0.26	0.299	0.647	0.654	0.353	0.346	30
44	10769	43.87	5.96	198.94	0.163	0.32	0.181	1.508	0.248	0.283	0.632	0.636	0.368	0.364	30
45	10770	43.87	6.21	194.902	0.187	0.323	0.174	1.475	0.242	0.277	0.622	0.624	0.378	0.376	30
46	10771	43.87	6.46	187.669	0.215	0.327	0.166	1.434	0.232	0.263	0.608	0.604	0.392	0.395	30
47	10772	43.87	6.71	183.692	0.223	0.325	0.16	1.42	0.223	0.25	0.599	0.593	0.402	0.407	30
48	10773	43.87	6.96	184.261	0.227	0.33	0.17	1.44	0.236	0.27	0.607	0.606	0.394	0.394	30
49	10774	43.87	7.21	182.753	0.229	0.331	0.173	1.441	0.237	0.272	0.6	0.601	0.4	0.399	30
50	10775	43.87	7.46	180.753	0.241	0.333	0.175	1.427	0.244	0.279	0.607	0.607	0.394	0.393	30
51	10776	43.87	7.71	187.059	0.239	0.338	0.184	1.431	0.263	0.305	0.629	0.633	0.371	0.367	30
52	10777	43.87	7.96	195.391	0.213	0.342	0.194	1.464	0.284	0.335	0.638	0.65	0.362	0.35	30
53	10778	43.87	10.46	197.357	0.14	0.333	0.19	1.466	0.27	0.308	0.637	0.641	0.363	0.359	30
54	10779	43.87	10.71	198.452	0.131	0.327	0.187	1.479	0.268	0.307	0.641	0.645	0.359	0.355	30
55	10780	43.87	10.96	199.571	0.126	0.328	0.192	1.487	0.282	0.322	0.667	0.672	0.333	0.328	30
56	10781	43.87	11.21	199.766	0.132	0.338	0.205	1.489	0.3	0.343	0.684	0.691	0.316	0.309	30
57	10782	43.87	11.46	199.547	0.141	0.341	0.204	1.486	0.294	0.34	0.685	0.69	0.316	0.31	30
58	10783	43.87	11.71	199.476	0.153	0.338	0.194	1.467	0.276	0.315	0.674	0.67	0.326	0.33	30
59	10784	43.87	11.96	199.75	0.156	0.341	0.201	1.479	0.291	0.333	0.689	0.689	0.311	0.311	30
60	10785	43.87	12.21	199.872	0.148	0.342	0.209	1.49	0.311	0.355	0.717	0.721	0.283	0.28	30
61	10786	43.87	12.46	199.953	0.135	0.342	0.217	1.5	0.33	0.371	0.744	0.749	0.256	0.251	30
62	10787	43.87	12.71	199.915	0.119	0.338	0.218	1.505	0.334	0.369	0.756	0.759	0.243	0.241	30
63	10788	43.87	15.71	199.948	0.068	0.347	0.224	1.481	0.365	0.399	0.707	0.714	0.293	0.286	30
64	10789	43.87	15.96	199.911	0.078	0.351	0.23	1.484	0.372	0.405	0.714	0.722	0.286	0.278	30
65	10790	43.87	16.21	199.908	0.09	0.35	0.224	1.47	0.345	0.386	0.693	0.704	0.307	0.296	30
66	10791	43.87	16.46	198.239	0.135	0.34	0.197	1.438	0.295	0.334	0.653	0.659	0.347	0.342	30
67	10792	43.87	16.71	198.001	0.141	0.333	0.181	1.431	0.264	0.297	0.636	0.633	0.364	0.367	30
68	10793	43.87	16.96	197.077	0.152	0.329	0.171	1.42	0.24	0.27	0.623	0.617	0.377	0.383	30
69	10794	43.87	17.21	196.939	0.155	0.329	0.166	1.403	0.22	0.254	0.606	0.601	0.394	0.399	30
70	10795	43.87	17.46	195.677	0.163	0.332	0.168	1.404	0.218	0.253	0.612	0.604	0.388	0.396	30
71	10796	43.87	17.71	191.993	0.182	0.329	0.16	1.391	0.213	0.237	0.611	0.594	0.389	0.406	30
72	10797	43.87	17.96	195.576	0.159	0.325	0.161	1.42	0.215	0.237	0.622	0.606	0.378	0.394	30
73	10798	43.87	18.21	196.225	0.138	0.328	0.174	1.453	0.234	0.265	0.648	0.641	0.352	0.359	30
74	10799	43.87	18.46	196.971	0.167	0.331	0.174	1.423	0.232	0.268	0.644	0.632	0.356	0.368	30
75	10800	43.87	18.71	196.951	0.173	0.329	0.167	1.421	0.22	0.255	0.635	0.621	0.365	0.379	30
76	10801	43.87	18.96	198.645	0.16	0.33	0.174	1.45	0.23	0.268	0.647	0.64	0.353	0.36	30
77	10802	43.87	19.21	198.15	0.172	0.33	0.175	1.445	0.233	0.268	0.644	0.631	0.356	0.369	30
78	10803	43.87	19.46	198.399	0.163	0.324	0.173	1.463	0.232	0.264	0.639	0.626	0.361	0.374	30
79	10804	43.87	19.71	199.492	0.129	0.326	0.184	1.497	0.252	0.291	0.664	0.661	0.336	0.34	30
80	10805	43.87	19.96	199.92	0.103	0.324	0.188	1.51	0.252	0.289	0.675	0.672	0.325	0.329	30
81	10806	43.87	20.21	199.969	0.078	0.321	0.191	1.513	0.259	0.296	0.682	0.678	0.318	0.322	30
82	10807	43.87	20.46	199.985	0.061	0.317	0.191	1.522	0.265	0.302	0.674	0.672	0.327	0.328	30
83	10808	43.87	20.71	199.989	0.06	0.317	0.194	1.523	0.267	0.307	0.67	0.671	0.33	0.329	30
84	10809	43.87	20.96	199.987	0.068	0.322	0.198	1.52	0.267	0.313	0.67	0.672	0.33	0.328	30
85	10810	43.87	21.21	199.989	0.057	0.313	0.191	1.519	0.267	0.301	0.656	0.655	0.344	0.345	30
86	10811	43.87	21.46	199.958	0.057	0.316	0.194	1.514	0.276	0.306	0.674	0.67	0.326	0.33	30
87	10812	43.87	21.71	199.743	0.091	0.324	0.188	1.504	0.257	0.294	0.669	0.664	0.331	0.336	30
88	10813	43.87	21.96	199.867	0.083	0.328	0.198	1.507	0.276	0.317	0.691	0.69	0.309	0.31	30
89	10814	43.87	22.21	199.972	0.065	0.324	0.203	1.507	0.288	0.328	0.698	0.701	0.302	0.299	30
90	10815	43.87	22.46	199.975	0.056	0.322	0.204	1.516	0.294	0.328	0.709	0.711	0.291	0.289	30
91	10816	43.87	22.71	199.998	0.045	0.325	0.205	1.519	0.303	0.333	0.729	0.729	0.271	0.271	30
92	10817	43.87	22.96	200	0.033	0.322	0.194	1.51	0.293	0.315	0.71	0.705	0.29	0.295	30
93	10818	43.87	23.21	199.999	0.029	0.326	0.199	1.505	0.305	0.324	0.744	0.738	0.256	0.262	30
94	10819	43.87	23.71	199.996	0.03	0.333	0.204	1.498	0.319	0.336	0.76	0.752	0.241	0.248	30
95	10820	43.87	23.96	199.992	0.032	0.317	0.195	1.505	0.291	0.31	0.719	0.711	0.281	0.289	30
96	10821	43.87	24.21	199.988	0.028	0.326	0.2	1.5	0.306	0.323	0.74	0.733	0.26	0.267	30
97	10822	43.87	24.46	199.991	0.028	0.34	0.21	1.496	0.33	0.351	0.787	0.779	0.214	0.221	30
98	10823	43.87	24.71	199.997	0.03	0.335	0.207	1.494	0.323	0.344	0.777	0.769	0.223	0.232	30
99	10824	43.87	24.96	199.996	0.034	0.343	0.216	1.495	0.343	0.364	0.806	0.799	0.194	0.201	30
100	10825	43.87	25.21	199.995	0.031	0.344	0.215	1.498	0.342	0.363	0.802	0.794	0.198	0.206	30
101	10826	43.87	25.46	200	0.028	0.348	0.217	1.497	0.344	0.365	0.808	0.8	0.192	0.2	30
102	10827	43.87	25.71	200	0.03	0.35	0.218	1.494	0.343	0.363	0.812	0.804	0.188	0.196	30
103	10828	43.87	25.96	199.999	0.038	0.338	0.209	1.497	0.317	0.34	0.79	0.782	0.211	0.218	30
104	10829	43.87	26.21	199.996	0.04	0.337	0.21	1.5	0.314	0.34	0.796	0.79	0.204	0.21	30
105	10830	43.87	26.46	199.998	0.043	0.337	0.212	1.503	0.309	0.338	0.79	0.785	0.211	0.215	30
106	10831	43.87	26.71	200	0.044	0.334	0.212	1.505	0.305	0.339	0.788	0.785	0.213	0.215	30
107	10832	43.87	26.96	200	0.044	0.333	0.214	1.503	0.302	0.334	0.786	0.785	0.214	0.215	30
108	10833	43.87	27.21	200	0.046	0.331	0.214	1.501	0.298	0.329	0.78	0.779	0.221	0.221	30
109	10834	43.87	27.46	200	0.048	0.329	0.212	1.501	0.293	0.322	0.775	0.775	0.225	0.225	30
110	10835	43.87	27.71	200	0.048	0.33	0.215	1.508	0.299	0.324	0.788	0.788	0.212	0.212	30
111	10836	43.87	27.96	200	0.045	0.331	0.216	1.519	0.304	0.328	0.793	0.793	0.208	0.207	30
112	10837	43.87	28.21	200	0.043	0.335	0.215	1.523	0.311	0.335	0.797	0.796	0.204	0.204	30
113	10838	43.87	28.46	199.998	0.056	0.334	0.213	1.519	0.308	0.336	0.783	0.781	0.217	0.219	30
114	10839	43.62	-8.04	199.097	0.15	0.328	0.17	1.389	0.209	0.264	0.593	0.601	0.407	0.399	30
115	10840	43.62	-7.79	199.179	0.177	0.331	0.17	1.377	0.215	0.267	0.614	0.615	0.386	0.385	30
116	10841	43.62	-7.54	198.902	0.189	0.328	0.167	1.381	0.212	0.258	0.595	0.596	0.405	0.404	30
117	10842	43.62	-7.29	198.463	0.193	0.325	0.17	1.398	0.22	0.265	0.593	0.599	0.407	0.402	30
118	10843	43.62	-7.04	198.032	0.204	0.324	0.169	1.409	0.224	0.268	0.611	0.613	0.39	0.387	30
119	10844	43.62	-6.79	197.743	0.219	0.324	0.169	1.417	0.226	0.268	0.615	0.616	0.385	0.384	30
120	10845	43.62	-6.54	197.83	0.223	0.327	0.169	1.422	0.227	0.27	0.615	0.617	0.385	0.383	30
121	10846	43.62	-6.29	198.251	0.221	0.33	0.173	1.429	0.234	0.278	0.619	0.622	0.381	0.378	30
122	10847	43.62	-6.04	198.902	0.197	0.332	0.18	1.444	0.246	0.292	0.624	0.63	0.376	0.37	30
123	10848	43.62	-5.79	199.799	0.149	0.331	0.184	1.461	0.254	0.302	0.623	0.632	0.377	0.368	30
124	10849	43.62	-5.54	198.742	0.196	0.334	0.182	1.445	0.251	0.298	0.628	0.634	0.373	0.366	30
125	10850	43.62	-1.04	199.999	0.072	0.312	0.17	1.511	0.206	0.258	0.588	0.592	0.412	0.409	30
126	10851	43.62	-0.789999999999999	200	0.081	0.309	0.173	1.52	0.209	0.263	0.627	0.627	0.373	0.373	30
127	10852	43.62	-0.539999999999999	200	0.096	0.308	0.174	1.523	0.207	0.256	0.646	0.642	0.354	0.358	30
128	10853	43.62	-0.289999999999999	200	0.105	0.307	0.173	1.525	0.208	0.251	0.648	0.643	0.352	0.357	30
129	10854	43.62	-0.0399999999999991	199.999	0.108	0.309	0.176	1.525	0.218	0.255	0.657	0.652	0.343	0.348	30
130	10855	43.62	0.210000000000001	200	0.124	0.319	0.191	1.518	0.25	0.281	0.689	0.683	0.311	0.317	30
131	10856	43.62	0.460000000000001	200	0.125	0.324	0.199	1.516	0.272	0.297	0.708	0.703	0.291	0.297	30
132	10857	43.62	0.710000000000001	200	0.12	0.327	0.204	1.518	0.287	0.308	0.726	0.721	0.274	0.279	30
133	10858	43.62	0.960000000000001	200	0.114	0.328	0.205	1.52	0.293	0.31	0.732	0.727	0.268	0.272	30
134	10859	43.62	1.21	200	0.101	0.316	0.189	1.524	0.266	0.289	0.693	0.688	0.307	0.312	30
135	10860	43.62	1.46	200	0.094	0.313	0.189	1.524	0.27	0.296	0.684	0.68	0.316	0.32	30
136	10861	43.62	1.71	200	0.103	0.326	0.208	1.522	0.302	0.329	0.73	0.731	0.27	0.269	30
137	10862	43.62	1.96	199.987	0.106	0.327	0.207	1.522	0.3	0.332	0.725	0.73	0.275	0.27	30
138	10863	43.62	2.21	199.832	0.118	0.321	0.193	1.51	0.268	0.306	0.678	0.681	0.322	0.319	30
139	10864	43.62	2.46	199.734	0.146	0.31	0.165	1.485	0.215	0.253	0.598	0.594	0.402	0.406	30
140	10865	43.62	2.71	199.424	0.159	0.311	0.154	1.472	0.204	0.236	0.581	0.572	0.419	0.428	30
141	10866	43.62	2.96	197.943	0.187	0.317	0.166	1.472	0.22	0.261	0.588	0.589	0.412	0.41	30
142	10867	43.62	3.21	198.743	0.185	0.325	0.184	1.482	0.254	0.306	0.618	0.631	0.382	0.369	30
143	10868	43.62	3.46	199.608	0.164	0.324	0.19	1.492	0.264	0.316	0.631	0.647	0.369	0.353	30
144	10869	43.62	3.71	199.812	0.156	0.332	0.197	1.484	0.272	0.328	0.646	0.663	0.354	0.337	30
145	10870	43.62	4.21	199.9	0.11	0.322	0.179	1.509	0.252	0.277	0.628	0.628	0.372	0.372	30
146	10871	43.62	4.46	199.945	0.092	0.324	0.18	1.5	0.263	0.279	0.657	0.648	0.343	0.352	30
147	10872	43.62	4.71	199.726	0.092	0.326	0.182	1.497	0.263	0.287	0.644	0.641	0.356	0.359	30
148	10873	43.62	4.96	199.349	0.122	0.318	0.183	1.508	0.25	0.288	0.616	0.625	0.384	0.375	30
149	10874	43.62	5.21	198.991	0.144	0.324	0.194	1.512	0.264	0.309	0.641	0.653	0.36	0.347	30
150	10875	43.62	5.46	198.506	0.16	0.326	0.197	1.506	0.268	0.313	0.645	0.657	0.355	0.343	30
151	10876	43.62	5.71	198.317	0.178	0.331	0.199	1.5	0.268	0.318	0.648	0.659	0.352	0.341	30
152	10877	43.62	5.96	198.669	0.18	0.332	0.195	1.494	0.261	0.312	0.64	0.651	0.36	0.349	30
153	10878	43.62	6.21	197.36	0.194	0.333	0.191	1.484	0.262	0.315	0.638	0.648	0.363	0.352	30
154	10879	43.62	6.46	195.732	0.202	0.332	0.188	1.478	0.261	0.313	0.632	0.642	0.369	0.358	30
155	10880	43.62	6.71	192.564	0.198	0.331	0.184	1.468	0.255	0.303	0.615	0.625	0.386	0.375	30
156	10881	43.62	10.46	199.346	0.107	0.335	0.199	1.49	0.292	0.322	0.667	0.667	0.333	0.333	30
157	10882	43.62	10.71	199.794	0.112	0.332	0.201	1.499	0.296	0.335	0.682	0.686	0.318	0.314	30
158	10883	43.62	10.96	199.994	0.123	0.335	0.207	1.498	0.311	0.356	0.704	0.711	0.296	0.289	30
159	10884	43.62	11.21	199.952	0.138	0.34	0.213	1.493	0.316	0.365	0.703	0.713	0.297	0.287	30
160	10885	43.62	11.46	199.617	0.143	0.341	0.206	1.488	0.298	0.347	0.679	0.688	0.322	0.313	30
161	10886	43.62	11.71	199.596	0.146	0.338	0.199	1.479	0.286	0.331	0.674	0.678	0.326	0.322	30
162	10887	43.62	11.96	199.776	0.145	0.339	0.201	1.482	0.289	0.333	0.682	0.685	0.319	0.315	30
163	10888	43.62	12.21	199.864	0.14	0.338	0.2	1.484	0.294	0.336	0.696	0.699	0.304	0.301	30
164	10889	43.62	12.46	199.622	0.144	0.343	0.212	1.49	0.314	0.359	0.718	0.723	0.282	0.277	30
165	10890	43.62	12.71	199.305	0.143	0.346	0.221	1.493	0.331	0.376	0.747	0.752	0.253	0.248	30
166	10891	43.62	12.96	199.894	0.124	0.344	0.228	1.504	0.35	0.384	0.789	0.792	0.211	0.208	30
167	10892	43.62	13.21	199.989	0.108	0.34	0.226	1.509	0.349	0.372	0.796	0.794	0.204	0.206	30
168	10893	43.62	13.46	199.967	0.112	0.337	0.223	1.51	0.337	0.361	0.771	0.77	0.228	0.23	30
169	10894	43.62	15.96	199.764	0.099	0.351	0.226	1.48	0.359	0.399	0.708	0.718	0.292	0.282	30
170	10895	43.62	16.21	199.944	0.092	0.354	0.229	1.472	0.356	0.399	0.707	0.718	0.293	0.281	30
171	10896	43.62	16.46	199.956	0.105	0.346	0.213	1.462	0.33	0.374	0.684	0.694	0.316	0.306	30
172	10897	43.62	16.71	199.763	0.111	0.341	0.206	1.463	0.309	0.354	0.667	0.676	0.333	0.324	30
173	10898	43.62	16.96	199.318	0.118	0.339	0.196	1.448	0.288	0.327	0.651	0.656	0.35	0.344	30
174	10899	43.62	17.21	199.214	0.121	0.335	0.185	1.439	0.273	0.309	0.638	0.642	0.362	0.358	30
175	10900	43.62	17.46	190.082	0.173	0.336	0.172	1.378	0.234	0.266	0.607	0.603	0.393	0.397	30
176	10901	43.62	17.71	187.246	0.185	0.34	0.174	1.375	0.24	0.273	0.623	0.616	0.377	0.384	30
177	10902	43.62	17.96	190.844	0.172	0.338	0.172	1.392	0.233	0.267	0.624	0.615	0.376	0.385	30
178	10903	43.62	18.21	185.042	0.183	0.337	0.17	1.367	0.218	0.252	0.614	0.604	0.386	0.396	30
179	10904	43.62	18.46	192.401	0.178	0.336	0.169	1.378	0.223	0.258	0.623	0.612	0.377	0.388	30
180	10905	43.62	18.71	197.336	0.171	0.33	0.166	1.421	0.23	0.256	0.639	0.626	0.361	0.374	30
181	10906	43.62	18.96	197.837	0.155	0.33	0.172	1.449	0.237	0.263	0.645	0.634	0.355	0.366	30
182	10907	43.62	19.21	197.594	0.161	0.33	0.173	1.448	0.232	0.262	0.639	0.628	0.361	0.373	30
183	10908	43.62	19.46	198.5	0.163	0.326	0.175	1.471	0.23	0.261	0.632	0.626	0.368	0.374	30
184	10909	43.62	19.71	198.81	0.167	0.327	0.177	1.468	0.235	0.271	0.635	0.629	0.365	0.371	30
185	10910	43.62	19.96	199.308	0.153	0.333	0.187	1.472	0.25	0.293	0.67	0.665	0.33	0.335	30
186	10911	43.62	20.21	199.747	0.13	0.325	0.183	1.487	0.257	0.292	0.678	0.671	0.322	0.329	30
187	10912	43.62	20.46	199.691	0.138	0.317	0.173	1.479	0.243	0.274	0.644	0.632	0.356	0.368	30
188	10913	43.62	20.71	199.801	0.11	0.309	0.17	1.492	0.237	0.266	0.618	0.608	0.383	0.392	30
189	10914	43.62	20.96	199.959	0.084	0.316	0.186	1.506	0.254	0.291	0.649	0.646	0.351	0.354	30
190	10915	43.62	21.21	199.991	0.053	0.313	0.193	1.521	0.265	0.302	0.655	0.657	0.345	0.343	30
191	10916	43.62	21.46	199.97	0.056	0.314	0.194	1.517	0.27	0.305	0.661	0.662	0.339	0.338	30
192	10917	43.62	21.71	199.942	0.075	0.317	0.194	1.515	0.27	0.305	0.668	0.669	0.332	0.331	30
193	10918	43.62	21.96	199.897	0.095	0.326	0.197	1.513	0.273	0.316	0.684	0.684	0.317	0.316	30
194	10919	43.62	22.21	199.934	0.09	0.324	0.201	1.512	0.277	0.321	0.681	0.682	0.319	0.318	30
195	10920	43.62	22.46	199.765	0.107	0.32	0.189	1.505	0.26	0.294	0.658	0.652	0.342	0.348	30
196	10921	43.62	22.71	199.748	0.091	0.324	0.198	1.506	0.281	0.316	0.693	0.691	0.307	0.309	30
197	10922	43.62	22.96	199.964	0.052	0.327	0.209	1.521	0.307	0.34	0.736	0.737	0.264	0.263	30
198	10923	43.62	23.21	199.999	0.03	0.333	0.217	1.525	0.329	0.357	0.78	0.78	0.22	0.22	30
199	10924	43.62	23.46	200	0.031	0.338	0.218	1.513	0.336	0.361	0.804	0.803	0.195	0.196	30
200	10925	43.62	23.71	199.996	0.032	0.335	0.215	1.509	0.331	0.355	0.8	0.798	0.199	0.202	30
201	10926	43.62	23.96	199.987	0.034	0.334	0.213	1.51	0.331	0.354	0.794	0.791	0.206	0.209	30
202	10927	43.62	24.21	199.975	0.036	0.333	0.208	1.51	0.329	0.349	0.788	0.785	0.211	0.215	30
203	10928	43.62	24.46	199.981	0.038	0.333	0.211	1.509	0.326	0.347	0.795	0.792	0.204	0.207	30
204	10929	43.62	24.71	199.994	0.04	0.331	0.212	1.51	0.318	0.342	0.783	0.781	0.216	0.219	30
205	10930	43.62	24.96	199.992	0.042	0.33	0.212	1.511	0.317	0.342	0.78	0.778	0.219	0.222	30
206	10931	43.62	25.21	199.99	0.04	0.332	0.208	1.508	0.315	0.337	0.771	0.767	0.229	0.233	30
207	10932	43.62	25.46	199.998	0.041	0.335	0.211	1.508	0.318	0.341	0.781	0.779	0.219	0.222	30
208	10933	43.62	25.71	200	0.047	0.335	0.213	1.506	0.312	0.338	0.781	0.779	0.219	0.221	30
209	10934	43.62	25.96	200	0.055	0.335	0.217	1.506	0.312	0.346	0.79	0.791	0.21	0.21	30
210	10935	43.62	26.21	200	0.058	0.337	0.22	1.506	0.314	0.354	0.793	0.795	0.207	0.205	30
211	10936	43.62	26.46	200	0.059	0.338	0.22	1.512	0.312	0.352	0.785	0.787	0.215	0.213	30
212	10937	43.62	26.71	200	0.059	0.335	0.218	1.513	0.306	0.347	0.78	0.783	0.22	0.217	30
213	10938	43.62	26.96	200	0.055	0.336	0.222	1.51	0.304	0.342	0.783	0.786	0.217	0.214	30
214	10939	43.62	27.21	200	0.054	0.336	0.223	1.505	0.302	0.341	0.79	0.794	0.21	0.207	30
215	10940	43.62	27.46	200	0.052	0.34	0.224	1.505	0.308	0.339	0.808	0.81	0.193	0.191	30
216	10941	43.62	27.71	199.999	0.051	0.339	0.223	1.519	0.308	0.336	0.797	0.799	0.203	0.201	30
217	10942	43.62	27.96	199.996	0.042	0.344	0.225	1.551	0.321	0.348	0.798	0.8	0.202	0.201	30
218	10943	43.62	28.21	199.993	0.044	0.345	0.224	1.548	0.327	0.353	0.794	0.795	0.207	0.205	30
219	10944	43.62	28.46	199.991	0.061	0.339	0.218	1.53	0.319	0.347	0.774	0.773	0.227	0.227	30
220	10945	43.37	-8.04	199.626	0.137	0.327	0.167	1.392	0.192	0.254	0.565	0.576	0.435	0.424	30
221	10946	43.37	-7.79	199.703	0.144	0.331	0.164	1.399	0.201	0.256	0.589	0.593	0.411	0.407	30
222	10947	43.37	-7.54	199.573	0.158	0.33	0.167	1.409	0.211	0.263	0.606	0.61	0.394	0.39	30
223	10948	43.37	-7.29	198.623	0.19	0.325	0.171	1.412	0.223	0.272	0.62	0.624	0.38	0.376	30
224	10949	43.37	-7.04	197.86	0.212	0.322	0.169	1.409	0.227	0.27	0.617	0.618	0.383	0.382	30
225	10950	43.37	-6.79	197.183	0.223	0.323	0.167	1.416	0.224	0.266	0.611	0.612	0.389	0.388	30
226	10951	43.37	-6.54	198.187	0.221	0.327	0.169	1.424	0.225	0.269	0.615	0.617	0.385	0.383	30
227	10952	43.37	-6.29	198.12	0.226	0.33	0.171	1.426	0.232	0.274	0.62	0.62	0.38	0.38	30
228	10953	43.37	-6.04	198.447	0.215	0.333	0.179	1.437	0.244	0.29	0.622	0.628	0.378	0.372	30
229	10954	43.37	-5.79	199.241	0.198	0.334	0.185	1.453	0.253	0.302	0.63	0.639	0.37	0.361	30
230	10955	43.37	-5.54	198.728	0.211	0.335	0.182	1.443	0.254	0.302	0.636	0.643	0.364	0.358	30
231	10956	43.37	-5.29	197.201	0.226	0.333	0.177	1.424	0.244	0.286	0.621	0.623	0.379	0.377	30
232	10957	43.37	-1.04	199.992	0.125	0.329	0.187	1.492	0.24	0.3	0.657	0.656	0.343	0.344	30
233	10958	43.37	-0.789999999999999	199.99	0.115	0.323	0.186	1.5	0.238	0.297	0.667	0.664	0.333	0.336	30
234	10959	43.37	-0.539999999999999	199.969	0.115	0.316	0.18	1.507	0.227	0.279	0.658	0.653	0.342	0.347	30
235	10960	43.37	-0.289999999999999	199.967	0.123	0.312	0.175	1.511	0.216	0.264	0.642	0.638	0.358	0.363	30
236	10961	43.37	-0.0399999999999991	199.962	0.125	0.31	0.172	1.513	0.217	0.256	0.643	0.638	0.357	0.362	30
237	10962	43.37	0.210000000000001	199.986	0.126	0.314	0.178	1.511	0.232	0.268	0.665	0.66	0.335	0.34	30
238	10963	43.37	0.460000000000001	199.994	0.129	0.317	0.183	1.513	0.24	0.273	0.678	0.674	0.322	0.326	30
239	10964	43.37	0.710000000000001	199.997	0.128	0.321	0.193	1.517	0.263	0.295	0.693	0.694	0.307	0.306	30
240	10965	43.37	0.960000000000001	199.997	0.123	0.324	0.199	1.52	0.279	0.309	0.711	0.712	0.289	0.288	30
241	10966	43.37	1.21	199.998	0.111	0.318	0.191	1.525	0.267	0.296	0.699	0.699	0.301	0.301	30
242	10967	43.37	1.46	199.999	0.111	0.32	0.196	1.522	0.284	0.31	0.711	0.711	0.289	0.289	30
243	10968	43.37	1.71	200	0.111	0.323	0.202	1.522	0.299	0.325	0.729	0.731	0.271	0.269	30
244	10969	43.37	1.96	199.968	0.111	0.323	0.2	1.517	0.29	0.321	0.712	0.715	0.288	0.285	30
245	10970	43.37	2.21	199.688	0.131	0.313	0.179	1.502	0.247	0.283	0.641	0.642	0.359	0.358	30
246	10971	43.37	2.46	199.284	0.151	0.311	0.171	1.487	0.231	0.269	0.615	0.616	0.385	0.384	30
247	10972	43.37	2.71	199.204	0.158	0.314	0.174	1.491	0.239	0.281	0.619	0.625	0.38	0.375	30
248	10973	43.37	2.96	199.131	0.154	0.317	0.184	1.499	0.254	0.3	0.632	0.644	0.368	0.356	30
249	10974	43.37	3.21	199.803	0.135	0.31	0.184	1.51	0.256	0.296	0.628	0.64	0.372	0.36	30
250	10975	43.37	3.46	199.963	0.126	0.308	0.183	1.514	0.257	0.296	0.625	0.634	0.376	0.366	30
251	10976	43.37	5.21	198.811	0.143	0.326	0.191	1.504	0.265	0.306	0.628	0.639	0.372	0.361	30
252	10977	43.37	5.46	198.029	0.171	0.331	0.2	1.503	0.275	0.327	0.64	0.657	0.36	0.343	30
253	10978	43.37	5.71	196.469	0.188	0.335	0.203	1.492	0.28	0.338	0.651	0.668	0.349	0.332	30
254	10979	43.37	5.96	196.621	0.185	0.335	0.2	1.487	0.273	0.33	0.644	0.659	0.356	0.341	30
255	10980	43.37	6.21	196.05	0.18	0.333	0.197	1.487	0.268	0.325	0.633	0.649	0.367	0.351	30
256	10981	43.37	6.46	194.295	0.178	0.327	0.187	1.483	0.253	0.307	0.6	0.617	0.4	0.384	30
257	10982	43.37	6.71	193.252	0.172	0.324	0.181	1.483	0.243	0.29	0.583	0.598	0.418	0.402	30
258	10983	43.37	10.46	199.486	0.129	0.338	0.208	1.488	0.31	0.359	0.685	0.697	0.315	0.304	30
259	10984	43.37	10.71	199.863	0.143	0.339	0.21	1.49	0.312	0.364	0.694	0.706	0.306	0.294	30
260	10985	43.37	10.96	199.888	0.149	0.34	0.212	1.494	0.312	0.365	0.699	0.71	0.301	0.29	30
261	10986	43.37	11.21	199.82	0.145	0.337	0.211	1.495	0.309	0.36	0.698	0.708	0.303	0.292	30
262	10987	43.37	11.46	199.934	0.138	0.341	0.216	1.496	0.32	0.371	0.712	0.722	0.289	0.278	30
263	10988	43.37	11.71	199.977	0.128	0.338	0.21	1.504	0.308	0.355	0.7	0.709	0.3	0.291	30
264	10989	43.37	11.96	199.923	0.131	0.338	0.205	1.501	0.302	0.346	0.694	0.701	0.306	0.299	30
265	10990	43.37	12.21	199.951	0.138	0.34	0.208	1.495	0.306	0.352	0.697	0.703	0.303	0.297	30
266	10991	43.37	12.46	199.796	0.141	0.343	0.213	1.487	0.315	0.361	0.71	0.716	0.29	0.284	30
267	10992	43.37	12.71	199.097	0.146	0.346	0.214	1.478	0.318	0.366	0.722	0.729	0.278	0.271	30
268	10993	43.37	12.96	199.441	0.149	0.346	0.22	1.492	0.327	0.375	0.738	0.746	0.261	0.254	30
269	10994	43.37	13.21	199.871	0.135	0.343	0.226	1.508	0.339	0.377	0.769	0.774	0.231	0.226	30
270	10995	43.37	13.46	199.995	0.118	0.338	0.228	1.516	0.341	0.367	0.784	0.785	0.216	0.215	30
271	10996	43.37	13.71	199.997	0.113	0.332	0.214	1.513	0.322	0.346	0.748	0.746	0.252	0.254	30
272	10997	43.37	16.96	199.337	0.121	0.347	0.207	1.452	0.317	0.357	0.672	0.678	0.328	0.322	30
273	10998	43.37	17.21	199.742	0.106	0.351	0.209	1.449	0.324	0.366	0.68	0.687	0.32	0.313	30
274	10999	43.37	17.46	198.701	0.103	0.353	0.207	1.441	0.316	0.364	0.679	0.688	0.322	0.312	30
275	11000	43.37	17.71	196.855	0.118	0.351	0.202	1.432	0.306	0.354	0.672	0.682	0.328	0.318	30
276	11001	43.37	17.96	194.865	0.147	0.346	0.187	1.401	0.271	0.312	0.645	0.647	0.355	0.353	30
277	11002	43.37	18.21	193.083	0.155	0.342	0.177	1.376	0.239	0.277	0.626	0.623	0.375	0.378	30
278	11003	43.37	18.46	186.62	0.182	0.339	0.169	1.352	0.218	0.253	0.604	0.596	0.396	0.404	30
279	11004	43.37	18.71	186.538	0.186	0.338	0.169	1.361	0.22	0.251	0.617	0.603	0.383	0.397	30
280	11005	43.37	18.96	193.182	0.18	0.335	0.169	1.38	0.215	0.246	0.612	0.596	0.388	0.404	30
281	11006	43.37	19.21	196.539	0.168	0.332	0.171	1.404	0.221	0.26	0.621	0.61	0.379	0.39	30
282	11007	43.37	19.46	198.767	0.157	0.329	0.174	1.435	0.224	0.265	0.626	0.619	0.374	0.381	30
283	11008	43.37	19.71	198.319	0.166	0.329	0.174	1.444	0.226	0.263	0.629	0.622	0.37	0.378	30
284	11009	43.37	19.96	198.748	0.169	0.328	0.172	1.434	0.224	0.264	0.631	0.626	0.369	0.374	30
285	11010	43.37	20.21	198.561	0.17	0.324	0.168	1.439	0.229	0.259	0.636	0.623	0.364	0.377	30
286	11011	43.37	20.46	198.967	0.174	0.316	0.164	1.457	0.223	0.249	0.615	0.6	0.385	0.4	30
287	11012	43.37	20.71	199.531	0.162	0.312	0.162	1.467	0.22	0.245	0.601	0.587	0.399	0.413	30
288	11013	43.37	20.96	199.62	0.143	0.323	0.179	1.477	0.245	0.281	0.641	0.633	0.359	0.367	30
289	11014	43.37	21.21	199.955	0.083	0.32	0.196	1.507	0.265	0.306	0.659	0.66	0.341	0.34	30
290	11015	43.37	21.46	199.868	0.089	0.316	0.19	1.507	0.262	0.298	0.653	0.651	0.347	0.349	30
291	11016	43.37	21.71	199.977	0.071	0.315	0.196	1.52	0.273	0.308	0.666	0.668	0.334	0.332	30
292	11017	43.37	21.96	199.879	0.082	0.321	0.2	1.516	0.275	0.316	0.674	0.678	0.326	0.322	30
293	11018	43.37	22.21	199.694	0.105	0.326	0.199	1.507	0.274	0.318	0.678	0.68	0.323	0.32	30
294	11019	43.37	22.46	199.703	0.133	0.327	0.193	1.494	0.257	0.297	0.661	0.658	0.339	0.342	30
295	11020	43.37	22.71	198.825	0.182	0.327	0.177	1.453	0.239	0.267	0.646	0.632	0.354	0.368	30
296	11021	43.37	22.96	199.566	0.132	0.327	0.192	1.485	0.263	0.299	0.673	0.665	0.327	0.335	30
297	11022	43.37	23.21	199.883	0.065	0.329	0.21	1.511	0.299	0.339	0.728	0.729	0.272	0.271	30
298	11023	43.37	23.46	199.864	0.052	0.337	0.222	1.515	0.322	0.364	0.776	0.779	0.224	0.221	30
299	11024	43.37	23.71	199.988	0.045	0.339	0.225	1.525	0.33	0.371	0.792	0.796	0.208	0.204	30
300	11025	43.37	23.96	200	0.042	0.341	0.225	1.528	0.338	0.377	0.8	0.804	0.199	0.196	30
301	11026	43.37	24.21	200	0.04	0.339	0.222	1.528	0.338	0.372	0.805	0.807	0.195	0.193	30
302	11027	43.37	24.46	200	0.043	0.338	0.223	1.523	0.335	0.371	0.804	0.807	0.196	0.193	30
303	11028	43.37	24.71	200	0.046	0.336	0.225	1.529	0.328	0.366	0.801	0.805	0.199	0.195	30
304	11029	43.37	24.96	200	0.042	0.338	0.222	1.532	0.332	0.368	0.805	0.807	0.195	0.192	30
305	11030	43.37	25.21	200	0.043	0.338	0.22	1.527	0.327	0.361	0.801	0.803	0.198	0.197	30
306	11031	43.37	25.46	199.994	0.045	0.344	0.223	1.524	0.329	0.364	0.808	0.811	0.192	0.189	30
307	11032	43.37	25.71	199.996	0.055	0.338	0.22	1.512	0.314	0.358	0.783	0.788	0.217	0.212	30
308	11033	43.37	25.96	199.999	0.066	0.336	0.219	1.507	0.308	0.357	0.771	0.778	0.229	0.222	30
309	11034	43.37	26.21	199.999	0.07	0.337	0.219	1.507	0.31	0.358	0.773	0.779	0.227	0.222	30
310	11035	43.37	26.46	199.999	0.072	0.338	0.221	1.506	0.314	0.36	0.776	0.782	0.224	0.218	30
311	11036	43.37	26.71	199.999	0.07	0.34	0.224	1.506	0.315	0.359	0.783	0.789	0.217	0.211	30
312	11037	43.37	26.96	199.999	0.064	0.338	0.225	1.508	0.313	0.357	0.782	0.789	0.218	0.211	30
313	11038	43.37	27.21	199.999	0.065	0.336	0.224	1.509	0.306	0.351	0.772	0.78	0.228	0.221	30
314	11039	43.37	27.46	199.999	0.061	0.339	0.225	1.511	0.311	0.348	0.788	0.794	0.212	0.207	30
315	11040	43.37	27.71	199.994	0.069	0.329	0.215	1.525	0.297	0.331	0.744	0.75	0.256	0.251	30
316	11041	43.37	27.96	199.971	0.075	0.324	0.208	1.541	0.291	0.324	0.714	0.721	0.286	0.279	30
317	11042	43.37	28.46	199.907	0.073	0.332	0.208	1.529	0.303	0.332	0.736	0.737	0.264	0.264	30
318	11043	43.12	-9.04	199.357	0.136	0.327	0.161	1.335	0.171	0.235	0.529	0.548	0.471	0.452	30
319	11044	43.12	-8.79	199.771	0.134	0.33	0.164	1.365	0.177	0.243	0.544	0.56	0.456	0.44	30
320	11045	43.12	-8.54	199.914	0.135	0.33	0.165	1.393	0.185	0.249	0.549	0.561	0.451	0.439	30
321	11046	43.12	-8.29	199.951	0.132	0.328	0.168	1.409	0.184	0.249	0.555	0.563	0.445	0.437	30
322	11047	43.12	-8.04	199.895	0.131	0.325	0.161	1.408	0.18	0.242	0.539	0.552	0.461	0.448	30
323	11048	43.12	-7.79	199.841	0.134	0.323	0.158	1.42	0.191	0.247	0.541	0.557	0.46	0.443	30
324	11049	43.12	-7.54	199.894	0.134	0.324	0.166	1.442	0.212	0.27	0.575	0.592	0.425	0.408	30
325	11050	43.12	-7.29	199.311	0.17	0.323	0.165	1.427	0.219	0.273	0.594	0.604	0.406	0.396	30
326	11051	43.12	-7.04	196.997	0.207	0.322	0.164	1.422	0.221	0.268	0.594	0.599	0.406	0.401	30
327	11052	43.12	-6.79	194.74	0.228	0.321	0.159	1.415	0.218	0.255	0.591	0.591	0.409	0.408	30
328	11053	43.12	-6.54	195.527	0.228	0.325	0.159	1.41	0.217	0.249	0.594	0.59	0.406	0.41	30
329	11054	43.12	-6.29	191.243	0.246	0.326	0.156	1.393	0.216	0.243	0.591	0.583	0.409	0.417	30
330	11055	43.12	-6.04	190.571	0.252	0.328	0.16	1.397	0.222	0.247	0.592	0.585	0.409	0.415	30
331	11056	43.12	-5.79	193.776	0.252	0.328	0.162	1.41	0.225	0.252	0.595	0.59	0.405	0.41	30
332	11057	43.12	-5.54	191.849	0.26	0.327	0.158	1.398	0.218	0.243	0.587	0.58	0.413	0.42	30
333	11058	43.12	-5.29	189.723	0.258	0.326	0.155	1.386	0.209	0.229	0.579	0.569	0.421	0.431	30
334	11059	43.12	-5.04	185.933	0.257	0.328	0.154	1.372	0.205	0.221	0.573	0.56	0.427	0.44	30
335	11060	43.12	-4.79	176.197	0.272	0.326	0.152	1.36	0.199	0.214	0.562	0.55	0.438	0.45	30
336	11061	43.12	-4.54	190.3	0.245	0.327	0.161	1.399	0.221	0.247	0.586	0.581	0.414	0.419	30
337	11062	43.12	-4.29	194.398	0.235	0.329	0.165	1.405	0.231	0.261	0.609	0.605	0.391	0.395	30
338	11063	43.12	-4.04	198.638	0.218	0.332	0.174	1.439	0.247	0.286	0.635	0.636	0.365	0.364	30
339	11064	43.12	-3.79	199.215	0.22	0.335	0.175	1.431	0.247	0.288	0.644	0.645	0.356	0.355	30
340	11065	43.12	-3.54	199.324	0.211	0.337	0.184	1.434	0.261	0.308	0.669	0.671	0.331	0.329	30
341	11066	43.12	-3.29	199.336	0.198	0.336	0.192	1.457	0.273	0.331	0.687	0.691	0.313	0.309	30
342	11067	43.12	-3.04	198.596	0.193	0.332	0.193	1.455	0.275	0.338	0.688	0.693	0.312	0.307	30
343	11068	43.12	-2.79	198.793	0.182	0.33	0.19	1.441	0.267	0.328	0.685	0.685	0.315	0.315	30
344	11069	43.12	-2.54	198.771	0.186	0.335	0.194	1.438	0.272	0.335	0.692	0.691	0.308	0.309	30
345	11070	43.12	-2.29	199.037	0.19	0.34	0.197	1.431	0.275	0.341	0.695	0.694	0.304	0.306	30
346	11071	43.12	-2.04	199.331	0.188	0.342	0.192	1.423	0.265	0.322	0.686	0.68	0.314	0.32	30
347	11072	43.12	-1.79	199.564	0.197	0.342	0.186	1.422	0.258	0.304	0.674	0.663	0.326	0.337	30
348	11073	43.12	-1.54	199.779	0.203	0.339	0.18	1.421	0.248	0.29	0.659	0.647	0.341	0.353	30
349	11074	43.12	-1.29	199.8	0.206	0.338	0.18	1.426	0.247	0.29	0.65	0.64	0.35	0.36	30
350	11075	43.12	-1.04	199.027	0.21	0.34	0.185	1.423	0.254	0.301	0.654	0.645	0.346	0.355	30
351	11076	43.12	-0.789999999999999	195.957	0.204	0.337	0.183	1.43	0.245	0.292	0.645	0.634	0.355	0.366	30
352	11077	43.12	-0.539999999999999	193.511	0.2	0.332	0.178	1.422	0.237	0.279	0.642	0.63	0.357	0.37	30
353	11078	43.12	-0.289999999999999	191.903	0.195	0.327	0.174	1.438	0.227	0.265	0.627	0.616	0.373	0.384	30
354	11079	43.12	-0.0399999999999991	193.054	0.187	0.32	0.169	1.459	0.22	0.255	0.616	0.604	0.384	0.396	30
355	11080	43.12	0.210000000000001	193.577	0.186	0.32	0.171	1.463	0.225	0.255	0.623	0.611	0.377	0.389	30
356	11081	43.12	0.460000000000001	197.979	0.171	0.319	0.174	1.482	0.229	0.26	0.632	0.623	0.369	0.377	30
357	11082	43.12	0.710000000000001	198.483	0.164	0.322	0.183	1.493	0.246	0.28	0.653	0.651	0.347	0.349	30
358	11083	43.12	0.960000000000001	198.807	0.158	0.324	0.188	1.498	0.255	0.293	0.663	0.663	0.337	0.337	30
359	11084	43.12	1.21	199.578	0.152	0.324	0.19	1.503	0.261	0.3	0.668	0.67	0.332	0.33	30
360	11085	43.12	1.46	199.656	0.147	0.322	0.189	1.506	0.262	0.298	0.671	0.673	0.329	0.327	30
361	11086	43.12	1.71	199.831	0.133	0.319	0.188	1.517	0.26	0.294	0.677	0.679	0.323	0.321	30
362	11087	43.12	1.96	199.777	0.13	0.324	0.195	1.513	0.278	0.314	0.691	0.695	0.31	0.305	30
363	11088	43.12	2.21	199.712	0.14	0.323	0.192	1.507	0.274	0.313	0.675	0.682	0.325	0.318	30
364	11089	43.12	2.46	199.251	0.159	0.321	0.184	1.497	0.26	0.304	0.651	0.659	0.349	0.341	30
365	11090	43.12	2.71	199.454	0.159	0.325	0.189	1.499	0.266	0.315	0.651	0.664	0.349	0.336	30
366	11091	43.12	2.96	199.714	0.14	0.325	0.188	1.504	0.265	0.308	0.641	0.652	0.359	0.349	30
367	11092	43.12	6.21	191.916	0.165	0.329	0.185	1.485	0.243	0.293	0.585	0.604	0.415	0.396	30
368	11093	43.12	10.71	199.264	0.148	0.331	0.2	1.481	0.293	0.348	0.652	0.668	0.348	0.332	30
369	11094	43.12	10.96	199.595	0.16	0.337	0.204	1.479	0.294	0.352	0.664	0.679	0.336	0.321	30
370	11095	43.12	11.21	198.903	0.15	0.332	0.202	1.486	0.288	0.341	0.662	0.675	0.339	0.325	30
371	11096	43.12	11.46	199.739	0.137	0.338	0.217	1.501	0.323	0.37	0.722	0.732	0.278	0.268	30
372	11097	43.12	11.71	199.962	0.13	0.342	0.222	1.506	0.332	0.375	0.74	0.746	0.26	0.254	30
373	11098	43.12	11.96	199.975	0.118	0.334	0.209	1.51	0.313	0.353	0.716	0.721	0.284	0.279	30
374	11099	43.12	12.21	199.964	0.129	0.338	0.21	1.503	0.313	0.357	0.703	0.71	0.298	0.29	30
375	11100	43.12	12.46	199.964	0.127	0.338	0.213	1.506	0.317	0.357	0.713	0.719	0.288	0.281	30
376	11101	43.12	12.71	199.6	0.146	0.342	0.211	1.489	0.317	0.362	0.711	0.719	0.289	0.282	30
377	11102	43.12	12.96	198.41	0.164	0.34	0.207	1.474	0.308	0.354	0.7	0.707	0.3	0.293	30
378	11103	43.12	13.21	198.14	0.164	0.339	0.21	1.49	0.31	0.353	0.712	0.719	0.288	0.281	30
379	11104	43.12	13.46	199.789	0.145	0.339	0.22	1.518	0.325	0.364	0.752	0.757	0.248	0.243	30
380	11105	43.12	13.71	199.992	0.134	0.338	0.222	1.512	0.33	0.365	0.762	0.765	0.238	0.235	30
381	11106	43.12	16.96	196.35	0.097	0.352	0.208	1.448	0.342	0.386	0.668	0.681	0.333	0.319	30
382	11107	43.12	17.46	199.696	0.071	0.357	0.213	1.456	0.352	0.394	0.703	0.715	0.297	0.285	30
383	11108	43.12	17.71	199.877	0.073	0.358	0.214	1.46	0.347	0.392	0.704	0.718	0.296	0.282	30
384	11109	43.12	17.96	199.283	0.107	0.354	0.205	1.443	0.323	0.368	0.679	0.691	0.321	0.309	30
385	11110	43.12	18.21	198.524	0.132	0.346	0.188	1.398	0.278	0.318	0.645	0.648	0.355	0.352	30
386	11111	43.12	18.46	194.436	0.162	0.342	0.176	1.361	0.248	0.285	0.624	0.622	0.377	0.378	30
387	11112	43.12	18.71	182.33	0.194	0.338	0.163	1.322	0.214	0.243	0.593	0.582	0.407	0.418	30
388	11113	43.12	18.96	181.557	0.213	0.336	0.158	1.318	0.196	0.224	0.576	0.562	0.424	0.438	30
389	11114	43.12	19.21	187.248	0.205	0.335	0.161	1.334	0.196	0.227	0.58	0.565	0.42	0.435	30
390	11115	43.12	19.46	193.581	0.186	0.332	0.164	1.374	0.206	0.237	0.598	0.582	0.402	0.417	30
391	11116	43.12	19.71	197.561	0.167	0.328	0.166	1.429	0.219	0.245	0.618	0.606	0.382	0.394	30
392	11117	43.12	19.96	198.496	0.158	0.327	0.169	1.432	0.218	0.256	0.608	0.606	0.392	0.394	30
393	11118	43.12	20.21	198.468	0.154	0.326	0.17	1.443	0.227	0.265	0.622	0.621	0.378	0.379	30
394	11119	43.12	20.46	198.997	0.152	0.322	0.175	1.477	0.239	0.274	0.638	0.634	0.362	0.366	30
395	11120	43.12	20.71	199.53	0.153	0.318	0.175	1.482	0.234	0.268	0.62	0.615	0.38	0.385	30
396	11121	43.12	20.96	199.524	0.169	0.319	0.175	1.468	0.236	0.27	0.63	0.621	0.37	0.379	30
397	11122	43.12	21.21	199.919	0.115	0.326	0.196	1.496	0.261	0.305	0.665	0.666	0.336	0.334	30
398	11123	43.12	21.46	199.979	0.101	0.321	0.193	1.508	0.263	0.301	0.656	0.656	0.344	0.344	30
399	11124	43.12	21.71	199.989	0.075	0.318	0.199	1.52	0.277	0.313	0.666	0.671	0.334	0.329	30
400	11125	43.12	21.96	199.895	0.072	0.315	0.195	1.517	0.273	0.311	0.665	0.67	0.335	0.33	30
401	11126	43.12	22.21	199.453	0.117	0.322	0.19	1.497	0.26	0.299	0.653	0.652	0.347	0.348	30
402	11127	43.12	22.46	199.873	0.116	0.326	0.197	1.5	0.27	0.31	0.67	0.671	0.33	0.329	30
403	11128	43.12	22.71	199.686	0.132	0.326	0.192	1.485	0.265	0.302	0.672	0.669	0.329	0.331	30
404	11129	43.12	22.96	199.375	0.158	0.325	0.182	1.466	0.249	0.284	0.656	0.648	0.344	0.352	30
405	11130	43.12	23.21	199.321	0.15	0.325	0.183	1.468	0.25	0.284	0.658	0.649	0.342	0.351	30
406	11131	43.12	23.46	199.292	0.141	0.328	0.192	1.487	0.265	0.303	0.674	0.668	0.326	0.332	30
407	11132	43.12	23.71	199.843	0.099	0.33	0.207	1.51	0.285	0.333	0.701	0.705	0.299	0.295	30
408	11133	43.12	23.96	199.941	0.084	0.333	0.217	1.515	0.3	0.356	0.73	0.738	0.27	0.262	30
409	11134	43.12	24.21	199.919	0.073	0.335	0.22	1.517	0.307	0.36	0.752	0.759	0.247	0.241	30
410	11135	43.12	24.46	199.947	0.069	0.334	0.219	1.521	0.302	0.359	0.754	0.761	0.245	0.24	30
411	11136	43.12	24.71	199.981	0.07	0.335	0.221	1.524	0.305	0.363	0.757	0.765	0.243	0.236	30
412	11137	43.12	24.96	199.981	0.074	0.336	0.219	1.521	0.307	0.362	0.759	0.766	0.241	0.234	30
413	11138	43.12	25.21	199.984	0.073	0.336	0.219	1.521	0.309	0.363	0.762	0.77	0.238	0.231	30
414	11139	43.12	25.46	199.99	0.069	0.339	0.222	1.522	0.315	0.367	0.771	0.78	0.228	0.22	30
415	11140	43.12	25.71	199.982	0.068	0.337	0.221	1.514	0.31	0.361	0.762	0.771	0.238	0.23	30
416	11141	43.12	25.96	199.959	0.08	0.334	0.216	1.509	0.299	0.352	0.744	0.751	0.256	0.249	30
417	11142	43.12	26.21	199.946	0.089	0.333	0.212	1.513	0.293	0.347	0.73	0.737	0.27	0.263	30
418	11143	43.12	26.46	199.951	0.09	0.332	0.214	1.512	0.295	0.346	0.728	0.737	0.272	0.264	30
419	11144	43.12	26.71	199.947	0.084	0.329	0.215	1.509	0.299	0.347	0.73	0.738	0.27	0.263	30
420	11145	43.12	26.96	199.956	0.076	0.327	0.214	1.51	0.299	0.345	0.727	0.735	0.273	0.265	30
421	11146	43.12	27.21	199.959	0.078	0.329	0.216	1.512	0.303	0.347	0.728	0.737	0.272	0.263	30
422	11147	43.12	27.46	199.971	0.076	0.327	0.215	1.511	0.307	0.345	0.732	0.74	0.268	0.26	30
423	11148	43.12	27.71	199.996	0.087	0.315	0.202	1.516	0.281	0.32	0.678	0.688	0.322	0.312	30
424	11149	42.87	-9.04	199.547	0.145	0.329	0.162	1.319	0.176	0.241	0.527	0.549	0.472	0.451	30
425	11150	42.87	-8.79	199.657	0.145	0.33	0.163	1.376	0.187	0.255	0.531	0.553	0.469	0.447	30
426	11151	42.87	-8.54	199.885	0.143	0.331	0.165	1.405	0.187	0.255	0.537	0.557	0.463	0.443	30
427	11152	42.87	-8.29	199.935	0.142	0.329	0.167	1.421	0.188	0.254	0.554	0.569	0.446	0.431	30
428	11153	42.87	-8.04	199.959	0.147	0.325	0.162	1.421	0.187	0.249	0.541	0.559	0.459	0.441	30
429	11154	42.87	-7.79	199.917	0.149	0.322	0.159	1.426	0.196	0.257	0.533	0.556	0.467	0.444	30
430	11155	42.87	-7.54	199.879	0.155	0.324	0.165	1.445	0.215	0.276	0.561	0.582	0.439	0.418	30
431	11156	42.87	-7.29	199.398	0.177	0.325	0.165	1.435	0.215	0.271	0.575	0.587	0.426	0.413	30
432	11157	42.87	-7.04	196.981	0.212	0.323	0.161	1.424	0.215	0.259	0.577	0.581	0.423	0.419	30
433	11158	42.87	-6.79	191.994	0.232	0.32	0.154	1.404	0.209	0.242	0.572	0.57	0.428	0.43	30
434	11159	42.87	-6.54	192.332	0.229	0.32	0.152	1.405	0.209	0.238	0.573	0.569	0.427	0.43	30
435	11160	42.87	-6.29	190.139	0.233	0.318	0.146	1.394	0.203	0.224	0.564	0.554	0.436	0.446	30
436	11161	42.87	-6.04	192.86	0.225	0.317	0.148	1.413	0.205	0.227	0.563	0.556	0.437	0.444	30
437	11162	42.87	-5.79	195.475	0.22	0.315	0.149	1.422	0.206	0.23	0.566	0.56	0.434	0.44	30
438	11163	42.87	-5.54	195.179	0.222	0.314	0.148	1.425	0.201	0.225	0.557	0.552	0.443	0.448	30
439	11164	42.87	-5.29	195.621	0.208	0.314	0.148	1.432	0.201	0.225	0.557	0.552	0.443	0.448	30
440	11165	42.87	-5.04	195.561	0.206	0.314	0.146	1.43	0.199	0.22	0.554	0.547	0.446	0.453	30
441	11166	42.87	-4.79	189.268	0.218	0.313	0.146	1.419	0.2	0.217	0.553	0.544	0.447	0.456	30
442	11167	42.87	-4.54	194.242	0.199	0.315	0.156	1.442	0.216	0.241	0.574	0.571	0.426	0.429	30
443	11168	42.87	-4.29	196.763	0.188	0.319	0.164	1.457	0.232	0.261	0.601	0.602	0.399	0.398	30
444	11169	42.87	-4.04	199.039	0.179	0.323	0.168	1.474	0.237	0.271	0.611	0.614	0.389	0.386	30
445	11170	42.87	-3.79	199.408	0.187	0.328	0.174	1.479	0.248	0.289	0.622	0.628	0.378	0.372	30
446	11171	42.87	-3.54	199.049	0.183	0.328	0.183	1.483	0.262	0.302	0.649	0.653	0.351	0.347	30
447	11172	42.87	-3.29	198.93	0.182	0.33	0.188	1.476	0.27	0.311	0.67	0.671	0.33	0.329	30
448	11173	42.87	-3.04	199.176	0.184	0.332	0.191	1.475	0.274	0.321	0.685	0.686	0.315	0.314	30
449	11174	42.87	-2.79	199.821	0.163	0.332	0.193	1.473	0.277	0.323	0.701	0.7	0.299	0.3	30
450	11175	42.87	-2.54	199.79	0.154	0.333	0.194	1.464	0.281	0.329	0.709	0.707	0.291	0.293	30
451	11176	42.87	-2.29	199.705	0.171	0.337	0.191	1.447	0.273	0.324	0.704	0.699	0.296	0.301	30
452	11177	42.87	-2.04	199.719	0.175	0.338	0.188	1.444	0.268	0.316	0.697	0.69	0.303	0.31	30
453	11178	42.87	-1.79	199.837	0.171	0.339	0.195	1.464	0.283	0.327	0.709	0.706	0.291	0.294	30
454	11179	42.87	-1.54	199.346	0.173	0.334	0.19	1.456	0.273	0.314	0.687	0.683	0.313	0.317	30
455	11180	42.87	-1.29	198.875	0.183	0.331	0.179	1.435	0.255	0.297	0.656	0.649	0.344	0.351	30
456	11181	42.87	-1.04	194.544	0.203	0.328	0.172	1.403	0.241	0.278	0.631	0.619	0.369	0.381	30
457	11182	42.87	-0.789999999999999	179.16	0.243	0.33	0.161	1.354	0.208	0.233	0.592	0.573	0.408	0.427	30
458	11183	42.87	-0.539999999999999	160.545	0.27	0.327	0.147	1.322	0.182	0.195	0.562	0.539	0.438	0.461	30
459	11184	42.87	-0.289999999999999	138.926	0.273	0.322	0.138	1.303	0.164	0.173	0.535	0.511	0.465	0.489	30
460	11185	42.87	-0.0399999999999991	141.81	0.267	0.321	0.139	1.315	0.165	0.175	0.533	0.51	0.467	0.49	30
461	11186	42.87	0.210000000000001	149.227	0.271	0.319	0.14	1.339	0.167	0.178	0.535	0.511	0.465	0.489	30
462	11187	42.87	0.460000000000001	174.285	0.248	0.321	0.15	1.383	0.191	0.209	0.568	0.547	0.432	0.453	30
463	11188	42.87	0.710000000000001	179.194	0.248	0.321	0.153	1.395	0.199	0.218	0.578	0.556	0.422	0.444	30
464	11189	42.87	0.960000000000001	174.244	0.25	0.32	0.151	1.4	0.193	0.211	0.574	0.553	0.426	0.447	30
465	11190	42.87	1.21	183.535	0.236	0.32	0.156	1.423	0.202	0.224	0.581	0.563	0.419	0.437	30
466	11191	42.87	1.46	187.296	0.236	0.318	0.155	1.419	0.202	0.223	0.575	0.556	0.425	0.444	30
467	11192	42.87	1.71	193.293	0.217	0.321	0.164	1.444	0.219	0.246	0.602	0.589	0.398	0.411	30
468	11193	42.87	1.96	194.619	0.205	0.322	0.169	1.455	0.236	0.267	0.621	0.612	0.379	0.388	30
469	11194	42.87	2.21	196.192	0.194	0.323	0.176	1.473	0.247	0.286	0.628	0.628	0.373	0.372	30
470	11195	42.87	2.46	197.032	0.188	0.324	0.182	1.488	0.252	0.303	0.625	0.636	0.375	0.364	30
471	11196	42.87	2.71	198.143	0.181	0.328	0.19	1.501	0.261	0.315	0.631	0.648	0.369	0.352	30
472	11197	42.87	2.96	199.622	0.155	0.327	0.19	1.509	0.261	0.306	0.628	0.64	0.372	0.36	30
473	11198	42.87	10.96	199.16	0.129	0.327	0.199	1.489	0.294	0.337	0.653	0.664	0.347	0.336	30
474	11199	42.87	11.21	199.594	0.134	0.327	0.202	1.5	0.294	0.343	0.666	0.68	0.335	0.32	30
475	11200	42.87	11.46	199.881	0.153	0.338	0.212	1.494	0.308	0.359	0.693	0.706	0.307	0.294	30
476	11201	42.87	11.71	199.812	0.153	0.342	0.215	1.489	0.319	0.368	0.713	0.722	0.287	0.278	30
477	11202	42.87	11.96	199.975	0.135	0.34	0.216	1.499	0.319	0.37	0.712	0.722	0.288	0.279	30
478	11203	42.87	12.21	199.991	0.128	0.338	0.213	1.5	0.315	0.362	0.699	0.708	0.301	0.292	30
479	11204	42.87	12.46	199.989	0.128	0.337	0.214	1.51	0.317	0.358	0.71	0.718	0.29	0.282	30
480	11205	42.87	12.71	199.735	0.147	0.336	0.205	1.499	0.304	0.343	0.694	0.7	0.307	0.3	30
481	11206	42.87	12.96	198.043	0.183	0.335	0.197	1.464	0.296	0.335	0.672	0.675	0.328	0.325	30
482	11207	42.87	13.21	192.634	0.208	0.332	0.184	1.431	0.259	0.291	0.644	0.642	0.356	0.358	30
483	11208	42.87	13.46	197.863	0.178	0.332	0.196	1.484	0.282	0.322	0.676	0.679	0.324	0.321	30
484	11209	42.87	13.71	199.598	0.144	0.337	0.216	1.506	0.318	0.357	0.735	0.741	0.264	0.26	30
485	11210	42.87	17.46	199.743	0.074	0.359	0.214	1.455	0.352	0.396	0.703	0.716	0.297	0.284	30
486	11211	42.87	17.96	199.621	0.098	0.362	0.216	1.435	0.348	0.393	0.699	0.712	0.301	0.288	30
487	11212	42.87	18.21	199.777	0.115	0.357	0.206	1.412	0.317	0.365	0.678	0.687	0.322	0.313	30
488	11213	42.87	18.46	199.264	0.134	0.351	0.193	1.398	0.291	0.337	0.652	0.659	0.348	0.341	30
489	11214	42.87	18.71	197.18	0.157	0.344	0.175	1.348	0.258	0.294	0.633	0.627	0.367	0.373	30
490	11215	42.87	18.96	194.923	0.174	0.342	0.17	1.344	0.237	0.274	0.614	0.607	0.386	0.393	30
491	11216	42.87	19.21	180.679	0.219	0.338	0.16	1.312	0.202	0.228	0.574	0.561	0.426	0.439	30
492	11217	42.87	19.46	185.512	0.207	0.337	0.16	1.334	0.206	0.23	0.586	0.57	0.415	0.43	30
493	11218	42.87	19.71	192.575	0.184	0.329	0.156	1.371	0.204	0.223	0.596	0.576	0.404	0.424	30
494	11219	42.87	19.96	194.875	0.175	0.328	0.163	1.393	0.212	0.241	0.604	0.591	0.396	0.409	30
495	11220	42.87	20.21	191.027	0.186	0.321	0.158	1.388	0.209	0.238	0.596	0.582	0.404	0.418	30
496	11221	42.87	20.46	194.947	0.161	0.319	0.166	1.448	0.226	0.258	0.622	0.613	0.378	0.387	30
497	11222	42.87	20.71	199.251	0.134	0.315	0.176	1.494	0.24	0.276	0.63	0.628	0.37	0.372	30
498	11223	42.87	20.96	199.886	0.122	0.315	0.183	1.503	0.252	0.288	0.647	0.647	0.353	0.353	30
499	11224	42.87	21.21	199.963	0.102	0.32	0.192	1.511	0.26	0.299	0.662	0.665	0.338	0.335	30
500	11225	42.87	21.46	199.985	0.125	0.323	0.187	1.507	0.253	0.291	0.645	0.645	0.355	0.355	30
501	11226	42.87	21.71	199.971	0.105	0.317	0.189	1.514	0.259	0.293	0.647	0.647	0.353	0.353	30
502	11227	42.87	21.96	199.843	0.096	0.311	0.184	1.508	0.254	0.286	0.642	0.639	0.358	0.361	30
503	11228	42.87	22.21	199.899	0.132	0.312	0.17	1.485	0.228	0.254	0.61	0.596	0.39	0.404	30
504	11229	42.87	22.46	199.893	0.15	0.32	0.171	1.477	0.232	0.26	0.624	0.61	0.376	0.39	30
505	11230	42.87	22.71	199.887	0.125	0.323	0.184	1.497	0.257	0.292	0.656	0.652	0.344	0.348	30
506	11231	42.87	22.96	199.906	0.1	0.323	0.194	1.504	0.279	0.314	0.682	0.684	0.319	0.316	30
507	11232	42.87	23.21	199.824	0.111	0.319	0.189	1.505	0.269	0.299	0.669	0.667	0.331	0.334	30
508	11233	42.87	23.46	199.762	0.136	0.316	0.182	1.5	0.25	0.278	0.644	0.636	0.356	0.364	30
509	11234	42.87	23.71	199.642	0.126	0.32	0.187	1.497	0.252	0.285	0.649	0.642	0.351	0.358	30
510	11235	42.87	23.96	199.622	0.13	0.325	0.193	1.493	0.256	0.296	0.66	0.655	0.34	0.345	30
511	11236	42.87	24.21	199.303	0.143	0.331	0.193	1.473	0.258	0.299	0.674	0.665	0.326	0.335	30
512	11237	42.87	24.46	199.112	0.142	0.329	0.189	1.468	0.253	0.295	0.672	0.662	0.328	0.338	30
513	11238	42.87	24.71	199.128	0.125	0.33	0.197	1.488	0.263	0.312	0.691	0.688	0.308	0.312	30
514	11239	42.87	24.96	198.302	0.123	0.33	0.198	1.485	0.265	0.313	0.691	0.689	0.309	0.312	30
515	11240	42.87	25.21	199.5	0.108	0.33	0.2	1.5	0.273	0.324	0.695	0.695	0.305	0.306	30
516	11241	42.87	25.46	199.912	0.105	0.33	0.199	1.511	0.275	0.325	0.694	0.695	0.306	0.305	30
517	11242	42.87	25.71	199.909	0.102	0.327	0.201	1.505	0.278	0.326	0.69	0.693	0.31	0.308	30
518	11243	42.87	25.96	199.798	0.109	0.325	0.199	1.502	0.271	0.32	0.68	0.681	0.32	0.319	30
519	11244	42.87	26.21	199.8	0.116	0.324	0.197	1.502	0.269	0.316	0.676	0.676	0.324	0.324	30
520	11245	42.87	26.46	199.739	0.118	0.323	0.199	1.506	0.27	0.316	0.674	0.677	0.326	0.323	30
521	11246	42.87	26.71	199.863	0.1	0.32	0.205	1.513	0.277	0.323	0.679	0.687	0.321	0.313	30
522	11247	42.87	26.96	199.882	0.095	0.323	0.209	1.516	0.29	0.335	0.691	0.699	0.309	0.301	30
523	11248	42.87	27.21	199.93	0.099	0.324	0.209	1.518	0.291	0.336	0.683	0.694	0.317	0.306	30
524	11249	42.87	27.46	199.968	0.1	0.319	0.207	1.518	0.289	0.333	0.677	0.688	0.323	0.312	30
525	11250	42.87	27.71	199.931	0.104	0.315	0.202	1.514	0.283	0.33	0.666	0.678	0.334	0.322	30
526	11251	42.62	-9.04	199.489	0.145	0.33	0.161	1.393	0.206	0.269	0.522	0.548	0.478	0.452	30
527	11252	42.62	-8.79	199.475	0.144	0.33	0.161	1.402	0.195	0.266	0.509	0.54	0.491	0.46	30
528	11253	42.62	-8.54	199.772	0.155	0.328	0.162	1.412	0.185	0.26	0.51	0.541	0.49	0.459	30
529	11254	42.62	-8.29	199.76	0.162	0.33	0.162	1.413	0.19	0.253	0.54	0.558	0.46	0.442	30
530	11255	42.62	-8.04	199.886	0.163	0.326	0.16	1.418	0.189	0.253	0.525	0.549	0.475	0.451	30
531	11256	42.62	-7.79	199.648	0.164	0.319	0.158	1.437	0.194	0.259	0.514	0.541	0.487	0.459	30
532	11257	42.62	-7.54	199.3	0.161	0.322	0.166	1.452	0.215	0.277	0.557	0.579	0.443	0.421	30
533	11258	42.62	-7.29	196.456	0.198	0.324	0.166	1.431	0.217	0.27	0.575	0.587	0.425	0.413	30
534	11259	42.62	-7.04	196.241	0.222	0.32	0.158	1.423	0.209	0.249	0.566	0.57	0.434	0.43	30
535	11260	42.62	-6.79	197.197	0.208	0.317	0.161	1.458	0.213	0.259	0.576	0.583	0.424	0.417	30
536	11261	42.62	-6.54	196.839	0.201	0.315	0.159	1.466	0.216	0.26	0.583	0.589	0.417	0.41	30
537	11262	42.62	-6.29	196.484	0.208	0.314	0.15	1.45	0.2	0.235	0.56	0.562	0.439	0.438	30
538	11263	42.62	-6.04	198.791	0.187	0.305	0.147	1.474	0.194	0.227	0.553	0.556	0.447	0.444	30
539	11264	42.62	-5.79	199.613	0.176	0.296	0.147	1.493	0.194	0.226	0.547	0.552	0.452	0.448	30
540	11265	42.62	-5.54	199.632	0.172	0.292	0.149	1.503	0.199	0.23	0.551	0.557	0.448	0.443	30
541	11266	42.62	-5.29	199.482	0.169	0.293	0.148	1.5	0.199	0.229	0.548	0.553	0.452	0.447	30
542	11267	42.62	-5.04	198.994	0.175	0.297	0.149	1.492	0.201	0.23	0.55	0.555	0.449	0.445	30
543	11268	42.62	-4.79	198.786	0.175	0.301	0.152	1.495	0.207	0.234	0.565	0.568	0.435	0.432	30
544	11269	42.62	-4.54	199.601	0.162	0.302	0.16	1.507	0.224	0.253	0.593	0.598	0.407	0.403	30
545	11270	42.62	-4.29	199.903	0.156	0.303	0.168	1.511	0.242	0.267	0.62	0.624	0.38	0.376	30
546	11271	42.62	-4.04	199.805	0.157	0.311	0.177	1.507	0.253	0.278	0.64	0.643	0.36	0.357	30
547	11272	42.62	-3.79	199.826	0.165	0.32	0.184	1.503	0.261	0.291	0.656	0.661	0.344	0.339	30
548	11273	42.62	-3.54	199.365	0.166	0.32	0.186	1.499	0.263	0.294	0.66	0.664	0.34	0.337	30
549	11274	42.62	-3.29	199.237	0.156	0.327	0.195	1.497	0.282	0.307	0.691	0.691	0.309	0.309	30
550	11275	42.62	-3.04	199.422	0.158	0.327	0.198	1.498	0.285	0.313	0.694	0.695	0.306	0.305	30
551	11276	42.62	-2.79	199.764	0.156	0.32	0.188	1.495	0.27	0.302	0.677	0.679	0.323	0.322	30
552	11277	42.62	-2.54	199.836	0.161	0.325	0.188	1.486	0.271	0.31	0.678	0.679	0.322	0.321	30
553	11278	42.62	-2.29	199.745	0.167	0.329	0.195	1.49	0.288	0.33	0.701	0.703	0.299	0.297	30
554	11279	42.62	-2.04	199.915	0.161	0.332	0.204	1.5	0.301	0.341	0.727	0.73	0.273	0.27	30
555	11280	42.62	-1.79	199.915	0.149	0.331	0.205	1.503	0.306	0.344	0.738	0.742	0.262	0.258	30
556	11281	42.62	-1.54	199.468	0.162	0.332	0.198	1.492	0.29	0.333	0.707	0.711	0.293	0.289	30
557	11282	42.62	-1.29	198.984	0.168	0.331	0.193	1.487	0.279	0.322	0.687	0.691	0.313	0.309	30
558	11283	42.62	-1.04	196.883	0.178	0.327	0.183	1.468	0.259	0.305	0.654	0.655	0.346	0.345	30
559	11284	42.62	-0.789999999999999	193.876	0.188	0.326	0.176	1.453	0.241	0.285	0.636	0.636	0.364	0.364	30
560	11285	42.62	-0.539999999999999	180.336	0.222	0.322	0.162	1.413	0.217	0.248	0.604	0.595	0.396	0.404	30
561	11286	42.62	-0.289999999999999	166.703	0.241	0.316	0.146	1.38	0.191	0.21	0.568	0.552	0.432	0.448	30
562	11287	42.62	-0.0399999999999991	153.743	0.266	0.318	0.141	1.351	0.172	0.186	0.538	0.521	0.462	0.479	30
563	11288	42.62	0.210000000000001	153.927	0.275	0.32	0.143	1.358	0.173	0.186	0.537	0.517	0.464	0.483	30
564	11289	42.62	0.460000000000001	146.974	0.27	0.316	0.136	1.346	0.163	0.172	0.532	0.508	0.468	0.492	30
565	11290	42.62	0.710000000000001	145.115	0.269	0.314	0.132	1.339	0.158	0.165	0.528	0.501	0.472	0.499	30
566	11291	42.62	0.960000000000001	140.736	0.276	0.311	0.126	1.343	0.149	0.152	0.518	0.488	0.482	0.512	30
567	11292	42.62	1.21	159.827	0.274	0.311	0.133	1.382	0.162	0.169	0.529	0.5	0.47	0.5	30
568	11293	42.62	1.46	151.099	0.285	0.308	0.126	1.367	0.146	0.15	0.507	0.475	0.493	0.525	30
569	11294	42.62	1.71	153.985	0.278	0.31	0.13	1.372	0.151	0.155	0.515	0.484	0.485	0.516	30
570	11295	42.62	1.96	168.781	0.26	0.31	0.135	1.389	0.169	0.179	0.532	0.505	0.468	0.495	30
571	11296	42.62	2.21	182.175	0.235	0.312	0.145	1.423	0.184	0.202	0.548	0.529	0.452	0.471	30
572	11297	42.62	2.46	190.267	0.216	0.319	0.163	1.462	0.209	0.246	0.571	0.573	0.429	0.427	30
573	11298	42.62	2.71	195.89	0.17	0.319	0.177	1.504	0.226	0.274	0.592	0.608	0.408	0.392	30
574	11299	42.62	2.96	197.187	0.134	0.316	0.176	1.517	0.227	0.267	0.593	0.606	0.407	0.394	30
575	11300	42.62	8.96	185.559	0.221	0.333	0.177	1.452	0.23	0.274	0.554	0.571	0.446	0.429	30
576	11301	42.62	9.21	189.608	0.202	0.332	0.183	1.464	0.236	0.287	0.556	0.577	0.444	0.423	30
577	11302	42.62	9.46	190.419	0.2	0.331	0.182	1.458	0.233	0.279	0.566	0.58	0.434	0.42	30
578	11303	42.62	11.46	199.969	0.139	0.333	0.209	1.5	0.306	0.359	0.681	0.697	0.319	0.303	30
579	11304	42.62	11.71	199.969	0.133	0.334	0.208	1.497	0.303	0.361	0.691	0.708	0.309	0.292	30
580	11305	42.62	11.96	199.934	0.124	0.336	0.208	1.5	0.308	0.365	0.702	0.717	0.299	0.283	30
581	11306	42.62	12.21	199.978	0.126	0.338	0.211	1.499	0.314	0.365	0.701	0.715	0.299	0.286	30
582	11307	42.62	12.46	199.932	0.128	0.338	0.212	1.501	0.313	0.361	0.701	0.712	0.299	0.288	30
583	11308	42.62	12.71	199.44	0.16	0.337	0.203	1.483	0.298	0.344	0.675	0.684	0.325	0.316	30
584	11309	42.62	12.96	197.851	0.184	0.333	0.19	1.449	0.28	0.317	0.653	0.653	0.347	0.347	30
585	11310	42.62	13.21	195.975	0.19	0.327	0.176	1.433	0.253	0.281	0.628	0.623	0.372	0.377	30
586	11311	42.62	13.46	193.922	0.198	0.325	0.171	1.432	0.236	0.264	0.621	0.613	0.379	0.387	30
587	11312	42.62	13.71	197.911	0.164	0.335	0.204	1.488	0.298	0.337	0.698	0.702	0.302	0.298	30
588	11313	42.62	13.96	199.915	0.131	0.336	0.217	1.51	0.325	0.36	0.743	0.746	0.257	0.254	30
589	11314	42.62	18.46	197.991	0.136	0.357	0.2	1.386	0.31	0.354	0.68	0.684	0.32	0.316	30
590	11315	42.62	18.71	198.533	0.147	0.354	0.188	1.363	0.292	0.333	0.673	0.67	0.328	0.33	30
591	11316	42.62	18.96	199.057	0.141	0.351	0.187	1.376	0.29	0.332	0.663	0.662	0.337	0.338	30
592	11317	42.62	19.21	191.782	0.166	0.345	0.181	1.362	0.261	0.3	0.636	0.632	0.364	0.368	30
593	11318	42.62	19.46	186.916	0.188	0.341	0.17	1.342	0.235	0.267	0.61	0.602	0.39	0.398	30
594	11319	42.62	19.71	172.962	0.225	0.334	0.153	1.307	0.195	0.212	0.573	0.553	0.428	0.447	30
595	11320	42.62	19.96	169.533	0.225	0.326	0.146	1.311	0.186	0.2	0.56	0.538	0.44	0.462	30
596	11321	42.62	20.21	173.61	0.198	0.319	0.151	1.365	0.204	0.224	0.581	0.565	0.419	0.435	30
597	11322	42.62	20.46	197.753	0.104	0.312	0.173	1.505	0.252	0.287	0.645	0.645	0.355	0.355	30
598	11323	42.62	20.71	199.897	0.094	0.311	0.181	1.524	0.26	0.3	0.655	0.661	0.345	0.339	30
599	11324	42.62	20.96	199.935	0.089	0.315	0.186	1.522	0.266	0.299	0.672	0.676	0.328	0.325	30
600	11325	42.62	21.21	199.987	0.097	0.32	0.192	1.523	0.27	0.304	0.674	0.677	0.326	0.323	30
601	11326	42.62	21.46	199.998	0.125	0.321	0.189	1.51	0.255	0.295	0.64	0.645	0.36	0.355	30
602	11327	42.62	21.71	199.98	0.123	0.314	0.182	1.508	0.242	0.274	0.623	0.622	0.377	0.378	30
603	11328	42.62	21.96	199.909	0.121	0.311	0.177	1.501	0.237	0.268	0.617	0.612	0.383	0.388	30
604	11329	42.62	22.21	199.768	0.152	0.308	0.155	1.462	0.207	0.226	0.589	0.567	0.411	0.433	30
605	11330	42.62	22.46	199.837	0.173	0.315	0.157	1.458	0.211	0.232	0.587	0.566	0.413	0.434	30
606	11331	42.62	22.71	199.923	0.134	0.318	0.18	1.495	0.246	0.282	0.632	0.631	0.368	0.369	30
607	11332	42.62	22.96	199.96	0.091	0.317	0.189	1.51	0.272	0.303	0.677	0.679	0.323	0.321	30
608	11333	42.62	23.21	198.815	0.114	0.311	0.175	1.492	0.248	0.271	0.647	0.638	0.353	0.362	30
609	11334	42.62	23.46	199.242	0.102	0.306	0.172	1.503	0.247	0.269	0.643	0.633	0.357	0.367	30
610	11335	42.62	23.71	199.78	0.099	0.312	0.18	1.507	0.252	0.281	0.642	0.637	0.358	0.363	30
611	11336	42.62	23.96	199.773	0.134	0.315	0.181	1.491	0.241	0.274	0.62	0.615	0.381	0.385	30
612	11337	42.62	24.21	199.522	0.156	0.317	0.177	1.476	0.229	0.259	0.607	0.599	0.393	0.401	30
613	11338	42.62	24.46	199.378	0.156	0.318	0.175	1.473	0.227	0.257	0.602	0.593	0.397	0.407	30
614	11339	42.62	24.71	198.939	0.129	0.322	0.188	1.491	0.247	0.285	0.627	0.627	0.373	0.373	30
615	11340	42.62	24.96	197.594	0.143	0.323	0.187	1.481	0.237	0.274	0.62	0.617	0.38	0.383	30
616	11341	42.62	25.21	199.342	0.121	0.321	0.189	1.498	0.243	0.283	0.621	0.619	0.379	0.381	30
617	11342	42.62	25.46	199.895	0.106	0.319	0.191	1.509	0.249	0.29	0.623	0.626	0.377	0.374	30
618	11343	42.62	25.71	199.924	0.101	0.317	0.194	1.51	0.26	0.302	0.635	0.64	0.365	0.36	30
619	11344	42.62	25.96	199.895	0.098	0.322	0.202	1.513	0.27	0.313	0.641	0.65	0.359	0.35	30
620	11345	42.62	26.21	199.906	0.093	0.326	0.208	1.519	0.282	0.327	0.664	0.676	0.336	0.324	30
621	11346	42.62	26.46	199.91	0.081	0.325	0.211	1.524	0.291	0.334	0.689	0.7	0.311	0.3	30
622	11347	42.62	26.71	199.982	0.067	0.329	0.218	1.528	0.305	0.349	0.704	0.717	0.296	0.283	30
623	11348	42.62	26.96	199.985	0.075	0.338	0.224	1.527	0.327	0.368	0.727	0.74	0.274	0.26	30
624	11349	42.62	27.21	199.988	0.085	0.337	0.22	1.522	0.327	0.364	0.719	0.732	0.281	0.268	30
625	11350	42.37	-8.54	199.648	0.171	0.33	0.161	1.419	0.19	0.268	0.495	0.533	0.505	0.467	30
626	11351	42.37	-8.29	199.683	0.187	0.325	0.158	1.415	0.188	0.253	0.51	0.537	0.49	0.463	30
627	11352	42.37	-8.04	199.745	0.171	0.318	0.158	1.441	0.191	0.258	0.502	0.532	0.498	0.468	30
628	11353	42.37	-7.79	199.471	0.163	0.312	0.156	1.452	0.191	0.257	0.497	0.527	0.503	0.473	30
629	11354	42.37	-7.54	198.455	0.172	0.314	0.156	1.446	0.197	0.255	0.521	0.541	0.479	0.459	30
630	11355	42.37	-7.29	196.585	0.206	0.315	0.155	1.443	0.199	0.25	0.524	0.54	0.476	0.46	30
631	11356	42.37	-7.04	195.76	0.224	0.317	0.157	1.443	0.202	0.247	0.541	0.551	0.459	0.449	30
632	11357	42.37	-6.79	195.385	0.23	0.318	0.154	1.442	0.2	0.236	0.553	0.554	0.447	0.446	30
633	11358	42.37	-6.54	195.823	0.233	0.316	0.152	1.442	0.201	0.232	0.556	0.556	0.443	0.444	30
634	11359	42.37	-6.29	197.434	0.205	0.31	0.149	1.468	0.189	0.222	0.548	0.55	0.452	0.45	30
635	11360	42.37	-6.04	199.49	0.172	0.298	0.15	1.511	0.188	0.222	0.558	0.565	0.442	0.436	30
636	11361	42.37	-5.79	199.924	0.158	0.284	0.148	1.528	0.189	0.214	0.545	0.547	0.455	0.453	30
637	11362	42.37	-5.54	199.997	0.156	0.283	0.152	1.532	0.205	0.227	0.551	0.556	0.448	0.444	30
638	11363	42.37	-5.29	199.999	0.152	0.284	0.156	1.536	0.219	0.244	0.563	0.57	0.437	0.429	30
639	11364	42.37	-5.04	199.98	0.145	0.29	0.161	1.529	0.226	0.25	0.581	0.588	0.418	0.412	30
640	11365	42.37	-4.79	199.976	0.14	0.297	0.166	1.529	0.227	0.252	0.597	0.603	0.403	0.397	30
641	11366	42.37	-4.54	199.97	0.133	0.298	0.172	1.532	0.237	0.261	0.619	0.623	0.381	0.377	30
642	11367	42.37	-4.29	199.994	0.135	0.298	0.173	1.529	0.242	0.263	0.624	0.627	0.376	0.373	30
643	11368	42.37	-4.04	199.997	0.141	0.309	0.184	1.518	0.266	0.282	0.656	0.659	0.344	0.341	30
644	11369	42.37	-3.79	199.996	0.145	0.315	0.191	1.514	0.276	0.293	0.688	0.69	0.312	0.31	30
645	11370	42.37	-3.54	199.552	0.15	0.316	0.184	1.503	0.263	0.285	0.672	0.673	0.328	0.327	30
646	11371	42.37	-3.29	197.334	0.163	0.32	0.175	1.482	0.247	0.269	0.644	0.639	0.356	0.361	30
647	11372	42.37	-3.04	196.583	0.18	0.321	0.175	1.474	0.246	0.269	0.636	0.629	0.364	0.371	30
648	11373	42.37	-2.79	197.769	0.174	0.315	0.178	1.49	0.247	0.276	0.633	0.633	0.367	0.367	30
649	11374	42.37	-2.54	198.868	0.178	0.312	0.177	1.496	0.247	0.279	0.63	0.633	0.37	0.367	30
650	11375	42.37	-2.29	199.463	0.178	0.314	0.185	1.507	0.262	0.296	0.658	0.662	0.342	0.338	30
651	11376	42.37	-2.04	199.928	0.158	0.314	0.19	1.522	0.273	0.306	0.684	0.69	0.316	0.31	30
652	11377	42.37	-1.79	199.992	0.137	0.312	0.19	1.528	0.273	0.302	0.694	0.698	0.306	0.303	30
653	11378	42.37	-1.54	199.963	0.145	0.315	0.192	1.526	0.273	0.307	0.698	0.702	0.302	0.298	30
654	11379	42.37	-1.29	199.88	0.15	0.322	0.196	1.521	0.277	0.315	0.704	0.71	0.296	0.29	30
655	11380	42.37	-1.04	198.693	0.174	0.326	0.192	1.503	0.27	0.317	0.679	0.685	0.321	0.315	30
656	11381	42.37	-0.789999999999999	197.374	0.188	0.327	0.186	1.494	0.261	0.31	0.661	0.668	0.339	0.332	30
657	11382	42.37	-0.539999999999999	197.026	0.19	0.326	0.183	1.486	0.259	0.304	0.665	0.669	0.335	0.331	30
658	11383	42.37	-0.289999999999999	195.159	0.205	0.324	0.174	1.463	0.246	0.287	0.637	0.636	0.363	0.364	30
659	11384	42.37	-0.0399999999999991	192.222	0.222	0.323	0.17	1.465	0.229	0.267	0.608	0.609	0.392	0.391	30
660	11385	42.37	0.210000000000001	191.085	0.224	0.329	0.176	1.473	0.233	0.273	0.608	0.613	0.392	0.387	30
661	11386	42.37	0.460000000000001	189.366	0.23	0.327	0.174	1.453	0.23	0.266	0.607	0.607	0.393	0.393	30
662	11387	42.37	0.710000000000001	187.735	0.231	0.327	0.173	1.444	0.229	0.264	0.606	0.605	0.394	0.395	30
663	11388	42.37	0.960000000000001	179.47	0.244	0.326	0.165	1.432	0.22	0.249	0.596	0.59	0.404	0.411	30
664	11389	42.37	1.21	182.93	0.245	0.318	0.153	1.438	0.205	0.228	0.578	0.566	0.422	0.434	30
665	11390	42.37	1.46	177.309	0.252	0.316	0.15	1.432	0.191	0.212	0.559	0.544	0.441	0.456	30
666	11391	42.37	1.71	169.469	0.258	0.316	0.147	1.411	0.184	0.199	0.548	0.53	0.452	0.47	30
667	11392	42.37	1.96	178.364	0.238	0.315	0.151	1.42	0.195	0.214	0.562	0.546	0.438	0.454	30
668	11393	42.37	2.21	174.93	0.258	0.316	0.146	1.405	0.181	0.198	0.552	0.534	0.448	0.466	30
669	11394	42.37	2.46	187.389	0.238	0.323	0.162	1.433	0.206	0.237	0.58	0.574	0.42	0.426	30
670	11395	42.37	2.71	191.019	0.198	0.327	0.179	1.475	0.231	0.282	0.596	0.61	0.404	0.39	30
