# Command file for Castanea
# Generated on Rstudio by user vandermeersch, on the 2023-06-23

# The filenames below are relative to the folder containing this command file
castaneaFileName	=	CastaneaSpecies_08_2021.txt
inventoryFileName	=	C:/Users/vandermeersch/Documents/CEFE/phd/hindcasting/simulation/castanea/run/inventory.txt

climateBaseName	=	D:/climate/HadCM3B_60Kyr_Climate/2023_dataset/castanea_format/025deg/5500BP/
climateExtension	=	.txt
simulationName	=	ind1_


#	siteId	gridName	latitude	longitude	soilHeight	stone	wfc	wilt	bulk	SOLCLAYtop	SOLCLAYsol	SOLFINtop	SOLFINsol	SOLSANDtop	SOLSANDsol	numberOfYears
1	7374	50.12	14.21	200	0.134	0.304	0.174	1.528	0.227	0.25	0.681	0.678	0.319	0.322	30
2	7375	50.12	14.46	200	0.125	0.3	0.17	1.525	0.228	0.245	0.659	0.655	0.341	0.345	30
3	7376	50.12	14.71	200	0.112	0.292	0.162	1.534	0.212	0.231	0.64	0.634	0.36	0.366	30
4	7377	50.12	14.96	200	0.098	0.295	0.164	1.529	0.225	0.243	0.64	0.633	0.36	0.367	30
5	7378	50.12	15.21	200	0.092	0.303	0.171	1.526	0.252	0.275	0.668	0.664	0.332	0.336	30
6	7379	50.12	15.46	200	0.09	0.294	0.164	1.531	0.235	0.261	0.646	0.643	0.354	0.357	30
7	7380	50.12	15.71	200	0.091	0.293	0.162	1.533	0.224	0.248	0.65	0.644	0.35	0.356	30
8	7381	50.12	15.96	200	0.101	0.295	0.162	1.527	0.218	0.245	0.645	0.641	0.355	0.359	30
9	7382	50.12	16.21	199.926	0.135	0.302	0.159	1.519	0.201	0.228	0.658	0.651	0.342	0.349	30
10	7383	50.12	16.46	199.625	0.177	0.305	0.144	1.477	0.177	0.195	0.632	0.615	0.368	0.385	30
11	7384	50.12	16.71	199.245	0.192	0.305	0.136	1.448	0.163	0.176	0.604	0.581	0.396	0.419	30
12	7385	50.12	16.96	198.354	0.21	0.305	0.126	1.416	0.148	0.156	0.574	0.543	0.426	0.457	30
13	7386	50.12	17.21	196.326	0.224	0.307	0.122	1.386	0.145	0.152	0.56	0.529	0.44	0.47	30
14	7387	50.12	17.46	198.728	0.193	0.304	0.133	1.448	0.167	0.179	0.613	0.589	0.387	0.411	30
15	7388	50.12	17.71	199.963	0.132	0.303	0.153	1.531	0.183	0.206	0.703	0.691	0.297	0.309	30
16	7389	50.12	17.96	200	0.091	0.299	0.153	1.544	0.181	0.206	0.713	0.704	0.287	0.296	30
17	7390	50.12	18.21	199.999	0.08	0.285	0.142	1.538	0.17	0.19	0.596	0.583	0.404	0.417	30
18	7391	50.12	18.46	199.996	0.092	0.271	0.126	1.532	0.145	0.162	0.473	0.458	0.527	0.542	30
19	7392	50.12	18.71	199.999	0.091	0.274	0.127	1.533	0.145	0.163	0.49	0.477	0.51	0.523	30
20	7393	50.12	18.96	199.999	0.095	0.277	0.128	1.529	0.143	0.161	0.481	0.467	0.519	0.533	30
21	7394	50.12	19.21	199.993	0.093	0.282	0.132	1.526	0.156	0.173	0.516	0.503	0.484	0.497	30
22	7395	50.12	19.46	199.997	0.113	0.286	0.132	1.52	0.16	0.177	0.569	0.553	0.431	0.447	30
23	7396	50.12	19.71	199.997	0.118	0.294	0.142	1.522	0.177	0.197	0.647	0.63	0.353	0.37	30
24	7397	50.12	19.96	199.998	0.107	0.296	0.15	1.524	0.187	0.204	0.662	0.647	0.338	0.353	30
25	7398	50.12	20.21	200	0.092	0.293	0.15	1.517	0.181	0.196	0.637	0.623	0.363	0.377	30
26	7399	50.12	20.46	199.999	0.084	0.28	0.14	1.514	0.166	0.182	0.575	0.563	0.426	0.437	30
27	7400	50.12	20.71	199.998	0.073	0.272	0.134	1.518	0.159	0.176	0.526	0.515	0.474	0.485	30
28	7401	50.12	20.96	199.999	0.071	0.273	0.137	1.521	0.161	0.179	0.522	0.512	0.478	0.488	30
29	7402	50.12	21.21	199.999	0.075	0.268	0.126	1.521	0.14	0.157	0.488	0.477	0.511	0.522	30
30	7403	50.12	21.46	199.998	0.082	0.272	0.127	1.524	0.142	0.16	0.507	0.495	0.492	0.505	30
31	7404	50.12	21.71	199.998	0.085	0.27	0.123	1.523	0.131	0.149	0.49	0.478	0.51	0.522	30
32	7405	50.12	21.96	199.999	0.08	0.269	0.123	1.525	0.132	0.149	0.49	0.48	0.51	0.52	30
33	7406	50.12	22.21	200	0.084	0.272	0.123	1.523	0.133	0.15	0.504	0.494	0.496	0.506	30
34	7407	50.12	22.46	199.999	0.073	0.275	0.125	1.52	0.131	0.148	0.529	0.518	0.471	0.482	30
35	7408	50.12	22.71	199.991	0.07	0.269	0.12	1.519	0.125	0.14	0.478	0.466	0.522	0.534	30
36	7409	50.12	22.96	199.998	0.078	0.267	0.116	1.515	0.116	0.13	0.451	0.439	0.549	0.561	30
37	7410	50.12	23.21	199.996	0.088	0.272	0.116	1.516	0.119	0.132	0.473	0.46	0.527	0.54	30
38	7411	50.12	23.46	199.992	0.112	0.286	0.122	1.506	0.131	0.145	0.519	0.502	0.481	0.498	30
39	7412	50.12	23.71	199.997	0.111	0.294	0.132	1.494	0.151	0.165	0.566	0.549	0.434	0.451	30
40	7413	50.12	23.96	199.999	0.089	0.29	0.135	1.499	0.153	0.168	0.551	0.538	0.449	0.461	30
41	7414	50.12	24.21	199.997	0.079	0.29	0.136	1.5	0.156	0.172	0.54	0.53	0.46	0.47	30
42	7415	50.12	24.46	199.998	0.071	0.295	0.14	1.499	0.159	0.182	0.539	0.531	0.461	0.469	30
43	7416	50.12	24.71	199.999	0.072	0.296	0.142	1.496	0.161	0.186	0.538	0.532	0.462	0.468	30
44	7417	50.12	24.96	199.993	0.083	0.295	0.14	1.494	0.157	0.181	0.544	0.537	0.456	0.463	30
45	7418	50.12	25.21	199.996	0.088	0.303	0.147	1.488	0.167	0.189	0.604	0.599	0.396	0.401	30
46	7419	50.12	25.46	200	0.086	0.306	0.152	1.485	0.177	0.195	0.647	0.643	0.353	0.357	30
47	7420	50.12	25.71	199.997	0.094	0.305	0.145	1.48	0.169	0.185	0.624	0.617	0.376	0.383	30
48	7421	50.12	25.96	199.988	0.099	0.305	0.139	1.468	0.167	0.178	0.624	0.612	0.376	0.388	30
49	7422	50.12	26.21	199.997	0.089	0.303	0.143	1.473	0.166	0.177	0.626	0.616	0.374	0.384	30
50	7423	50.12	26.46	200	0.083	0.302	0.145	1.48	0.163	0.174	0.607	0.598	0.393	0.402	30
51	7424	50.12	26.71	199.997	0.082	0.303	0.142	1.477	0.158	0.169	0.58	0.57	0.42	0.43	30
52	7425	50.12	26.96	199.996	0.079	0.304	0.142	1.475	0.164	0.175	0.609	0.598	0.391	0.402	30
53	7426	50.12	27.21	200	0.075	0.303	0.14	1.468	0.163	0.172	0.601	0.588	0.399	0.412	30
54	7427	50.12	27.46	199.999	0.071	0.299	0.138	1.475	0.148	0.158	0.557	0.545	0.443	0.455	30
55	7428	50.12	27.71	199.984	0.07	0.296	0.134	1.477	0.142	0.152	0.531	0.52	0.469	0.48	30
56	7429	50.12	27.96	199.999	0.071	0.298	0.137	1.477	0.15	0.159	0.567	0.555	0.433	0.444	30
57	7430	50.12	28.21	200	0.074	0.292	0.132	1.494	0.137	0.149	0.544	0.534	0.456	0.466	30
58	7431	50.12	28.46	200	0.072	0.291	0.13	1.494	0.135	0.149	0.535	0.523	0.465	0.477	30
59	7432	50.12	28.71	200	0.067	0.3	0.141	1.485	0.15	0.162	0.581	0.573	0.419	0.427	30
60	7433	50.12	28.96	199.999	0.067	0.295	0.138	1.488	0.141	0.152	0.549	0.54	0.452	0.46	30
61	7434	50.12	29.21	199.997	0.063	0.296	0.14	1.495	0.142	0.152	0.556	0.547	0.444	0.454	30
62	7435	50.12	29.46	200	0.058	0.296	0.144	1.485	0.144	0.151	0.559	0.549	0.441	0.451	30
63	7436	50.12	29.71	200	0.06	0.292	0.141	1.486	0.135	0.144	0.533	0.524	0.467	0.476	30
64	7437	50.12	29.96	200	0.062	0.294	0.142	1.483	0.141	0.149	0.553	0.544	0.447	0.456	30
65	7438	50.12	30.21	200	0.059	0.3	0.147	1.472	0.156	0.163	0.596	0.587	0.404	0.413	30
66	7439	50.12	30.46	199.997	0.059	0.293	0.143	1.488	0.165	0.172	0.602	0.592	0.398	0.408	30
67	7440	50.12	30.71	199.884	0.054	0.296	0.142	1.489	0.174	0.182	0.586	0.576	0.414	0.424	30
68	7441	50.12	30.96	199.893	0.048	0.289	0.134	1.488	0.16	0.168	0.547	0.536	0.453	0.464	30
69	7442	50.12	31.21	199.952	0.038	0.293	0.137	1.477	0.16	0.167	0.547	0.536	0.453	0.464	30
70	7443	50.12	31.46	199.77	0.038	0.298	0.141	1.47	0.174	0.18	0.568	0.557	0.432	0.443	30
71	7444	50.12	31.71	199.932	0.036	0.307	0.147	1.45	0.189	0.194	0.622	0.613	0.378	0.387	30
72	7445	50.12	31.96	200	0.036	0.321	0.154	1.418	0.203	0.206	0.683	0.674	0.317	0.326	30
73	7446	50.12	32.21	200	0.034	0.323	0.153	1.407	0.196	0.197	0.671	0.661	0.329	0.34	30
74	7447	50.12	32.46	200	0.033	0.322	0.151	1.425	0.188	0.19	0.655	0.645	0.346	0.356	30
75	7448	50.12	32.71	200	0.039	0.313	0.15	1.444	0.187	0.191	0.644	0.635	0.356	0.365	30
76	7449	50.12	32.96	199.999	0.046	0.3	0.146	1.476	0.186	0.193	0.629	0.62	0.371	0.381	30
77	7450	50.12	33.21	199.999	0.038	0.311	0.152	1.453	0.192	0.197	0.657	0.649	0.343	0.352	30
78	7451	50.12	33.46	200	0.037	0.321	0.157	1.434	0.201	0.205	0.681	0.674	0.319	0.327	30
79	7452	50.12	33.71	200	0.036	0.319	0.155	1.445	0.204	0.209	0.675	0.666	0.325	0.334	30
80	7453	50.12	33.96	200	0.038	0.313	0.148	1.456	0.195	0.201	0.627	0.619	0.373	0.381	30
81	7454	50.12	34.21	200	0.04	0.319	0.158	1.439	0.21	0.214	0.674	0.666	0.326	0.334	30
82	7455	50.12	34.46	200	0.038	0.32	0.164	1.434	0.218	0.221	0.706	0.696	0.294	0.304	30
83	7456	50.12	34.71	199.999	0.035	0.311	0.154	1.458	0.206	0.213	0.655	0.645	0.345	0.355	30
84	7457	49.87	1.46	199.963	0.139	0.324	0.169	1.508	0.216	0.238	0.774	0.753	0.226	0.247	30
85	7458	49.87	1.71	199.986	0.132	0.32	0.166	1.52	0.21	0.228	0.783	0.762	0.216	0.238	30
86	7459	49.87	1.96	200	0.125	0.32	0.171	1.531	0.218	0.235	0.812	0.795	0.187	0.205	30
87	7460	49.87	2.21	200	0.127	0.318	0.175	1.537	0.222	0.242	0.807	0.791	0.192	0.209	30
88	7461	49.87	2.46	200	0.121	0.316	0.172	1.539	0.219	0.235	0.808	0.788	0.192	0.211	30
89	7462	49.87	2.71	200	0.117	0.314	0.164	1.543	0.209	0.221	0.81	0.784	0.19	0.216	30
90	7463	49.87	2.96	200	0.115	0.311	0.164	1.545	0.208	0.22	0.79	0.764	0.21	0.235	30
91	7464	49.87	3.21	200	0.118	0.314	0.17	1.544	0.214	0.229	0.799	0.78	0.2	0.22	30
92	7465	49.87	3.46	200	0.122	0.318	0.175	1.542	0.219	0.235	0.819	0.803	0.181	0.197	30
93	7466	49.87	3.71	199.995	0.122	0.322	0.176	1.532	0.218	0.238	0.822	0.806	0.178	0.194	30
94	7467	49.87	3.96	199.97	0.133	0.325	0.174	1.518	0.217	0.238	0.8	0.783	0.2	0.217	30
95	7468	49.87	4.21	199.946	0.147	0.328	0.172	1.508	0.214	0.234	0.764	0.747	0.236	0.253	30
96	7469	49.87	4.46	199.797	0.164	0.326	0.166	1.493	0.208	0.226	0.71	0.692	0.29	0.308	30
97	7470	49.87	4.71	199.379	0.185	0.319	0.154	1.475	0.191	0.204	0.659	0.639	0.34	0.361	30
98	7471	49.87	4.96	199.643	0.191	0.32	0.149	1.47	0.184	0.198	0.647	0.627	0.352	0.373	30
99	7472	49.87	5.21	199.743	0.189	0.323	0.149	1.466	0.183	0.198	0.645	0.625	0.355	0.375	30
100	7473	49.87	5.46	199.546	0.193	0.324	0.149	1.458	0.186	0.201	0.647	0.63	0.352	0.37	30
101	7474	49.87	5.71	199.771	0.195	0.321	0.15	1.474	0.191	0.205	0.649	0.632	0.35	0.368	30
102	7475	49.87	5.96	199.944	0.194	0.319	0.155	1.5	0.201	0.216	0.655	0.637	0.344	0.363	30
103	7476	49.87	6.21	199.919	0.193	0.322	0.165	1.514	0.218	0.238	0.669	0.655	0.331	0.345	30
104	7477	49.87	6.46	199.87	0.186	0.316	0.166	1.519	0.223	0.24	0.678	0.666	0.322	0.334	30
105	7478	49.87	6.71	199.781	0.193	0.305	0.149	1.513	0.2	0.213	0.643	0.626	0.357	0.374	30
106	7479	49.87	6.96	199.723	0.204	0.305	0.145	1.498	0.187	0.199	0.633	0.613	0.367	0.386	30
107	7480	49.87	7.21	199.537	0.211	0.309	0.146	1.49	0.185	0.198	0.641	0.62	0.359	0.38	30
108	7481	49.87	7.46	199.923	0.2	0.311	0.154	1.511	0.192	0.207	0.664	0.645	0.336	0.355	30
109	7482	49.87	7.71	199.964	0.189	0.309	0.157	1.51	0.196	0.21	0.659	0.641	0.341	0.359	30
110	7483	49.87	7.96	199.98	0.149	0.306	0.164	1.513	0.214	0.226	0.683	0.672	0.317	0.328	30
111	7484	49.87	8.21	199.991	0.118	0.306	0.169	1.516	0.227	0.237	0.69	0.681	0.31	0.319	30
112	7485	49.87	8.46	199.997	0.086	0.284	0.149	1.522	0.205	0.211	0.559	0.542	0.441	0.458	30
113	7486	49.87	8.71	199.999	0.122	0.283	0.141	1.53	0.177	0.191	0.559	0.542	0.441	0.458	30
114	7487	49.87	8.96	199.995	0.143	0.287	0.14	1.526	0.173	0.19	0.593	0.575	0.407	0.424	30
115	7488	49.87	9.21	199.989	0.178	0.294	0.141	1.51	0.172	0.184	0.61	0.588	0.39	0.412	30
116	7489	49.87	9.46	199.98	0.196	0.305	0.146	1.493	0.18	0.19	0.623	0.603	0.376	0.397	30
117	7490	49.87	9.71	199.997	0.168	0.316	0.174	1.519	0.229	0.25	0.704	0.697	0.296	0.303	30
118	7491	49.87	9.96	200	0.15	0.315	0.178	1.522	0.234	0.254	0.712	0.708	0.288	0.292	30
119	7492	49.87	10.21	200	0.129	0.304	0.167	1.525	0.214	0.231	0.655	0.651	0.345	0.349	30
120	7493	49.87	10.46	200	0.159	0.306	0.159	1.52	0.203	0.219	0.634	0.625	0.366	0.375	30
121	7494	49.87	10.71	200	0.156	0.3	0.149	1.521	0.191	0.208	0.598	0.59	0.401	0.41	30
122	7495	49.87	10.96	199.999	0.151	0.3	0.154	1.518	0.202	0.218	0.616	0.608	0.384	0.392	30
123	7496	49.87	11.21	199.999	0.177	0.315	0.166	1.509	0.223	0.243	0.657	0.645	0.342	0.355	30
124	7497	49.87	11.46	199.967	0.181	0.309	0.154	1.504	0.197	0.216	0.617	0.603	0.382	0.397	30
125	7498	49.87	11.71	199.403	0.183	0.301	0.141	1.491	0.174	0.189	0.577	0.558	0.423	0.442	30
126	7499	49.87	11.96	199.02	0.188	0.295	0.129	1.475	0.155	0.168	0.543	0.519	0.457	0.481	30
127	7500	49.87	12.21	199.559	0.182	0.29	0.127	1.482	0.149	0.162	0.535	0.51	0.465	0.49	30
128	7501	49.87	12.46	198.958	0.194	0.291	0.123	1.453	0.146	0.156	0.53	0.498	0.47	0.501	30
129	7502	49.87	12.71	199.486	0.186	0.289	0.127	1.469	0.15	0.163	0.533	0.507	0.467	0.493	30
130	7503	49.87	12.96	199.972	0.183	0.29	0.134	1.502	0.162	0.178	0.563	0.543	0.437	0.457	30
131	7504	49.87	13.21	199.99	0.175	0.289	0.14	1.516	0.168	0.185	0.573	0.558	0.426	0.441	30
132	7505	49.87	13.46	199.998	0.168	0.286	0.141	1.529	0.168	0.186	0.577	0.564	0.423	0.436	30
133	7506	49.87	13.71	199.995	0.178	0.288	0.141	1.521	0.169	0.186	0.587	0.569	0.413	0.43	30
134	7507	49.87	13.96	199.996	0.179	0.294	0.147	1.515	0.182	0.199	0.6	0.585	0.4	0.415	30
135	7508	49.87	14.21	199.999	0.166	0.292	0.149	1.526	0.187	0.208	0.608	0.596	0.392	0.404	30
136	7509	49.87	14.46	199.999	0.157	0.286	0.144	1.535	0.179	0.199	0.602	0.59	0.397	0.41	30
137	7510	49.87	14.71	200	0.157	0.283	0.14	1.538	0.173	0.195	0.601	0.588	0.399	0.412	30
138	7511	49.87	14.96	200	0.151	0.291	0.146	1.537	0.186	0.207	0.629	0.615	0.371	0.385	30
139	7512	49.87	15.21	199.999	0.134	0.296	0.154	1.533	0.204	0.225	0.656	0.644	0.344	0.356	30
140	7513	49.87	15.46	199.999	0.127	0.294	0.155	1.536	0.2	0.223	0.637	0.628	0.363	0.372	30
141	7514	49.87	15.71	199.989	0.14	0.295	0.148	1.523	0.192	0.213	0.621	0.607	0.379	0.393	30
142	7515	49.87	15.96	199.928	0.135	0.3	0.157	1.51	0.204	0.229	0.651	0.64	0.349	0.36	30
143	7516	49.87	16.21	199.933	0.143	0.304	0.161	1.515	0.201	0.229	0.666	0.658	0.334	0.342	30
144	7517	49.87	16.46	199.851	0.157	0.303	0.153	1.508	0.19	0.214	0.651	0.641	0.349	0.359	30
145	7518	49.87	16.71	199.825	0.168	0.303	0.144	1.494	0.178	0.196	0.632	0.616	0.368	0.384	30
146	7519	49.87	16.96	199.642	0.157	0.304	0.147	1.49	0.177	0.195	0.629	0.614	0.371	0.386	30
147	7520	49.87	17.21	198.925	0.168	0.306	0.14	1.465	0.17	0.184	0.622	0.603	0.378	0.397	30
148	7521	49.87	17.46	199.67	0.173	0.303	0.134	1.471	0.167	0.181	0.619	0.599	0.381	0.401	30
149	7522	49.87	17.71	199.985	0.155	0.303	0.148	1.516	0.181	0.202	0.672	0.657	0.328	0.342	30
150	7523	49.87	17.96	200	0.124	0.302	0.154	1.538	0.186	0.209	0.692	0.679	0.308	0.321	30
151	7524	49.87	18.21	199.988	0.095	0.297	0.152	1.536	0.192	0.212	0.646	0.63	0.354	0.37	30
152	7525	49.87	18.46	199.965	0.094	0.294	0.146	1.532	0.189	0.208	0.604	0.587	0.396	0.413	30
153	7526	49.87	18.71	199.881	0.097	0.296	0.146	1.526	0.18	0.201	0.602	0.586	0.398	0.414	30
154	7527	49.87	18.96	199.518	0.118	0.299	0.144	1.505	0.176	0.194	0.592	0.573	0.408	0.427	30
155	7528	49.87	19.21	199.582	0.126	0.303	0.146	1.502	0.184	0.201	0.619	0.598	0.381	0.402	30
156	7529	49.87	19.46	199.645	0.141	0.304	0.146	1.497	0.187	0.203	0.644	0.622	0.356	0.378	30
157	7530	49.87	19.71	199.669	0.141	0.305	0.146	1.5	0.191	0.209	0.663	0.641	0.337	0.359	30
158	7531	49.87	19.96	199.632	0.139	0.307	0.149	1.501	0.19	0.208	0.671	0.649	0.329	0.351	30
159	7532	49.87	20.21	199.742	0.128	0.304	0.15	1.507	0.188	0.207	0.671	0.652	0.329	0.348	30
160	7533	49.87	20.46	199.928	0.128	0.3	0.147	1.513	0.182	0.203	0.651	0.633	0.349	0.367	30
161	7534	49.87	20.71	199.966	0.118	0.294	0.143	1.521	0.175	0.195	0.636	0.618	0.364	0.382	30
162	7535	49.87	20.96	199.984	0.115	0.296	0.145	1.518	0.175	0.195	0.653	0.636	0.347	0.364	30
163	7536	49.87	21.21	199.99	0.115	0.296	0.143	1.517	0.17	0.189	0.655	0.637	0.345	0.362	30
164	7537	49.87	21.46	199.989	0.113	0.3	0.145	1.517	0.179	0.198	0.666	0.647	0.334	0.353	30
165	7538	49.87	21.71	199.993	0.112	0.304	0.145	1.509	0.177	0.196	0.668	0.649	0.332	0.351	30
166	7539	49.87	21.96	199.991	0.114	0.305	0.143	1.507	0.175	0.193	0.661	0.642	0.339	0.358	30
167	7540	49.87	22.21	199.985	0.118	0.306	0.143	1.505	0.175	0.192	0.663	0.641	0.338	0.359	30
168	7541	49.87	22.46	199.979	0.117	0.304	0.143	1.499	0.172	0.189	0.654	0.632	0.346	0.368	30
169	7542	49.87	22.71	199.997	0.089	0.297	0.142	1.506	0.168	0.184	0.64	0.622	0.36	0.378	30
170	7543	49.87	22.96	200	0.064	0.285	0.135	1.511	0.16	0.176	0.568	0.554	0.432	0.446	30
171	7544	49.87	23.21	200	0.071	0.277	0.126	1.511	0.149	0.164	0.532	0.518	0.468	0.482	30
172	7545	49.87	23.46	200	0.091	0.284	0.127	1.508	0.147	0.161	0.551	0.535	0.449	0.465	30
173	7546	49.87	23.71	200	0.104	0.292	0.13	1.497	0.155	0.167	0.573	0.554	0.426	0.446	30
174	7547	49.87	23.96	200	0.103	0.297	0.139	1.501	0.165	0.18	0.609	0.591	0.391	0.409	30
175	7548	49.87	24.21	200	0.089	0.299	0.145	1.496	0.178	0.195	0.642	0.629	0.358	0.37	30
176	7549	49.87	24.46	200	0.08	0.306	0.152	1.493	0.191	0.213	0.651	0.64	0.349	0.36	30
177	7550	49.87	24.71	200	0.088	0.311	0.155	1.488	0.198	0.22	0.663	0.652	0.337	0.348	30
178	7551	49.87	24.96	199.999	0.108	0.312	0.152	1.488	0.188	0.208	0.67	0.658	0.33	0.342	30
179	7552	49.87	25.21	200	0.109	0.312	0.148	1.482	0.185	0.202	0.686	0.673	0.314	0.327	30
180	7553	49.87	25.46	200	0.103	0.309	0.146	1.479	0.185	0.199	0.69	0.68	0.31	0.32	30
181	7554	49.87	25.71	200	0.1	0.306	0.146	1.474	0.184	0.195	0.689	0.679	0.311	0.322	30
182	7555	49.87	25.96	200	0.086	0.31	0.15	1.461	0.188	0.198	0.692	0.681	0.308	0.319	30
183	7556	49.87	26.21	200	0.079	0.315	0.153	1.451	0.192	0.203	0.693	0.683	0.307	0.317	30
184	7557	49.87	26.46	200	0.078	0.315	0.154	1.45	0.196	0.204	0.686	0.675	0.314	0.325	30
185	7558	49.87	26.71	200	0.077	0.316	0.153	1.458	0.193	0.2	0.69	0.679	0.31	0.321	30
186	7559	49.87	26.96	200	0.077	0.315	0.153	1.464	0.194	0.2	0.7	0.688	0.3	0.312	30
187	7560	49.87	27.21	200	0.073	0.311	0.151	1.459	0.192	0.199	0.695	0.684	0.305	0.316	30
188	7561	49.87	27.46	200	0.067	0.31	0.15	1.451	0.187	0.193	0.672	0.661	0.328	0.339	30
189	7562	49.87	27.71	200	0.064	0.31	0.147	1.447	0.179	0.185	0.65	0.638	0.35	0.362	30
190	7563	49.87	27.96	200	0.064	0.31	0.148	1.455	0.179	0.186	0.659	0.647	0.341	0.353	30
191	7564	49.87	28.21	200	0.068	0.308	0.146	1.468	0.175	0.184	0.653	0.643	0.347	0.357	30
192	7565	49.87	28.46	200	0.068	0.304	0.143	1.471	0.173	0.182	0.641	0.631	0.359	0.369	30
193	7566	49.87	28.71	200	0.068	0.308	0.148	1.466	0.174	0.184	0.653	0.645	0.347	0.355	30
194	7567	49.87	28.96	200	0.067	0.309	0.15	1.462	0.172	0.182	0.65	0.64	0.351	0.36	30
195	7568	49.87	29.21	200	0.065	0.308	0.151	1.471	0.171	0.179	0.653	0.642	0.348	0.358	30
196	7569	49.87	29.46	200	0.064	0.306	0.152	1.471	0.162	0.169	0.618	0.607	0.382	0.393	30
197	7570	49.87	29.71	200	0.06	0.309	0.155	1.469	0.164	0.173	0.618	0.609	0.382	0.391	30
198	7571	49.87	29.96	200	0.054	0.31	0.154	1.465	0.168	0.176	0.616	0.606	0.384	0.394	30
199	7572	49.87	30.21	200	0.053	0.313	0.159	1.457	0.179	0.186	0.641	0.631	0.359	0.369	30
200	7573	49.87	30.46	200	0.052	0.312	0.158	1.451	0.187	0.194	0.661	0.651	0.339	0.349	30
201	7574	49.87	30.71	199.994	0.05	0.312	0.156	1.441	0.191	0.197	0.666	0.656	0.334	0.344	30
202	7575	49.87	30.96	199.974	0.052	0.309	0.151	1.453	0.186	0.192	0.647	0.637	0.353	0.364	30
203	7576	49.87	31.21	199.944	0.051	0.299	0.143	1.481	0.176	0.184	0.607	0.595	0.393	0.405	30
204	7577	49.87	31.46	199.35	0.057	0.299	0.136	1.489	0.174	0.184	0.565	0.554	0.435	0.446	30
205	7578	49.87	31.71	199.767	0.038	0.304	0.144	1.453	0.181	0.185	0.587	0.576	0.413	0.424	30
206	7579	49.87	31.96	200	0.033	0.317	0.154	1.421	0.204	0.205	0.659	0.647	0.342	0.353	30
207	7580	49.87	32.21	200	0.033	0.325	0.156	1.395	0.208	0.206	0.682	0.67	0.318	0.33	30
208	7581	49.87	32.46	200	0.034	0.327	0.156	1.402	0.205	0.205	0.683	0.672	0.317	0.329	30
209	7582	49.87	32.71	200	0.036	0.324	0.154	1.43	0.204	0.207	0.661	0.651	0.339	0.35	30
210	7583	49.87	32.96	200	0.04	0.318	0.152	1.454	0.202	0.207	0.647	0.639	0.353	0.361	30
211	7584	49.87	33.21	200	0.037	0.324	0.158	1.438	0.208	0.211	0.678	0.67	0.322	0.33	30
212	7585	49.87	33.46	200	0.035	0.325	0.159	1.437	0.215	0.218	0.679	0.671	0.321	0.33	30
213	7586	49.87	33.71	200	0.036	0.322	0.158	1.438	0.219	0.222	0.677	0.669	0.323	0.331	30
214	7587	49.87	33.96	200	0.036	0.315	0.155	1.456	0.209	0.215	0.654	0.646	0.346	0.354	30
215	7588	49.87	34.21	200	0.036	0.329	0.17	1.431	0.236	0.238	0.718	0.71	0.282	0.29	30
216	7589	49.87	34.46	200	0.037	0.323	0.167	1.438	0.229	0.232	0.704	0.695	0.296	0.306	30
217	7590	49.87	34.71	199.999	0.032	0.31	0.15	1.46	0.205	0.212	0.628	0.62	0.372	0.38	30
218	7591	49.62	-1.79	199.909	0.116	0.318	0.148	1.442	0.187	0.206	0.634	0.614	0.366	0.386	30
219	7592	49.62	-1.54	199.871	0.122	0.321	0.148	1.443	0.177	0.198	0.635	0.618	0.366	0.382	30
220	7593	49.62	-1.29	199.788	0.108	0.318	0.15	1.442	0.206	0.219	0.637	0.614	0.363	0.387	30
221	7594	49.62	0.460000000000001	199.983	0.112	0.315	0.155	1.504	0.199	0.213	0.74	0.714	0.26	0.286	30
222	7595	49.62	0.710000000000001	199.992	0.115	0.316	0.155	1.506	0.195	0.212	0.746	0.723	0.254	0.277	30
223	7596	49.62	0.960000000000001	199.994	0.12	0.316	0.157	1.5	0.198	0.216	0.752	0.731	0.248	0.269	30
224	7597	49.62	1.21	199.98	0.131	0.321	0.162	1.498	0.203	0.224	0.766	0.747	0.233	0.253	30
225	7598	49.62	1.46	199.946	0.136	0.326	0.167	1.502	0.213	0.235	0.776	0.757	0.223	0.243	30
226	7599	49.62	1.71	199.949	0.13	0.325	0.168	1.511	0.212	0.232	0.788	0.769	0.212	0.231	30
227	7600	49.62	1.96	199.999	0.129	0.326	0.172	1.524	0.214	0.232	0.816	0.801	0.183	0.199	30
228	7601	49.62	2.21	200	0.128	0.326	0.18	1.535	0.228	0.247	0.837	0.824	0.163	0.175	30
229	7602	49.62	2.46	200	0.123	0.321	0.175	1.54	0.224	0.243	0.822	0.804	0.178	0.196	30
230	7603	49.62	2.71	200	0.117	0.309	0.164	1.544	0.207	0.222	0.769	0.744	0.231	0.256	30
231	7604	49.62	2.96	200	0.12	0.301	0.156	1.538	0.187	0.203	0.693	0.67	0.307	0.33	30
232	7605	49.62	3.21	200	0.12	0.299	0.157	1.538	0.186	0.201	0.674	0.653	0.326	0.347	30
233	7606	49.62	3.46	200	0.13	0.304	0.163	1.536	0.2	0.217	0.701	0.682	0.299	0.318	30
234	7607	49.62	3.71	200	0.123	0.308	0.169	1.539	0.215	0.232	0.73	0.712	0.27	0.288	30
235	7608	49.62	3.96	199.998	0.125	0.317	0.179	1.538	0.235	0.254	0.779	0.765	0.221	0.235	30
236	7609	49.62	4.21	199.974	0.13	0.324	0.186	1.531	0.251	0.271	0.803	0.79	0.198	0.21	30
237	7610	49.62	4.46	199.898	0.134	0.321	0.183	1.522	0.245	0.265	0.765	0.751	0.235	0.249	30
238	7611	49.62	4.71	199.929	0.15	0.321	0.178	1.519	0.238	0.257	0.721	0.706	0.279	0.294	30
239	7612	49.62	4.96	199.879	0.162	0.324	0.174	1.507	0.235	0.255	0.71	0.696	0.29	0.303	30
240	7613	49.62	5.21	199.81	0.167	0.329	0.175	1.491	0.235	0.256	0.705	0.693	0.295	0.307	30
241	7614	49.62	5.46	199.789	0.174	0.331	0.174	1.491	0.23	0.254	0.692	0.68	0.308	0.32	30
242	7615	49.62	5.71	199.878	0.171	0.329	0.175	1.502	0.233	0.255	0.696	0.683	0.304	0.317	30
243	7616	49.62	5.96	199.953	0.166	0.328	0.182	1.517	0.241	0.263	0.707	0.695	0.293	0.305	30
244	7617	49.62	6.21	199.982	0.163	0.325	0.182	1.524	0.242	0.264	0.708	0.697	0.291	0.303	30
245	7618	49.62	6.46	199.97	0.177	0.315	0.17	1.526	0.231	0.249	0.693	0.681	0.307	0.319	30
246	7619	49.62	6.71	199.709	0.204	0.305	0.146	1.496	0.19	0.201	0.638	0.618	0.362	0.382	30
247	7620	49.62	6.96	199.581	0.213	0.308	0.14	1.476	0.18	0.189	0.628	0.603	0.371	0.396	30
248	7621	49.62	7.21	199.745	0.21	0.311	0.144	1.49	0.183	0.195	0.634	0.612	0.365	0.387	30
249	7622	49.62	7.46	199.993	0.195	0.312	0.153	1.517	0.193	0.208	0.647	0.631	0.352	0.369	30
250	7623	49.62	7.71	199.999	0.18	0.309	0.159	1.525	0.196	0.211	0.658	0.643	0.342	0.356	30
251	7624	49.62	7.96	199.995	0.167	0.307	0.159	1.516	0.203	0.217	0.677	0.663	0.322	0.337	30
252	7625	49.62	8.21	199.997	0.116	0.302	0.162	1.517	0.223	0.232	0.669	0.657	0.331	0.343	30
253	7626	49.62	8.46	199.999	0.08	0.283	0.147	1.524	0.211	0.217	0.555	0.536	0.445	0.464	30
254	7627	49.62	8.71	199.971	0.156	0.294	0.144	1.519	0.188	0.201	0.598	0.578	0.402	0.422	30
255	7628	49.62	8.96	199.953	0.202	0.301	0.14	1.495	0.174	0.186	0.611	0.588	0.389	0.412	30
256	7629	49.62	9.21	199.969	0.192	0.304	0.144	1.501	0.18	0.194	0.629	0.61	0.371	0.39	30
257	7630	49.62	9.46	199.999	0.172	0.317	0.168	1.523	0.222	0.242	0.709	0.701	0.291	0.299	30
258	7631	49.62	9.71	200	0.162	0.324	0.185	1.527	0.252	0.276	0.751	0.747	0.249	0.253	30
259	7632	49.62	9.96	200	0.143	0.322	0.182	1.529	0.241	0.264	0.759	0.756	0.241	0.244	30
260	7633	49.62	10.21	200	0.138	0.315	0.174	1.529	0.225	0.244	0.712	0.708	0.288	0.292	30
261	7634	49.62	10.46	200	0.154	0.307	0.159	1.523	0.207	0.223	0.633	0.626	0.367	0.374	30
262	7635	49.62	10.71	200	0.143	0.296	0.148	1.527	0.189	0.205	0.583	0.577	0.417	0.423	30
263	7636	49.62	10.96	200	0.134	0.29	0.145	1.519	0.188	0.202	0.564	0.559	0.435	0.441	30
264	7637	49.62	11.21	200	0.165	0.304	0.153	1.51	0.204	0.22	0.615	0.604	0.385	0.396	30
265	7638	49.62	11.46	199.989	0.188	0.314	0.159	1.503	0.203	0.226	0.631	0.615	0.369	0.385	30
266	7639	49.62	11.71	199.974	0.177	0.308	0.153	1.508	0.185	0.209	0.592	0.578	0.408	0.422	30
267	7640	49.62	11.96	199.86	0.173	0.294	0.138	1.51	0.161	0.178	0.542	0.528	0.458	0.472	30
268	7641	49.62	12.21	199.798	0.182	0.287	0.132	1.505	0.154	0.167	0.539	0.518	0.461	0.482	30
269	7642	49.62	12.46	199.45	0.198	0.291	0.125	1.465	0.147	0.157	0.528	0.498	0.472	0.502	30
270	7643	49.62	12.71	199.634	0.191	0.291	0.13	1.485	0.156	0.17	0.543	0.519	0.457	0.481	30
271	7644	49.62	12.96	199.97	0.172	0.292	0.143	1.532	0.173	0.193	0.583	0.571	0.417	0.429	30
272	7645	49.62	13.21	199.984	0.158	0.292	0.148	1.532	0.179	0.199	0.594	0.584	0.406	0.415	30
273	7646	49.62	13.46	199.995	0.17	0.289	0.146	1.527	0.178	0.197	0.595	0.582	0.405	0.417	30
274	7647	49.62	13.71	199.936	0.187	0.286	0.133	1.495	0.16	0.175	0.56	0.54	0.44	0.46	30
275	7648	49.62	13.96	199.981	0.175	0.286	0.135	1.5	0.161	0.178	0.555	0.54	0.445	0.46	30
276	7649	49.62	14.21	200	0.17	0.279	0.132	1.529	0.158	0.176	0.55	0.534	0.45	0.466	30
277	7650	49.62	14.46	200	0.168	0.279	0.135	1.535	0.165	0.184	0.569	0.554	0.431	0.446	30
278	7651	49.62	14.71	199.997	0.168	0.284	0.137	1.534	0.165	0.184	0.58	0.564	0.419	0.436	30
279	7652	49.62	14.96	199.99	0.171	0.286	0.135	1.526	0.162	0.179	0.58	0.559	0.42	0.441	30
280	7653	49.62	15.21	199.994	0.167	0.285	0.134	1.523	0.163	0.181	0.578	0.558	0.422	0.442	30
281	7654	49.62	15.46	199.997	0.165	0.286	0.135	1.522	0.16	0.178	0.57	0.551	0.43	0.449	30
282	7655	49.62	15.71	199.972	0.169	0.288	0.136	1.517	0.158	0.174	0.563	0.543	0.437	0.457	30
283	7656	49.62	15.96	199.826	0.178	0.29	0.129	1.479	0.151	0.165	0.549	0.526	0.451	0.474	30
284	7657	49.62	16.21	199.93	0.179	0.291	0.134	1.491	0.159	0.175	0.571	0.551	0.429	0.449	30
285	7658	49.62	16.46	199.959	0.172	0.296	0.145	1.51	0.176	0.195	0.612	0.597	0.388	0.403	30
286	7659	49.62	16.71	199.962	0.169	0.3	0.146	1.508	0.18	0.198	0.625	0.612	0.374	0.388	30
287	7660	49.62	16.96	199.989	0.144	0.304	0.152	1.512	0.19	0.21	0.651	0.642	0.349	0.358	30
288	7661	49.62	17.21	199.955	0.105	0.31	0.163	1.508	0.211	0.228	0.685	0.676	0.315	0.324	30
289	7662	49.62	17.46	199.868	0.138	0.303	0.149	1.498	0.191	0.207	0.657	0.64	0.343	0.36	30
290	7663	49.62	17.71	199.964	0.145	0.303	0.152	1.511	0.196	0.215	0.678	0.664	0.322	0.336	30
291	7664	49.62	17.96	199.927	0.128	0.304	0.158	1.526	0.202	0.223	0.699	0.686	0.301	0.314	30
292	7665	49.62	18.21	199.648	0.138	0.306	0.152	1.501	0.198	0.215	0.664	0.646	0.336	0.354	30
293	7666	49.62	18.46	199.188	0.168	0.308	0.142	1.459	0.179	0.192	0.62	0.598	0.38	0.402	30
294	7667	49.62	18.71	199.218	0.178	0.311	0.143	1.454	0.181	0.195	0.625	0.602	0.374	0.398	30
295	7668	49.62	18.96	198.132	0.199	0.314	0.14	1.433	0.177	0.187	0.615	0.587	0.384	0.413	30
296	7669	49.62	19.21	197.673	0.197	0.314	0.141	1.43	0.181	0.191	0.616	0.588	0.384	0.412	30
297	7670	49.62	19.46	197.365	0.204	0.316	0.138	1.421	0.174	0.183	0.605	0.573	0.395	0.426	30
298	7671	49.62	19.71	198.454	0.185	0.315	0.141	1.443	0.181	0.192	0.621	0.594	0.379	0.405	30
299	7672	49.62	19.96	198.304	0.181	0.316	0.144	1.448	0.185	0.198	0.634	0.609	0.366	0.391	30
300	7673	49.62	20.21	197.43	0.197	0.314	0.142	1.439	0.18	0.192	0.626	0.598	0.374	0.402	30
301	7674	49.62	20.46	198.926	0.18	0.311	0.147	1.473	0.188	0.203	0.651	0.628	0.348	0.372	30
302	7675	49.62	20.71	199.346	0.163	0.306	0.146	1.491	0.188	0.204	0.655	0.634	0.345	0.366	30
303	7676	49.62	20.96	199.4	0.169	0.306	0.144	1.479	0.181	0.196	0.655	0.634	0.345	0.366	30
304	7677	49.62	21.21	199.795	0.161	0.305	0.143	1.481	0.181	0.197	0.654	0.63	0.346	0.37	30
305	7678	49.62	21.46	199.932	0.143	0.304	0.144	1.487	0.185	0.201	0.657	0.635	0.343	0.365	30
306	7679	49.62	21.71	199.906	0.126	0.306	0.144	1.486	0.186	0.202	0.667	0.646	0.333	0.353	30
307	7680	49.62	21.96	199.915	0.123	0.307	0.146	1.492	0.189	0.205	0.673	0.653	0.327	0.347	30
308	7681	49.62	22.21	199.934	0.138	0.309	0.144	1.486	0.186	0.201	0.659	0.634	0.341	0.366	30
309	7682	49.62	22.46	199.787	0.161	0.313	0.141	1.459	0.184	0.197	0.64	0.61	0.36	0.39	30
310	7683	49.62	22.71	199.827	0.146	0.311	0.144	1.471	0.188	0.202	0.659	0.632	0.341	0.368	30
311	7684	49.62	22.96	199.873	0.105	0.301	0.142	1.503	0.186	0.201	0.66	0.638	0.34	0.361	30
312	7685	49.62	23.21	199.981	0.086	0.297	0.138	1.504	0.181	0.195	0.646	0.626	0.354	0.374	30
313	7686	49.62	23.46	199.998	0.079	0.297	0.136	1.498	0.176	0.188	0.612	0.594	0.388	0.406	30
314	7687	49.62	23.71	200	0.074	0.292	0.133	1.497	0.169	0.18	0.577	0.56	0.423	0.439	30
315	7688	49.62	23.96	200	0.096	0.293	0.137	1.506	0.171	0.186	0.612	0.592	0.388	0.408	30
316	7689	49.62	24.21	200	0.11	0.3	0.142	1.496	0.179	0.195	0.657	0.635	0.343	0.365	30
317	7690	49.62	24.46	200	0.107	0.307	0.149	1.496	0.189	0.206	0.691	0.671	0.309	0.329	30
318	7691	49.62	24.71	200	0.114	0.31	0.149	1.488	0.193	0.21	0.699	0.68	0.302	0.32	30
319	7692	49.62	24.96	199.999	0.12	0.312	0.147	1.484	0.192	0.207	0.706	0.69	0.295	0.31	30
320	7693	49.62	25.21	200	0.1	0.317	0.15	1.475	0.195	0.208	0.719	0.708	0.281	0.292	30
321	7694	49.62	25.46	200	0.095	0.315	0.151	1.469	0.194	0.205	0.71	0.7	0.29	0.3	30
322	7695	49.62	25.71	200	0.097	0.313	0.153	1.468	0.193	0.202	0.701	0.691	0.299	0.309	30
323	7696	49.62	25.96	200	0.089	0.315	0.154	1.457	0.197	0.204	0.707	0.695	0.294	0.305	30
324	7697	49.62	26.21	200	0.083	0.317	0.153	1.445	0.2	0.206	0.703	0.691	0.297	0.309	30
325	7698	49.62	26.46	200	0.076	0.315	0.151	1.439	0.196	0.202	0.691	0.678	0.309	0.322	30
326	7699	49.62	26.71	200	0.079	0.312	0.15	1.446	0.194	0.2	0.702	0.69	0.299	0.311	30
327	7700	49.62	26.96	200	0.086	0.311	0.151	1.459	0.194	0.202	0.703	0.691	0.298	0.309	30
328	7701	49.62	27.21	200	0.082	0.31	0.15	1.46	0.192	0.2	0.693	0.679	0.307	0.321	30
329	7702	49.62	27.46	200	0.074	0.312	0.152	1.448	0.2	0.206	0.71	0.696	0.291	0.304	30
330	7703	49.62	27.71	200	0.068	0.315	0.151	1.446	0.201	0.207	0.704	0.691	0.296	0.309	30
331	7704	49.62	27.96	200	0.066	0.313	0.149	1.453	0.193	0.2	0.685	0.671	0.315	0.329	30
332	7705	49.62	28.21	200	0.07	0.312	0.149	1.456	0.187	0.195	0.673	0.662	0.327	0.338	30
333	7706	49.62	28.46	200	0.07	0.311	0.15	1.452	0.187	0.195	0.673	0.663	0.327	0.337	30
334	7707	49.62	28.71	200	0.066	0.315	0.154	1.452	0.196	0.204	0.694	0.683	0.306	0.317	30
335	7708	49.62	28.96	200	0.069	0.313	0.154	1.45	0.198	0.206	0.701	0.69	0.299	0.31	30
336	7709	49.62	29.21	200	0.072	0.309	0.154	1.463	0.19	0.2	0.69	0.68	0.31	0.32	30
337	7710	49.62	29.46	200	0.069	0.311	0.157	1.466	0.186	0.195	0.683	0.673	0.317	0.327	30
338	7711	49.62	29.71	200	0.063	0.313	0.16	1.463	0.186	0.196	0.673	0.664	0.327	0.336	30
339	7712	49.62	29.96	200	0.059	0.309	0.156	1.466	0.178	0.186	0.634	0.623	0.366	0.377	30
340	7713	49.62	30.21	200	0.057	0.308	0.158	1.461	0.189	0.196	0.654	0.642	0.346	0.358	30
341	7714	49.62	30.46	200	0.06	0.3	0.152	1.474	0.186	0.196	0.653	0.642	0.347	0.358	30
342	7715	49.62	30.71	199.999	0.056	0.303	0.151	1.466	0.19	0.199	0.654	0.643	0.346	0.357	30
343	7716	49.62	30.96	200	0.055	0.308	0.156	1.463	0.2	0.209	0.675	0.664	0.326	0.336	30
344	7717	49.62	31.21	200	0.053	0.305	0.151	1.471	0.193	0.2	0.653	0.642	0.347	0.358	30
345	7718	49.62	31.46	199.96	0.051	0.288	0.134	1.5	0.17	0.181	0.56	0.548	0.44	0.452	30
346	7719	49.62	31.71	199.957	0.04	0.292	0.131	1.487	0.165	0.172	0.518	0.506	0.482	0.494	30
347	7720	49.62	31.96	199.902	0.042	0.304	0.138	1.468	0.183	0.187	0.559	0.548	0.441	0.452	30
348	7721	49.62	32.21	199.954	0.037	0.317	0.148	1.44	0.204	0.205	0.632	0.621	0.368	0.379	30
349	7722	49.62	32.46	199.979	0.037	0.327	0.154	1.402	0.219	0.217	0.682	0.67	0.318	0.33	30
350	7723	49.62	32.71	199.888	0.035	0.324	0.148	1.439	0.212	0.215	0.629	0.62	0.371	0.38	30
351	7724	49.62	32.96	199.956	0.03	0.326	0.154	1.43	0.216	0.218	0.662	0.652	0.338	0.348	30
352	7725	49.62	33.21	199.999	0.033	0.328	0.158	1.425	0.215	0.217	0.675	0.666	0.325	0.335	30
353	7726	49.62	33.46	199.976	0.035	0.328	0.162	1.427	0.222	0.224	0.69	0.682	0.31	0.319	30
354	7727	49.62	33.71	199.996	0.036	0.321	0.16	1.442	0.221	0.225	0.682	0.673	0.318	0.327	30
355	7728	49.62	33.96	200	0.033	0.319	0.161	1.451	0.219	0.222	0.679	0.668	0.321	0.332	30
356	7729	49.62	34.21	200	0.03	0.324	0.168	1.444	0.234	0.235	0.704	0.693	0.296	0.307	30
357	7730	49.62	34.46	200	0.036	0.315	0.161	1.463	0.222	0.227	0.671	0.661	0.329	0.339	30
358	7731	49.62	34.71	200	0.03	0.319	0.155	1.451	0.212	0.218	0.643	0.633	0.358	0.367	30
359	7732	49.37	-1.54	199.946	0.109	0.315	0.147	1.441	0.197	0.214	0.633	0.611	0.367	0.389	30
360	7733	49.37	-1.29	199.77	0.095	0.317	0.149	1.433	0.223	0.23	0.633	0.603	0.367	0.397	30
361	7734	49.37	-1.04	199.565	0.107	0.318	0.154	1.45	0.226	0.234	0.649	0.622	0.352	0.378	30
362	7735	49.37	0.460000000000001	199.986	0.123	0.318	0.157	1.501	0.21	0.228	0.724	0.699	0.276	0.301	30
363	7736	49.37	0.710000000000001	199.998	0.124	0.315	0.153	1.509	0.199	0.217	0.715	0.692	0.285	0.308	30
364	7737	49.37	0.960000000000001	199.995	0.13	0.309	0.152	1.508	0.196	0.214	0.691	0.671	0.309	0.329	30
365	7738	49.37	1.21	199.995	0.137	0.311	0.157	1.509	0.195	0.215	0.711	0.692	0.289	0.308	30
366	7739	49.37	1.46	199.989	0.139	0.322	0.167	1.51	0.205	0.228	0.764	0.748	0.236	0.252	30
367	7740	49.37	1.71	199.991	0.137	0.323	0.173	1.517	0.215	0.238	0.779	0.764	0.221	0.236	30
368	7741	49.37	1.96	199.999	0.136	0.32	0.173	1.526	0.212	0.235	0.777	0.762	0.223	0.238	30
369	7742	49.37	2.21	199.998	0.131	0.315	0.172	1.534	0.216	0.238	0.764	0.75	0.236	0.25	30
370	7743	49.37	2.46	199.999	0.127	0.305	0.165	1.536	0.207	0.228	0.716	0.698	0.284	0.302	30
371	7744	49.37	2.71	199.999	0.118	0.3	0.158	1.538	0.193	0.211	0.678	0.658	0.322	0.342	30
372	7745	49.37	2.96	200	0.134	0.301	0.156	1.532	0.184	0.204	0.67	0.65	0.33	0.35	30
373	7746	49.37	3.21	200	0.138	0.306	0.165	1.535	0.199	0.219	0.726	0.707	0.274	0.293	30
374	7747	49.37	3.46	200	0.142	0.308	0.17	1.534	0.208	0.231	0.735	0.719	0.265	0.281	30
375	7748	49.37	3.71	200	0.143	0.31	0.174	1.533	0.222	0.242	0.744	0.729	0.256	0.271	30
376	7749	49.37	3.96	200	0.127	0.309	0.176	1.54	0.237	0.254	0.743	0.729	0.257	0.272	30
377	7750	49.37	4.21	200	0.119	0.316	0.186	1.543	0.254	0.276	0.774	0.761	0.227	0.239	30
378	7751	49.37	4.46	199.997	0.12	0.32	0.191	1.538	0.262	0.285	0.791	0.78	0.209	0.22	30
379	7752	49.37	4.71	199.989	0.134	0.316	0.179	1.531	0.247	0.264	0.744	0.728	0.256	0.272	30
380	7753	49.37	4.96	199.945	0.153	0.32	0.178	1.524	0.241	0.26	0.733	0.719	0.267	0.281	30
381	7754	49.37	5.21	199.966	0.16	0.328	0.186	1.514	0.254	0.277	0.744	0.733	0.256	0.267	30
382	7755	49.37	5.46	199.954	0.158	0.333	0.19	1.512	0.257	0.282	0.731	0.721	0.269	0.279	30
383	7756	49.37	5.71	199.99	0.143	0.334	0.199	1.518	0.27	0.296	0.755	0.747	0.245	0.253	30
384	7757	49.37	5.96	199.99	0.154	0.329	0.194	1.518	0.262	0.286	0.741	0.733	0.259	0.267	30
385	7758	49.37	6.21	199.998	0.144	0.316	0.18	1.523	0.249	0.267	0.7	0.689	0.3	0.311	30
386	7759	49.37	6.46	199.994	0.161	0.317	0.176	1.526	0.243	0.26	0.709	0.698	0.291	0.302	30
387	7760	49.37	6.71	199.958	0.171	0.304	0.157	1.517	0.208	0.222	0.651	0.638	0.348	0.362	30
388	7761	49.37	6.96	199.979	0.182	0.306	0.151	1.515	0.198	0.211	0.642	0.626	0.358	0.374	30
389	7762	49.37	7.21	199.996	0.182	0.308	0.153	1.517	0.195	0.209	0.638	0.623	0.361	0.376	30
390	7763	49.37	7.46	200	0.179	0.309	0.155	1.522	0.195	0.21	0.641	0.628	0.359	0.372	30
391	7764	49.37	7.71	199.997	0.189	0.297	0.141	1.509	0.173	0.184	0.6	0.58	0.4	0.419	30
392	7765	49.37	7.96	199.941	0.196	0.289	0.133	1.474	0.167	0.173	0.574	0.549	0.426	0.451	30
393	7766	49.37	8.21	199.96	0.119	0.284	0.14	1.507	0.185	0.194	0.569	0.553	0.431	0.447	30
394	7767	49.37	8.46	199.998	0.074	0.272	0.136	1.528	0.198	0.206	0.53	0.511	0.47	0.489	30
395	7768	49.37	8.71	199.965	0.134	0.293	0.148	1.521	0.202	0.216	0.618	0.6	0.382	0.4	30
396	7769	49.37	8.96	199.969	0.165	0.308	0.156	1.512	0.205	0.221	0.673	0.657	0.326	0.343	30
397	7770	49.37	9.21	199.977	0.153	0.314	0.167	1.52	0.225	0.245	0.7	0.688	0.3	0.312	30
398	7771	49.37	9.46	200	0.154	0.322	0.184	1.529	0.255	0.279	0.746	0.74	0.254	0.26	30
399	7772	49.37	9.71	200	0.163	0.325	0.188	1.529	0.263	0.288	0.764	0.757	0.236	0.243	30
400	7773	49.37	9.96	200	0.155	0.324	0.183	1.528	0.251	0.274	0.767	0.762	0.233	0.238	30
401	7774	49.37	10.21	200	0.149	0.317	0.172	1.526	0.229	0.249	0.722	0.716	0.278	0.284	30
402	7775	49.37	10.46	200	0.149	0.307	0.16	1.523	0.212	0.228	0.651	0.642	0.349	0.358	30
403	7776	49.37	10.71	200	0.143	0.299	0.149	1.528	0.194	0.21	0.607	0.599	0.393	0.401	30
404	7777	49.37	10.96	200	0.134	0.291	0.143	1.526	0.183	0.197	0.558	0.552	0.442	0.447	30
405	7778	49.37	11.21	200	0.151	0.289	0.136	1.518	0.172	0.183	0.545	0.534	0.455	0.466	30
406	7779	49.37	11.46	199.995	0.178	0.306	0.158	1.517	0.204	0.224	0.639	0.625	0.361	0.375	30
407	7780	49.37	11.71	199.992	0.183	0.31	0.161	1.517	0.198	0.226	0.63	0.617	0.37	0.383	30
408	7781	49.37	11.96	199.956	0.171	0.299	0.149	1.521	0.175	0.198	0.569	0.557	0.431	0.443	30
409	7782	49.37	12.21	199.963	0.17	0.285	0.135	1.518	0.16	0.176	0.534	0.519	0.466	0.481	30
410	7783	49.37	12.46	199.833	0.183	0.289	0.133	1.497	0.158	0.171	0.541	0.52	0.458	0.48	30
411	7784	49.37	12.71	199.562	0.193	0.294	0.134	1.486	0.162	0.175	0.554	0.529	0.445	0.471	30
412	7785	49.37	12.96	199.497	0.188	0.296	0.138	1.5	0.171	0.187	0.576	0.557	0.424	0.443	30
413	7786	49.37	13.21	199.185	0.183	0.297	0.14	1.495	0.177	0.193	0.59	0.571	0.41	0.429	30
414	7787	49.37	13.46	199.807	0.185	0.29	0.135	1.502	0.168	0.185	0.572	0.552	0.428	0.448	30
415	7788	49.37	13.71	199.954	0.167	0.284	0.134	1.514	0.162	0.181	0.554	0.537	0.446	0.463	30
416	7789	49.37	13.96	199.994	0.15	0.282	0.138	1.527	0.164	0.185	0.555	0.542	0.444	0.458	30
417	7790	49.37	14.21	199.998	0.156	0.279	0.135	1.529	0.157	0.175	0.542	0.525	0.458	0.475	30
418	7791	49.37	14.46	199.997	0.153	0.28	0.136	1.533	0.157	0.176	0.549	0.532	0.45	0.467	30
419	7792	49.37	14.71	199.995	0.147	0.282	0.137	1.536	0.161	0.18	0.561	0.544	0.439	0.456	30
420	7793	49.37	14.96	199.963	0.168	0.284	0.133	1.521	0.155	0.17	0.556	0.533	0.444	0.467	30
421	7794	49.37	15.21	199.966	0.173	0.284	0.13	1.51	0.154	0.17	0.552	0.528	0.448	0.472	30
422	7795	49.37	15.46	199.989	0.175	0.284	0.129	1.504	0.152	0.167	0.545	0.522	0.455	0.478	30
423	7796	49.37	15.71	199.991	0.172	0.283	0.134	1.523	0.154	0.17	0.548	0.53	0.451	0.47	30
424	7797	49.37	15.96	199.991	0.166	0.283	0.135	1.517	0.152	0.169	0.548	0.533	0.452	0.467	30
425	7798	49.37	16.21	199.996	0.169	0.284	0.138	1.52	0.16	0.176	0.572	0.556	0.428	0.444	30
426	7799	49.37	16.46	199.991	0.172	0.292	0.145	1.514	0.178	0.194	0.601	0.586	0.398	0.414	30
427	7800	49.37	16.71	199.986	0.169	0.296	0.146	1.508	0.185	0.203	0.618	0.602	0.382	0.398	30
428	7801	49.37	16.96	199.997	0.144	0.303	0.157	1.515	0.207	0.225	0.67	0.659	0.33	0.341	30
429	7802	49.37	17.21	200	0.098	0.31	0.172	1.519	0.236	0.251	0.716	0.706	0.284	0.294	30
430	7803	49.37	17.46	199.982	0.097	0.306	0.169	1.523	0.229	0.246	0.698	0.686	0.302	0.314	30
431	7804	49.37	17.71	199.956	0.139	0.306	0.161	1.509	0.213	0.231	0.69	0.674	0.31	0.326	30
432	7805	49.37	17.96	199.852	0.171	0.307	0.147	1.485	0.194	0.209	0.657	0.635	0.343	0.365	30
433	7806	49.37	18.21	199.563	0.207	0.311	0.137	1.433	0.177	0.186	0.622	0.595	0.378	0.405	30
434	7807	49.37	18.46	199.355	0.214	0.311	0.13	1.411	0.161	0.168	0.586	0.559	0.413	0.44	30
435	7808	49.37	18.71	199.255	0.201	0.313	0.137	1.436	0.176	0.186	0.616	0.59	0.384	0.41	30
436	7809	49.37	18.96	196.636	0.215	0.314	0.135	1.419	0.171	0.179	0.605	0.574	0.394	0.425	30
437	7810	49.37	19.21	194.987	0.216	0.315	0.132	1.394	0.162	0.169	0.586	0.552	0.414	0.448	30
438	7811	49.37	19.46	194.754	0.196	0.317	0.136	1.418	0.17	0.179	0.601	0.57	0.399	0.43	30
439	7812	49.37	19.71	192.633	0.196	0.315	0.132	1.406	0.161	0.17	0.575	0.546	0.425	0.454	30
440	7813	49.37	19.96	190.836	0.204	0.315	0.134	1.399	0.163	0.173	0.574	0.546	0.426	0.454	30
441	7814	49.37	20.21	191.871	0.211	0.313	0.132	1.405	0.164	0.174	0.579	0.548	0.421	0.452	30
442	7815	49.37	20.46	196.938	0.199	0.312	0.137	1.435	0.178	0.19	0.616	0.587	0.383	0.413	30
443	7816	49.37	20.71	198.329	0.2	0.31	0.136	1.44	0.179	0.189	0.622	0.593	0.378	0.407	30
444	7817	49.37	20.96	199.238	0.198	0.309	0.136	1.442	0.177	0.187	0.622	0.595	0.378	0.405	30
445	7818	49.37	21.21	199.776	0.185	0.309	0.141	1.46	0.182	0.195	0.639	0.614	0.361	0.386	30
446	7819	49.37	21.46	199.971	0.158	0.309	0.145	1.481	0.189	0.205	0.66	0.638	0.34	0.362	30
447	7820	49.37	21.71	199.803	0.151	0.313	0.145	1.472	0.194	0.209	0.671	0.645	0.329	0.355	30
448	7821	49.37	21.96	199.576	0.159	0.314	0.142	1.454	0.191	0.204	0.658	0.63	0.342	0.37	30
449	7822	49.37	22.21	199.622	0.168	0.315	0.141	1.442	0.184	0.196	0.641	0.611	0.359	0.389	30
450	7823	49.37	22.46	199.395	0.178	0.317	0.14	1.435	0.184	0.195	0.636	0.603	0.364	0.396	30
451	7824	49.37	22.71	199.111	0.18	0.317	0.14	1.431	0.186	0.197	0.634	0.602	0.366	0.398	30
452	7825	49.37	22.96	198.856	0.171	0.314	0.141	1.443	0.189	0.199	0.642	0.613	0.357	0.387	30
453	7826	49.37	23.21	199.05	0.151	0.312	0.143	1.458	0.189	0.2	0.647	0.618	0.353	0.381	30
454	7827	49.37	23.46	199.599	0.121	0.306	0.142	1.484	0.185	0.197	0.643	0.616	0.357	0.384	30
455	7828	49.37	23.71	199.976	0.093	0.298	0.138	1.499	0.177	0.189	0.609	0.587	0.391	0.413	30
456	7829	49.37	23.96	200	0.083	0.294	0.137	1.5	0.172	0.184	0.584	0.563	0.416	0.437	30
457	7830	49.37	24.21	199.999	0.08	0.296	0.14	1.501	0.18	0.193	0.615	0.594	0.385	0.406	30
458	7831	49.37	24.46	199.999	0.086	0.303	0.149	1.496	0.193	0.209	0.673	0.655	0.327	0.345	30
459	7832	49.37	24.71	200	0.102	0.307	0.152	1.488	0.2	0.217	0.7	0.682	0.301	0.318	30
460	7833	49.37	24.96	199.999	0.116	0.311	0.151	1.489	0.196	0.213	0.708	0.69	0.293	0.31	30
461	7834	49.37	25.21	200	0.096	0.316	0.152	1.473	0.202	0.214	0.723	0.709	0.277	0.291	30
462	7835	49.37	25.46	200	0.088	0.322	0.156	1.456	0.211	0.221	0.731	0.719	0.269	0.281	30
463	7836	49.37	25.71	200	0.093	0.317	0.157	1.466	0.204	0.214	0.719	0.707	0.281	0.293	30
464	7837	49.37	25.96	200	0.088	0.319	0.158	1.456	0.206	0.212	0.716	0.703	0.284	0.297	30
465	7838	49.37	26.21	200	0.091	0.314	0.155	1.453	0.204	0.212	0.712	0.698	0.289	0.302	30
466	7839	49.37	26.46	200	0.08	0.315	0.156	1.445	0.204	0.21	0.711	0.698	0.289	0.302	30
467	7840	49.37	26.71	200	0.081	0.315	0.157	1.444	0.202	0.208	0.715	0.702	0.285	0.298	30
468	7841	49.37	26.96	200	0.085	0.312	0.155	1.453	0.198	0.205	0.705	0.692	0.295	0.308	30
469	7842	49.37	27.21	200	0.084	0.309	0.148	1.464	0.191	0.199	0.687	0.671	0.313	0.329	30
470	7843	49.37	27.46	200	0.083	0.308	0.147	1.47	0.192	0.203	0.683	0.668	0.317	0.332	30
471	7844	49.37	27.71	200	0.08	0.304	0.144	1.477	0.191	0.203	0.675	0.661	0.325	0.339	30
472	7845	49.37	27.96	200	0.074	0.301	0.142	1.481	0.187	0.199	0.664	0.651	0.336	0.349	30
473	7846	49.37	28.21	200	0.075	0.297	0.14	1.487	0.183	0.195	0.645	0.633	0.355	0.367	30
474	7847	49.37	28.46	200	0.073	0.293	0.139	1.484	0.171	0.181	0.606	0.594	0.394	0.406	30
475	7848	49.37	28.71	200	0.064	0.307	0.15	1.463	0.189	0.197	0.664	0.652	0.336	0.347	30
476	7849	49.37	28.96	200	0.066	0.316	0.159	1.45	0.206	0.213	0.711	0.701	0.289	0.299	30
477	7850	49.37	29.21	200	0.076	0.31	0.158	1.462	0.203	0.213	0.708	0.697	0.292	0.303	30
478	7851	49.37	29.46	200	0.077	0.313	0.16	1.462	0.207	0.216	0.72	0.709	0.28	0.292	30
479	7852	49.37	29.71	200	0.07	0.314	0.161	1.462	0.206	0.215	0.718	0.706	0.282	0.294	30
480	7853	49.37	29.96	200	0.063	0.313	0.161	1.465	0.204	0.213	0.709	0.698	0.291	0.302	30
481	7854	49.37	30.21	200	0.058	0.317	0.165	1.452	0.216	0.226	0.719	0.709	0.281	0.291	30
482	7855	49.37	30.46	200	0.057	0.319	0.167	1.448	0.22	0.229	0.717	0.708	0.283	0.292	30
483	7856	49.37	30.71	200	0.062	0.311	0.16	1.463	0.216	0.226	0.706	0.695	0.295	0.305	30
484	7857	49.37	30.96	200	0.061	0.303	0.155	1.482	0.205	0.217	0.681	0.669	0.32	0.331	30
485	7858	49.37	31.21	200	0.056	0.305	0.154	1.48	0.203	0.213	0.669	0.658	0.331	0.342	30
486	7859	49.37	31.46	200	0.052	0.3	0.147	1.489	0.196	0.206	0.63	0.618	0.37	0.382	30
487	7860	49.37	31.71	199.973	0.057	0.29	0.136	1.499	0.176	0.187	0.562	0.55	0.438	0.45	30
488	7861	49.37	31.96	199.951	0.047	0.295	0.138	1.486	0.185	0.192	0.568	0.556	0.432	0.444	30
489	7862	49.37	32.21	199.877	0.04	0.31	0.143	1.475	0.204	0.209	0.603	0.591	0.397	0.409	30
490	7863	49.37	32.46	199.865	0.04	0.32	0.146	1.457	0.216	0.22	0.638	0.627	0.362	0.374	30
491	7864	49.37	32.71	198.168	0.053	0.325	0.145	1.452	0.215	0.22	0.609	0.6	0.391	0.401	30
492	7865	49.37	32.96	198.206	0.047	0.329	0.151	1.437	0.215	0.219	0.636	0.626	0.364	0.374	30
493	7866	49.37	33.21	199.832	0.03	0.328	0.16	1.423	0.227	0.229	0.694	0.683	0.306	0.318	30
494	7867	49.37	33.46	199.967	0.033	0.328	0.163	1.422	0.23	0.231	0.705	0.695	0.295	0.306	30
495	7868	49.37	33.71	199.994	0.029	0.323	0.161	1.45	0.228	0.231	0.683	0.672	0.317	0.328	30
496	7869	49.37	33.96	200	0.027	0.325	0.165	1.442	0.235	0.236	0.7	0.689	0.3	0.312	30
497	7870	49.37	34.21	200	0.031	0.326	0.167	1.44	0.238	0.239	0.697	0.686	0.303	0.315	30
498	7871	49.37	34.46	200	0.029	0.323	0.158	1.447	0.217	0.222	0.645	0.635	0.355	0.365	30
499	7872	49.37	34.71	200	0.025	0.338	0.168	1.403	0.238	0.24	0.69	0.681	0.31	0.32	30
500	7873	49.12	-1.54	199.985	0.11	0.307	0.144	1.471	0.201	0.214	0.642	0.618	0.358	0.382	30
501	7874	49.12	-1.29	199.972	0.121	0.318	0.149	1.464	0.203	0.219	0.691	0.669	0.308	0.331	30
502	7875	49.12	-1.04	199.943	0.133	0.32	0.154	1.471	0.206	0.226	0.717	0.698	0.283	0.302	30
503	7876	49.12	-0.789999999999999	199.903	0.14	0.321	0.162	1.478	0.211	0.234	0.737	0.722	0.262	0.278	30
504	7877	49.12	-0.539999999999999	199.974	0.133	0.322	0.171	1.494	0.233	0.26	0.752	0.739	0.248	0.261	30
505	7878	49.12	-0.289999999999999	199.976	0.12	0.321	0.176	1.504	0.251	0.279	0.748	0.733	0.252	0.267	30
506	7879	49.12	-0.0399999999999991	199.68	0.121	0.325	0.174	1.492	0.251	0.277	0.726	0.707	0.275	0.293	30
507	7880	49.12	0.210000000000001	199.697	0.142	0.327	0.166	1.491	0.223	0.252	0.733	0.716	0.267	0.284	30
508	7881	49.12	0.460000000000001	199.99	0.129	0.324	0.161	1.512	0.206	0.229	0.764	0.747	0.235	0.253	30
509	7882	49.12	0.710000000000001	200	0.127	0.323	0.159	1.518	0.198	0.22	0.755	0.739	0.245	0.261	30
510	7883	49.12	0.960000000000001	200	0.123	0.324	0.159	1.521	0.193	0.213	0.762	0.747	0.238	0.253	30
511	7884	49.12	1.21	199.999	0.133	0.314	0.161	1.521	0.192	0.212	0.717	0.701	0.283	0.299	30
512	7885	49.12	1.46	199.999	0.138	0.317	0.169	1.52	0.203	0.226	0.733	0.717	0.267	0.283	30
513	7886	49.12	1.71	200	0.138	0.316	0.174	1.523	0.216	0.241	0.742	0.728	0.258	0.272	30
514	7887	49.12	1.96	200	0.13	0.313	0.175	1.531	0.222	0.248	0.734	0.719	0.266	0.281	30
515	7888	49.12	2.21	200	0.127	0.303	0.168	1.53	0.217	0.24	0.681	0.666	0.319	0.334	30
516	7889	49.12	2.46	199.999	0.119	0.298	0.161	1.532	0.204	0.226	0.642	0.623	0.358	0.377	30
517	7890	49.12	2.71	199.999	0.115	0.306	0.168	1.54	0.209	0.231	0.696	0.678	0.304	0.322	30
518	7891	49.12	2.96	199.999	0.128	0.311	0.174	1.537	0.218	0.242	0.741	0.725	0.259	0.275	30
519	7892	49.12	3.21	200	0.139	0.313	0.18	1.536	0.225	0.252	0.765	0.753	0.235	0.247	30
520	7893	49.12	3.46	200	0.142	0.316	0.184	1.534	0.228	0.256	0.774	0.763	0.226	0.237	30
521	7894	49.12	3.71	200	0.149	0.316	0.182	1.529	0.23	0.255	0.761	0.75	0.239	0.25	30
522	7895	49.12	3.96	200	0.145	0.313	0.176	1.529	0.23	0.253	0.729	0.717	0.272	0.283	30
523	7896	49.12	4.21	200	0.126	0.313	0.181	1.541	0.24	0.263	0.737	0.723	0.263	0.277	30
524	7897	49.12	4.46	199.999	0.121	0.317	0.188	1.544	0.254	0.281	0.754	0.744	0.246	0.256	30
525	7898	49.12	4.71	199.986	0.128	0.322	0.189	1.535	0.259	0.285	0.775	0.763	0.225	0.237	30
526	7899	49.12	4.96	199.948	0.148	0.317	0.172	1.521	0.224	0.243	0.727	0.71	0.273	0.29	30
527	7900	49.12	5.21	199.983	0.157	0.328	0.189	1.518	0.261	0.285	0.769	0.759	0.231	0.241	30
528	7901	49.12	5.46	199.995	0.166	0.333	0.193	1.519	0.263	0.286	0.752	0.741	0.248	0.259	30
529	7902	49.12	5.71	199.998	0.137	0.332	0.199	1.523	0.274	0.301	0.761	0.752	0.239	0.248	30
530	7903	49.12	5.96	199.997	0.145	0.327	0.199	1.521	0.275	0.303	0.747	0.739	0.253	0.261	30
531	7904	49.12	6.21	199.999	0.136	0.317	0.187	1.526	0.265	0.285	0.712	0.701	0.288	0.299	30
532	7905	49.12	6.46	199.998	0.146	0.323	0.19	1.529	0.266	0.287	0.739	0.73	0.261	0.27	30
533	7906	49.12	6.71	200	0.147	0.31	0.171	1.529	0.229	0.246	0.673	0.663	0.326	0.337	30
534	7907	49.12	6.96	199.999	0.149	0.309	0.169	1.53	0.226	0.242	0.661	0.649	0.339	0.351	30
535	7908	49.12	7.21	199.991	0.162	0.318	0.179	1.523	0.24	0.259	0.692	0.68	0.308	0.32	30
536	7909	49.12	7.46	199.995	0.178	0.306	0.155	1.515	0.197	0.21	0.637	0.62	0.363	0.38	30
537	7910	49.12	7.71	199.971	0.192	0.292	0.136	1.493	0.17	0.177	0.576	0.553	0.423	0.447	30
538	7911	49.12	7.96	199.935	0.158	0.29	0.135	1.501	0.176	0.183	0.58	0.559	0.42	0.441	30
539	7912	49.12	8.21	199.984	0.087	0.28	0.134	1.524	0.178	0.189	0.553	0.536	0.447	0.464	30
540	7913	49.12	8.46	199.999	0.082	0.279	0.14	1.53	0.196	0.21	0.561	0.543	0.439	0.456	30
541	7914	49.12	8.71	199.999	0.116	0.304	0.165	1.529	0.226	0.247	0.687	0.674	0.313	0.326	30
542	7915	49.12	8.96	200	0.123	0.31	0.17	1.527	0.227	0.246	0.713	0.701	0.287	0.299	30
543	7916	49.12	9.21	200	0.124	0.307	0.169	1.525	0.228	0.245	0.692	0.679	0.308	0.321	30
544	7917	49.12	9.46	200	0.158	0.309	0.163	1.521	0.219	0.236	0.674	0.659	0.326	0.341	30
545	7918	49.12	9.71	199.999	0.169	0.316	0.166	1.518	0.224	0.241	0.7	0.686	0.3	0.313	30
546	7919	49.12	9.96	200	0.159	0.316	0.167	1.52	0.227	0.245	0.71	0.698	0.29	0.302	30
547	7920	49.12	10.21	200	0.157	0.311	0.161	1.52	0.216	0.232	0.674	0.662	0.326	0.338	30
548	7921	49.12	10.46	200	0.144	0.306	0.158	1.524	0.208	0.225	0.65	0.638	0.35	0.362	30
549	7922	49.12	10.71	200	0.141	0.305	0.157	1.525	0.207	0.224	0.64	0.63	0.36	0.37	30
550	7923	49.12	10.96	200	0.151	0.302	0.153	1.523	0.2	0.218	0.618	0.608	0.382	0.392	30
551	7924	49.12	11.21	199.999	0.153	0.304	0.157	1.522	0.202	0.221	0.631	0.621	0.369	0.379	30
552	7925	49.12	11.46	199.999	0.165	0.308	0.163	1.524	0.208	0.231	0.657	0.647	0.342	0.353	30
553	7926	49.12	11.71	199.992	0.171	0.309	0.165	1.529	0.206	0.236	0.652	0.641	0.347	0.359	30
554	7927	49.12	11.96	199.995	0.162	0.303	0.16	1.53	0.198	0.224	0.611	0.601	0.389	0.399	30
555	7928	49.12	12.21	199.995	0.157	0.288	0.142	1.524	0.179	0.195	0.572	0.557	0.428	0.443	30
556	7929	49.12	12.46	199.984	0.164	0.288	0.137	1.514	0.171	0.185	0.565	0.545	0.435	0.455	30
557	7930	49.12	12.71	199.742	0.181	0.295	0.137	1.496	0.17	0.183	0.57	0.545	0.43	0.455	30
558	7931	49.12	12.96	197.976	0.219	0.301	0.129	1.446	0.155	0.163	0.551	0.517	0.449	0.482	30
559	7932	49.12	13.21	193.534	0.233	0.3	0.12	1.407	0.141	0.146	0.533	0.496	0.466	0.504	30
560	7933	49.12	13.46	191.173	0.228	0.298	0.119	1.41	0.139	0.145	0.53	0.494	0.47	0.506	30
561	7934	49.12	13.71	196.898	0.206	0.298	0.127	1.448	0.154	0.165	0.556	0.524	0.444	0.475	30
562	7935	49.12	13.96	199.371	0.18	0.292	0.137	1.496	0.166	0.183	0.569	0.547	0.431	0.453	30
563	7936	49.12	14.21	199.946	0.145	0.285	0.141	1.522	0.173	0.194	0.569	0.553	0.43	0.447	30
564	7937	49.12	14.46	199.99	0.14	0.283	0.14	1.534	0.169	0.191	0.567	0.55	0.433	0.45	30
565	7938	49.12	14.71	199.998	0.126	0.283	0.137	1.532	0.164	0.186	0.543	0.529	0.457	0.471	30
566	7939	49.12	14.96	199.981	0.148	0.28	0.13	1.52	0.152	0.17	0.527	0.507	0.473	0.493	30
567	7940	49.12	15.21	199.97	0.172	0.281	0.126	1.51	0.145	0.159	0.525	0.502	0.475	0.498	30
568	7941	49.12	15.46	199.994	0.169	0.285	0.136	1.524	0.157	0.174	0.561	0.543	0.439	0.457	30
569	7942	49.12	15.71	199.992	0.161	0.289	0.144	1.533	0.167	0.186	0.594	0.58	0.406	0.42	30
570	7943	49.12	15.96	199.998	0.146	0.29	0.151	1.535	0.173	0.195	0.606	0.599	0.394	0.401	30
571	7944	49.12	16.21	200	0.145	0.294	0.156	1.525	0.188	0.207	0.625	0.617	0.376	0.383	30
572	7945	49.12	16.46	200	0.131	0.296	0.16	1.515	0.209	0.222	0.632	0.623	0.369	0.377	30
573	7946	49.12	16.71	199.999	0.12	0.306	0.172	1.513	0.236	0.249	0.676	0.667	0.324	0.334	30
574	7947	49.12	16.96	200	0.122	0.309	0.176	1.521	0.243	0.26	0.722	0.713	0.278	0.288	30
575	7948	49.12	17.21	200	0.122	0.302	0.168	1.523	0.229	0.247	0.691	0.678	0.309	0.322	30
576	7949	49.12	17.46	199.999	0.107	0.305	0.172	1.521	0.236	0.254	0.698	0.684	0.302	0.316	30
577	7950	49.12	17.71	199.99	0.131	0.307	0.164	1.515	0.225	0.246	0.69	0.674	0.309	0.326	30
578	7951	49.12	17.96	199.944	0.161	0.308	0.151	1.491	0.205	0.222	0.666	0.644	0.334	0.356	30
579	7952	49.12	18.21	199.894	0.174	0.314	0.153	1.477	0.206	0.223	0.664	0.64	0.336	0.359	30
580	7953	49.12	18.46	199.689	0.179	0.316	0.154	1.471	0.207	0.226	0.662	0.638	0.338	0.362	30
581	7954	49.12	18.71	198.019	0.189	0.315	0.148	1.45	0.198	0.213	0.647	0.621	0.353	0.378	30
582	7955	49.12	18.96	195.321	0.196	0.313	0.141	1.426	0.186	0.198	0.624	0.594	0.376	0.406	30
583	7956	49.12	19.21	192.957	0.223	0.318	0.137	1.399	0.177	0.189	0.614	0.58	0.386	0.42	30
584	7957	49.12	19.46	192.231	0.204	0.316	0.137	1.408	0.18	0.191	0.613	0.584	0.386	0.415	30
585	7958	49.12	19.71	186.51	0.225	0.311	0.128	1.374	0.155	0.163	0.562	0.529	0.438	0.471	30
586	7959	49.12	19.96	181.041	0.245	0.308	0.121	1.359	0.139	0.145	0.524	0.49	0.476	0.51	30
587	7960	49.12	20.21	185.821	0.228	0.307	0.129	1.397	0.161	0.169	0.555	0.526	0.445	0.474	30
588	7961	49.12	20.46	197.537	0.181	0.306	0.139	1.454	0.189	0.201	0.618	0.592	0.382	0.408	30
589	7962	49.12	20.71	198.218	0.196	0.307	0.136	1.441	0.182	0.192	0.615	0.585	0.385	0.415	30
590	7963	49.12	20.96	199.405	0.189	0.309	0.144	1.466	0.192	0.204	0.649	0.624	0.35	0.376	30
591	7964	49.12	21.21	199.915	0.153	0.308	0.154	1.491	0.204	0.221	0.673	0.653	0.327	0.347	30
592	7965	49.12	21.46	199.81	0.122	0.308	0.156	1.508	0.208	0.227	0.682	0.664	0.318	0.336	30
593	7966	49.12	21.71	199.931	0.106	0.309	0.155	1.515	0.214	0.235	0.678	0.659	0.321	0.341	30
594	7967	49.12	21.96	199.674	0.124	0.312	0.152	1.498	0.214	0.233	0.676	0.653	0.323	0.347	30
595	7968	49.12	22.21	199.219	0.165	0.317	0.146	1.46	0.199	0.212	0.656	0.624	0.344	0.376	30
596	7969	49.12	22.46	198.153	0.193	0.318	0.14	1.429	0.184	0.193	0.631	0.594	0.368	0.406	30
597	7970	49.12	22.71	197.072	0.189	0.317	0.136	1.418	0.175	0.183	0.617	0.581	0.383	0.419	30
598	7971	49.12	22.96	197.863	0.179	0.318	0.137	1.421	0.179	0.188	0.615	0.585	0.384	0.415	30
599	7972	49.12	23.21	195.891	0.198	0.319	0.136	1.402	0.178	0.187	0.612	0.575	0.387	0.424	30
600	7973	49.12	23.46	195.622	0.198	0.319	0.14	1.418	0.185	0.195	0.626	0.59	0.374	0.41	30
601	7974	49.12	23.71	198.379	0.15	0.315	0.145	1.467	0.192	0.204	0.642	0.612	0.358	0.388	30
602	7975	49.12	23.96	199.792	0.115	0.306	0.143	1.496	0.183	0.197	0.623	0.597	0.377	0.403	30
603	7976	49.12	24.21	199.992	0.1	0.299	0.14	1.501	0.179	0.193	0.618	0.593	0.382	0.407	30
604	7977	49.12	24.46	199.998	0.088	0.299	0.143	1.502	0.189	0.205	0.642	0.621	0.358	0.379	30
605	7978	49.12	24.71	200	0.085	0.303	0.15	1.493	0.205	0.221	0.672	0.655	0.328	0.345	30
606	7979	49.12	24.96	199.999	0.096	0.306	0.153	1.493	0.204	0.222	0.705	0.688	0.295	0.312	30
607	7980	49.12	25.21	200	0.099	0.308	0.152	1.485	0.201	0.215	0.715	0.697	0.286	0.303	30
608	7981	49.12	25.46	200	0.088	0.317	0.157	1.469	0.215	0.227	0.736	0.721	0.265	0.279	30
609	7982	49.12	25.71	200	0.091	0.314	0.157	1.475	0.208	0.22	0.715	0.701	0.285	0.299	30
610	7983	49.12	25.96	200	0.088	0.312	0.159	1.473	0.207	0.217	0.702	0.688	0.298	0.312	30
611	7984	49.12	26.21	200	0.089	0.314	0.161	1.46	0.214	0.225	0.708	0.694	0.292	0.306	30
612	7985	49.12	26.46	200	0.09	0.312	0.158	1.456	0.211	0.22	0.713	0.698	0.288	0.302	30
613	7986	49.12	26.71	200	0.087	0.314	0.161	1.452	0.213	0.22	0.722	0.707	0.278	0.293	30
614	7987	49.12	26.96	200	0.085	0.314	0.159	1.458	0.209	0.217	0.717	0.704	0.283	0.297	30
615	7988	49.12	27.21	200	0.086	0.308	0.151	1.469	0.199	0.21	0.697	0.682	0.304	0.318	30
616	7989	49.12	27.46	200	0.082	0.307	0.148	1.465	0.201	0.212	0.69	0.676	0.31	0.324	30
617	7990	49.12	27.71	200	0.084	0.304	0.148	1.472	0.205	0.217	0.694	0.679	0.307	0.321	30
618	7991	49.12	27.96	200	0.079	0.303	0.148	1.477	0.205	0.217	0.694	0.681	0.307	0.319	30
619	7992	49.12	28.21	200	0.073	0.301	0.148	1.485	0.198	0.209	0.682	0.671	0.318	0.329	30
620	7993	49.12	28.46	200	0.071	0.299	0.147	1.488	0.193	0.204	0.669	0.657	0.332	0.343	30
621	7994	49.12	28.71	200	0.066	0.306	0.153	1.474	0.204	0.215	0.699	0.689	0.301	0.311	30
622	7995	49.12	28.96	200	0.065	0.314	0.159	1.462	0.214	0.224	0.719	0.711	0.281	0.289	30
623	7996	49.12	29.21	200	0.072	0.31	0.157	1.472	0.207	0.218	0.701	0.691	0.299	0.309	30
624	7997	49.12	29.46	200	0.067	0.315	0.163	1.466	0.218	0.228	0.719	0.707	0.281	0.293	30
625	7998	49.12	29.71	200	0.063	0.319	0.166	1.456	0.222	0.231	0.733	0.721	0.267	0.279	30
626	7999	49.12	29.96	200	0.06	0.32	0.166	1.454	0.226	0.234	0.734	0.723	0.267	0.277	30
627	8000	49.12	30.21	199.999	0.058	0.319	0.169	1.453	0.234	0.242	0.733	0.722	0.267	0.278	30
628	8001	49.12	30.46	200	0.055	0.32	0.17	1.451	0.236	0.244	0.728	0.718	0.272	0.282	30
629	8002	49.12	30.71	200	0.058	0.316	0.167	1.458	0.23	0.24	0.717	0.707	0.283	0.293	30
630	8003	49.12	30.96	200	0.06	0.308	0.161	1.476	0.217	0.228	0.684	0.673	0.317	0.327	30
631	8004	49.12	31.21	200	0.052	0.314	0.164	1.466	0.22	0.227	0.679	0.668	0.321	0.332	30
632	8005	49.12	31.46	200	0.048	0.313	0.162	1.468	0.224	0.231	0.679	0.668	0.321	0.332	30
633	8006	49.12	31.71	199.999	0.051	0.309	0.157	1.473	0.217	0.226	0.672	0.66	0.328	0.34	30
634	8007	49.12	31.96	199.999	0.046	0.31	0.156	1.468	0.213	0.219	0.669	0.657	0.332	0.343	30
635	8008	49.12	32.21	199.991	0.047	0.305	0.151	1.48	0.206	0.215	0.644	0.632	0.356	0.369	30
636	8009	49.12	32.46	199.974	0.042	0.308	0.15	1.476	0.214	0.221	0.645	0.633	0.355	0.367	30
637	8010	49.12	32.71	198.885	0.049	0.312	0.146	1.467	0.219	0.224	0.627	0.617	0.373	0.383	30
638	8011	49.12	32.96	196.455	0.068	0.318	0.145	1.461	0.209	0.216	0.615	0.606	0.385	0.394	30
639	8012	49.12	33.21	199.507	0.042	0.314	0.148	1.472	0.215	0.221	0.639	0.628	0.361	0.372	30
640	8013	49.12	33.46	199.99	0.034	0.318	0.154	1.471	0.221	0.226	0.641	0.63	0.359	0.37	30
641	8014	49.12	33.71	199.981	0.032	0.324	0.161	1.461	0.231	0.235	0.672	0.661	0.328	0.339	30
642	8015	49.12	33.96	199.98	0.026	0.329	0.168	1.432	0.244	0.245	0.718	0.707	0.282	0.294	30
643	8016	49.12	34.21	199.978	0.026	0.325	0.162	1.452	0.233	0.236	0.677	0.666	0.323	0.334	30
644	8017	49.12	34.46	200	0.019	0.333	0.167	1.443	0.236	0.239	0.684	0.674	0.316	0.326	30
645	8018	49.12	34.71	200	0.018	0.342	0.173	1.415	0.246	0.247	0.703	0.693	0.297	0.307	30
646	8019	48.87	-1.54	199.989	0.121	0.311	0.147	1.487	0.202	0.218	0.671	0.651	0.329	0.349	30
647	8020	48.87	-1.29	199.998	0.139	0.318	0.15	1.476	0.191	0.215	0.723	0.707	0.277	0.293	30
648	8021	48.87	-1.04	199.997	0.15	0.318	0.151	1.469	0.192	0.216	0.72	0.704	0.279	0.296	30
649	8022	48.87	-0.789999999999999	199.996	0.153	0.321	0.156	1.472	0.201	0.224	0.725	0.708	0.274	0.291	30
650	8023	48.87	-0.539999999999999	199.988	0.153	0.321	0.161	1.482	0.21	0.233	0.724	0.707	0.276	0.293	30
651	8024	48.87	-0.289999999999999	199.987	0.148	0.323	0.169	1.495	0.223	0.252	0.752	0.739	0.248	0.261	30
652	8025	48.87	-0.0399999999999991	199.951	0.139	0.329	0.183	1.509	0.248	0.286	0.778	0.769	0.222	0.231	30
653	8026	48.87	0.210000000000001	199.894	0.152	0.328	0.172	1.497	0.226	0.257	0.751	0.737	0.248	0.263	30
654	8027	48.87	0.460000000000001	199.985	0.146	0.326	0.166	1.506	0.209	0.233	0.759	0.745	0.241	0.255	30
655	8028	48.87	0.710000000000001	200	0.14	0.327	0.166	1.512	0.191	0.216	0.762	0.751	0.238	0.248	30
656	8029	48.87	0.960000000000001	200	0.137	0.331	0.168	1.516	0.193	0.218	0.77	0.762	0.23	0.238	30
657	8030	48.87	1.21	200	0.129	0.328	0.17	1.521	0.199	0.223	0.758	0.749	0.242	0.251	30
658	8031	48.87	1.46	200	0.131	0.322	0.177	1.526	0.214	0.241	0.746	0.735	0.254	0.265	30
659	8032	48.87	1.71	200	0.133	0.317	0.178	1.524	0.218	0.249	0.73	0.719	0.27	0.281	30
660	8033	48.87	1.96	200	0.132	0.308	0.168	1.522	0.21	0.237	0.669	0.657	0.331	0.344	30
661	8034	48.87	2.21	200	0.126	0.301	0.165	1.512	0.217	0.24	0.611	0.597	0.39	0.403	30
662	8035	48.87	2.46	200	0.113	0.299	0.168	1.516	0.225	0.247	0.606	0.589	0.394	0.411	30
663	8036	48.87	2.71	200	0.108	0.3	0.167	1.534	0.214	0.24	0.648	0.63	0.352	0.37	30
664	8037	48.87	2.96	200	0.118	0.308	0.175	1.539	0.223	0.253	0.732	0.716	0.268	0.284	30
665	8038	48.87	3.21	200	0.124	0.316	0.184	1.54	0.232	0.266	0.788	0.775	0.212	0.225	30
666	8039	48.87	3.46	200	0.129	0.321	0.187	1.537	0.237	0.271	0.799	0.787	0.201	0.213	30
667	8040	48.87	3.71	200	0.136	0.323	0.184	1.532	0.231	0.261	0.772	0.76	0.228	0.24	30
668	8041	48.87	3.96	200	0.135	0.319	0.185	1.541	0.24	0.268	0.75	0.741	0.25	0.259	30
669	8042	48.87	4.21	200	0.127	0.318	0.19	1.549	0.252	0.278	0.748	0.738	0.252	0.262	30
670	8043	48.87	4.46	199.998	0.128	0.32	0.193	1.542	0.264	0.291	0.763	0.753	0.237	0.247	30
671	8044	48.87	4.71	199.988	0.129	0.32	0.189	1.536	0.258	0.285	0.766	0.754	0.234	0.246	30
