# Command file for Castanea
# Generated on Rstudio by user vandermeersch, on the 2023-07-07

# The filenames below are relative to the folder containing this command file
castaneaFileName	=	fagus_cmaes_output_subset1_rep2.txt
inventoryFileName	=	C:/Users/vandermeersch/Documents/CEFE/phd/hindcasting/simulation/castanea/run/inventory.txt

climateBaseName	=	D:/climate/HadCM3B_60Kyr_Climate/2023_dataset/castanea_format/025deg/1500BP/
climateExtension	=	.txt
simulationName	=	ind1_


#	siteId	gridName	latitude	longitude	soilHeight	stone	wfc	wilt	bulk	SOLCLAYtop	SOLCLAYsol	SOLFINtop	SOLFINsol	SOLSANDtop	SOLSANDsol	numberOfYears
1	6786	51.62	30.46	199.999	0.042	0.281	0.117	1.504	0.112	0.125	0.408	0.401	0.592	0.599	30
2	6787	51.62	30.71	199.996	0.044	0.278	0.114	1.492	0.111	0.123	0.414	0.406	0.585	0.594	30
3	6788	51.62	30.96	199.999	0.037	0.28	0.124	1.517	0.132	0.143	0.497	0.49	0.502	0.51	30
4	6789	51.62	31.21	199.999	0.037	0.289	0.129	1.512	0.146	0.159	0.537	0.531	0.463	0.469	30
5	6790	51.62	31.46	200	0.035	0.296	0.131	1.507	0.148	0.161	0.545	0.539	0.455	0.461	30
6	6791	51.62	31.71	200	0.039	0.3	0.131	1.5	0.144	0.157	0.53	0.524	0.47	0.476	30
7	6792	51.62	31.96	200	0.04	0.303	0.134	1.504	0.145	0.158	0.548	0.542	0.452	0.458	30
8	6793	51.62	32.21	200	0.037	0.304	0.132	1.5	0.149	0.163	0.548	0.542	0.451	0.457	30
9	6794	51.62	32.46	200	0.04	0.302	0.128	1.498	0.141	0.154	0.524	0.517	0.476	0.483	30
10	6795	51.62	32.71	199.999	0.048	0.298	0.123	1.495	0.127	0.139	0.489	0.48	0.511	0.52	30
11	6796	51.62	32.96	200	0.05	0.299	0.126	1.49	0.138	0.15	0.526	0.517	0.474	0.483	30
12	6797	51.62	33.21	199.998	0.044	0.291	0.127	1.499	0.141	0.155	0.532	0.524	0.468	0.476	30
13	6798	51.62	33.46	199.999	0.054	0.286	0.123	1.499	0.124	0.141	0.514	0.505	0.486	0.494	30
14	6799	51.62	33.71	199.999	0.053	0.292	0.129	1.484	0.142	0.158	0.58	0.571	0.419	0.429	30
15	6800	51.62	33.96	200	0.045	0.297	0.135	1.476	0.161	0.179	0.648	0.639	0.352	0.36	30
16	6801	51.62	34.21	200	0.04	0.301	0.14	1.463	0.176	0.194	0.682	0.673	0.318	0.327	30
17	6802	51.62	34.46	200	0.044	0.309	0.147	1.458	0.196	0.213	0.723	0.715	0.277	0.285	30
18	6803	51.62	34.71	200	0.048	0.308	0.143	1.464	0.195	0.21	0.693	0.682	0.307	0.318	30
19	6804	51.37	-2.79	198.952	0.144	0.332	0.163	1.436	0.228	0.236	0.612	0.597	0.388	0.403	30
20	6805	51.37	-2.54	198.79	0.163	0.33	0.169	1.443	0.233	0.249	0.641	0.631	0.359	0.369	30
21	6806	51.37	-2.29	199.14	0.169	0.331	0.176	1.442	0.244	0.264	0.662	0.654	0.338	0.346	30
22	6807	51.37	-2.04	199.435	0.17	0.329	0.176	1.447	0.247	0.264	0.673	0.663	0.327	0.337	30
23	6808	51.37	-1.79	199.319	0.182	0.332	0.18	1.451	0.251	0.271	0.702	0.694	0.298	0.306	30
24	6809	51.37	-1.54	199.642	0.185	0.332	0.182	1.452	0.254	0.278	0.704	0.697	0.296	0.303	30
25	6810	51.37	-1.29	199.768	0.177	0.331	0.177	1.456	0.245	0.271	0.684	0.676	0.316	0.324	30
26	6811	51.37	-1.04	199.933	0.163	0.324	0.169	1.463	0.232	0.26	0.642	0.634	0.358	0.366	30
27	6812	51.37	-0.789999999999999	199.862	0.157	0.318	0.157	1.463	0.212	0.239	0.592	0.584	0.408	0.416	30
28	6813	51.37	-0.539999999999999	199.941	0.135	0.308	0.15	1.47	0.203	0.226	0.557	0.548	0.443	0.452	30
29	6814	51.37	-0.289999999999999	199.948	0.126	0.308	0.154	1.479	0.207	0.229	0.582	0.572	0.418	0.428	30
30	6815	51.37	-0.0399999999999991	199.951	0.135	0.315	0.161	1.479	0.218	0.244	0.638	0.626	0.362	0.374	30
31	6816	51.37	0.210000000000001	199.994	0.139	0.318	0.167	1.478	0.232	0.258	0.661	0.65	0.339	0.35	30
32	6817	51.37	0.460000000000001	199.975	0.136	0.321	0.169	1.477	0.237	0.258	0.656	0.643	0.344	0.357	30
33	6818	51.37	4.46	200	0.035	0.223	0.093	1.533	0.086	0.092	0.272	0.259	0.727	0.741	30
34	6819	51.37	4.71	200	0.033	0.211	0.085	1.536	0.062	0.075	0.214	0.213	0.786	0.787	30
35	6820	51.37	4.96	200	0.036	0.2	0.079	1.534	0.049	0.059	0.169	0.165	0.831	0.835	30
36	6821	51.37	5.21	200	0.044	0.201	0.079	1.533	0.047	0.056	0.167	0.159	0.833	0.841	30
37	6822	51.37	5.46	200	0.047	0.205	0.081	1.538	0.056	0.064	0.198	0.185	0.802	0.815	30
38	6823	51.37	5.71	200	0.05	0.219	0.086	1.537	0.057	0.065	0.206	0.193	0.794	0.807	30
39	6824	51.37	5.96	200	0.056	0.229	0.091	1.538	0.065	0.073	0.24	0.228	0.76	0.772	30
40	6825	51.37	6.21	200	0.065	0.233	0.099	1.545	0.091	0.1	0.346	0.332	0.654	0.668	30
41	6826	51.37	6.46	200	0.063	0.25	0.112	1.541	0.122	0.131	0.449	0.427	0.551	0.572	30
42	6827	51.37	6.71	199.999	0.07	0.263	0.119	1.536	0.142	0.148	0.456	0.436	0.544	0.564	30
43	6828	51.37	6.96	199.992	0.116	0.291	0.132	1.533	0.152	0.165	0.572	0.555	0.428	0.445	30
44	6829	51.37	7.21	199.967	0.145	0.308	0.143	1.525	0.163	0.181	0.633	0.617	0.367	0.383	30
45	6830	51.37	7.46	199.893	0.161	0.315	0.149	1.51	0.174	0.192	0.646	0.627	0.355	0.372	30
46	6831	51.37	7.71	199.773	0.18	0.318	0.151	1.495	0.178	0.193	0.653	0.634	0.347	0.366	30
47	6832	51.37	7.96	199.449	0.198	0.32	0.149	1.475	0.179	0.192	0.656	0.636	0.344	0.364	30
48	6833	51.37	8.21	199.188	0.216	0.322	0.147	1.456	0.182	0.193	0.653	0.628	0.347	0.372	30
49	6834	51.37	8.46	199.054	0.232	0.325	0.15	1.427	0.191	0.201	0.658	0.632	0.342	0.368	30
50	6835	51.37	8.71	199.619	0.215	0.325	0.154	1.444	0.204	0.217	0.687	0.666	0.313	0.334	30
51	6836	51.37	8.96	199.827	0.188	0.318	0.152	1.489	0.197	0.214	0.699	0.683	0.301	0.317	30
52	6837	51.37	9.21	199.951	0.173	0.318	0.162	1.504	0.205	0.222	0.718	0.707	0.282	0.293	30
53	6838	51.37	9.46	199.85	0.173	0.311	0.155	1.502	0.189	0.203	0.674	0.661	0.326	0.339	30
54	6839	51.37	9.71	199.697	0.198	0.313	0.149	1.483	0.183	0.196	0.654	0.636	0.345	0.364	30
55	6840	51.37	9.96	199.916	0.184	0.318	0.16	1.502	0.201	0.217	0.69	0.678	0.31	0.322	30
56	6841	51.37	10.21	199.964	0.186	0.322	0.164	1.505	0.211	0.228	0.709	0.698	0.291	0.302	30
57	6842	51.37	10.46	199.933	0.175	0.325	0.169	1.501	0.222	0.241	0.725	0.716	0.275	0.284	30
58	6843	51.37	10.71	199.927	0.156	0.324	0.171	1.506	0.226	0.247	0.745	0.74	0.255	0.26	30
59	6844	51.37	10.96	199.98	0.151	0.319	0.165	1.506	0.211	0.23	0.705	0.699	0.294	0.301	30
60	6845	51.37	11.21	199.999	0.134	0.315	0.16	1.505	0.205	0.221	0.674	0.666	0.326	0.334	30
61	6846	51.37	11.46	200	0.135	0.315	0.158	1.519	0.192	0.21	0.7	0.694	0.3	0.306	30
62	6847	51.37	11.71	200	0.118	0.308	0.157	1.522	0.19	0.208	0.688	0.684	0.312	0.316	30
63	6848	51.37	11.96	200	0.094	0.29	0.145	1.521	0.179	0.195	0.586	0.58	0.414	0.42	30
64	6849	51.37	12.21	199.998	0.085	0.282	0.135	1.522	0.163	0.179	0.537	0.531	0.463	0.469	30
65	6850	51.37	12.46	199.997	0.088	0.277	0.128	1.522	0.147	0.163	0.505	0.5	0.494	0.5	30
66	6851	51.37	12.71	200	0.098	0.276	0.123	1.524	0.131	0.15	0.512	0.507	0.487	0.493	30
67	6852	51.37	12.96	199.998	0.11	0.28	0.125	1.519	0.132	0.153	0.537	0.532	0.462	0.468	30
68	6853	51.37	13.21	199.999	0.095	0.276	0.127	1.52	0.141	0.162	0.523	0.52	0.476	0.48	30
69	6854	51.37	13.46	199.998	0.088	0.264	0.122	1.519	0.131	0.152	0.46	0.459	0.54	0.541	30
70	6855	51.37	13.71	199.986	0.095	0.26	0.113	1.516	0.113	0.131	0.418	0.415	0.581	0.585	30
71	6856	51.37	13.96	199.976	0.105	0.258	0.106	1.507	0.093	0.109	0.371	0.367	0.628	0.633	30
72	6857	51.37	14.21	199.969	0.103	0.262	0.11	1.511	0.105	0.122	0.406	0.401	0.594	0.599	30
73	6858	51.37	14.46	199.939	0.105	0.256	0.106	1.507	0.094	0.109	0.372	0.366	0.628	0.634	30
74	6859	51.37	14.71	199.956	0.107	0.252	0.103	1.508	0.085	0.099	0.348	0.344	0.651	0.656	30
75	6860	51.37	14.96	199.956	0.105	0.251	0.101	1.51	0.079	0.094	0.333	0.331	0.667	0.669	30
76	6861	51.37	15.21	199.964	0.103	0.248	0.097	1.502	0.069	0.083	0.293	0.294	0.706	0.706	30
77	6862	51.37	15.46	199.95	0.112	0.258	0.103	1.497	0.082	0.098	0.336	0.337	0.663	0.663	30
78	6863	51.37	15.71	199.927	0.105	0.262	0.107	1.51	0.09	0.107	0.37	0.372	0.629	0.628	30
79	6864	51.37	15.96	199.993	0.092	0.257	0.108	1.526	0.102	0.12	0.397	0.397	0.602	0.603	30
80	6865	51.37	16.21	200	0.086	0.252	0.111	1.534	0.117	0.135	0.404	0.406	0.595	0.594	30
81	6866	51.37	16.46	199.994	0.075	0.246	0.11	1.536	0.12	0.138	0.39	0.391	0.61	0.608	30
82	6867	51.37	16.71	199.997	0.075	0.24	0.106	1.538	0.112	0.131	0.367	0.369	0.633	0.631	30
83	6868	51.37	16.96	199.983	0.073	0.249	0.112	1.537	0.122	0.14	0.394	0.395	0.606	0.605	30
84	6869	51.37	17.21	199.932	0.082	0.248	0.108	1.534	0.109	0.126	0.377	0.378	0.622	0.622	30
85	6870	51.37	17.46	199.916	0.082	0.244	0.103	1.535	0.099	0.115	0.343	0.343	0.656	0.656	30
86	6871	51.37	17.71	199.928	0.079	0.239	0.101	1.539	0.092	0.109	0.326	0.328	0.673	0.672	30
87	6872	51.37	17.96	199.982	0.082	0.238	0.102	1.543	0.095	0.115	0.349	0.355	0.651	0.645	30
88	6873	51.37	18.21	199.973	0.064	0.227	0.096	1.545	0.085	0.106	0.296	0.302	0.704	0.698	30
89	6874	51.37	18.46	199.95	0.061	0.229	0.098	1.548	0.085	0.106	0.314	0.32	0.686	0.679	30
90	6875	51.37	18.71	199.997	0.059	0.228	0.097	1.548	0.082	0.102	0.299	0.306	0.7	0.693	30
91	6876	51.37	18.96	200	0.059	0.23	0.098	1.544	0.084	0.103	0.296	0.301	0.704	0.698	30
92	6877	51.37	19.21	200	0.072	0.239	0.1	1.536	0.079	0.097	0.304	0.31	0.696	0.69	30
93	6878	51.37	19.46	200	0.08	0.248	0.105	1.537	0.09	0.109	0.368	0.375	0.632	0.625	30
94	6879	51.37	19.71	200	0.073	0.247	0.105	1.536	0.091	0.11	0.366	0.371	0.633	0.629	30
95	6880	51.37	19.96	199.998	0.076	0.241	0.099	1.534	0.079	0.097	0.313	0.315	0.686	0.684	30
96	6881	51.37	20.21	199.999	0.076	0.243	0.101	1.533	0.084	0.102	0.329	0.332	0.67	0.667	30
97	6882	51.37	20.46	199.996	0.091	0.253	0.104	1.52	0.096	0.112	0.365	0.365	0.634	0.635	30
98	6883	51.37	20.71	199.997	0.085	0.254	0.104	1.519	0.103	0.121	0.388	0.387	0.612	0.613	30
99	6884	51.37	20.96	200	0.065	0.237	0.101	1.534	0.095	0.115	0.367	0.372	0.633	0.628	30
100	6885	51.37	21.21	200	0.06	0.232	0.099	1.537	0.087	0.106	0.34	0.345	0.659	0.655	30
101	6886	51.37	21.46	200	0.056	0.227	0.094	1.534	0.074	0.093	0.294	0.297	0.706	0.703	30
102	6887	51.37	21.71	200	0.053	0.231	0.097	1.537	0.083	0.102	0.323	0.325	0.677	0.675	30
103	6888	51.37	21.96	200	0.064	0.249	0.105	1.536	0.094	0.111	0.38	0.377	0.619	0.623	30
104	6889	51.37	22.21	200	0.06	0.263	0.112	1.536	0.096	0.115	0.466	0.462	0.533	0.538	30
105	6890	51.37	22.46	200	0.059	0.262	0.111	1.533	0.097	0.114	0.463	0.457	0.537	0.543	30
106	6891	51.37	22.71	200	0.059	0.259	0.11	1.533	0.096	0.113	0.447	0.441	0.553	0.559	30
107	6892	51.37	22.96	199.999	0.051	0.259	0.107	1.529	0.091	0.108	0.4	0.392	0.6	0.607	30
108	6893	51.37	23.21	200	0.056	0.267	0.113	1.52	0.098	0.115	0.408	0.401	0.592	0.598	30
109	6894	51.37	23.46	199.998	0.06	0.26	0.107	1.512	0.088	0.105	0.37	0.363	0.63	0.637	30
110	6895	51.37	23.71	199.977	0.055	0.269	0.11	1.51	0.087	0.104	0.333	0.327	0.667	0.672	30
111	6896	51.37	23.96	199.98	0.057	0.277	0.117	1.502	0.092	0.115	0.344	0.344	0.655	0.655	30
112	6897	51.37	24.21	199.977	0.063	0.273	0.116	1.502	0.093	0.117	0.353	0.353	0.647	0.647	30
113	6898	51.37	24.46	199.987	0.059	0.276	0.12	1.502	0.101	0.125	0.378	0.378	0.622	0.622	30
114	6899	51.37	24.71	199.993	0.053	0.276	0.121	1.503	0.1	0.124	0.37	0.371	0.63	0.629	30
115	6900	51.37	24.96	199.924	0.059	0.276	0.117	1.498	0.092	0.114	0.342	0.341	0.658	0.659	30
116	6901	51.37	25.21	199.931	0.064	0.277	0.115	1.5	0.087	0.108	0.324	0.322	0.675	0.678	30
117	6902	51.37	25.46	199.75	0.072	0.278	0.112	1.496	0.086	0.106	0.312	0.311	0.687	0.689	30
118	6903	51.37	25.71	199.849	0.067	0.276	0.112	1.496	0.089	0.106	0.322	0.319	0.677	0.68	30
119	6904	51.37	25.96	199.964	0.06	0.279	0.118	1.5	0.091	0.107	0.335	0.333	0.665	0.667	30
120	6905	51.37	26.21	199.974	0.054	0.275	0.116	1.504	0.089	0.103	0.337	0.334	0.663	0.666	30
121	6906	51.37	26.46	199.977	0.053	0.278	0.12	1.506	0.092	0.108	0.342	0.34	0.658	0.66	30
122	6907	51.37	26.71	199.983	0.054	0.283	0.12	1.499	0.091	0.107	0.323	0.32	0.677	0.68	30
123	6908	51.37	26.96	199.984	0.062	0.281	0.111	1.495	0.089	0.102	0.311	0.306	0.689	0.694	30
124	6909	51.37	27.21	199.987	0.064	0.277	0.11	1.5	0.085	0.096	0.3	0.296	0.7	0.704	30
125	6910	51.37	27.46	199.993	0.066	0.271	0.107	1.499	0.082	0.092	0.301	0.296	0.699	0.704	30
126	6911	51.37	27.71	199.962	0.07	0.272	0.106	1.489	0.085	0.095	0.317	0.309	0.683	0.691	30
127	6912	51.37	27.96	199.951	0.078	0.271	0.105	1.489	0.082	0.092	0.315	0.308	0.685	0.693	30
128	6913	51.37	28.21	199.865	0.094	0.278	0.109	1.483	0.09	0.101	0.376	0.363	0.624	0.637	30
129	6914	51.37	28.46	199.957	0.076	0.277	0.114	1.493	0.093	0.106	0.394	0.383	0.606	0.617	30
130	6915	51.37	28.71	199.912	0.067	0.27	0.112	1.488	0.093	0.104	0.378	0.369	0.622	0.632	30
131	6916	51.37	28.96	199.855	0.059	0.271	0.111	1.479	0.091	0.101	0.357	0.347	0.643	0.653	30
132	6917	51.37	29.21	199.672	0.063	0.268	0.103	1.483	0.075	0.085	0.308	0.297	0.692	0.703	30
133	6918	51.37	29.46	199.914	0.058	0.266	0.102	1.485	0.076	0.085	0.303	0.291	0.696	0.709	30
134	6919	51.37	29.71	199.964	0.052	0.269	0.104	1.493	0.08	0.089	0.303	0.29	0.697	0.71	30
135	6920	51.37	29.96	199.865	0.049	0.267	0.105	1.504	0.082	0.09	0.3	0.289	0.7	0.711	30
136	6921	51.37	30.21	199.958	0.048	0.272	0.107	1.503	0.086	0.095	0.315	0.304	0.684	0.696	30
137	6922	51.37	30.46	199.918	0.045	0.28	0.112	1.488	0.106	0.115	0.361	0.352	0.639	0.648	30
138	6923	51.37	30.71	199.969	0.049	0.275	0.11	1.49	0.105	0.116	0.379	0.371	0.62	0.629	30
139	6924	51.37	30.96	199.995	0.043	0.275	0.12	1.512	0.124	0.134	0.46	0.451	0.54	0.549	30
140	6925	51.37	31.21	199.995	0.036	0.288	0.128	1.513	0.149	0.16	0.526	0.518	0.474	0.482	30
141	6926	51.37	31.46	199.999	0.026	0.302	0.134	1.512	0.161	0.172	0.566	0.56	0.434	0.44	30
142	6927	51.37	31.71	200	0.028	0.307	0.135	1.504	0.161	0.173	0.567	0.561	0.433	0.439	30
143	6928	51.37	31.96	200	0.035	0.308	0.135	1.501	0.161	0.173	0.567	0.562	0.433	0.438	30
144	6929	51.37	32.21	200	0.036	0.31	0.136	1.499	0.166	0.177	0.577	0.571	0.423	0.429	30
145	6930	51.37	32.46	200	0.037	0.309	0.135	1.5	0.163	0.174	0.575	0.568	0.425	0.432	30
146	6931	51.37	32.71	200	0.038	0.307	0.135	1.497	0.164	0.175	0.59	0.583	0.411	0.417	30
147	6932	51.37	32.96	200	0.039	0.304	0.134	1.496	0.164	0.174	0.579	0.572	0.421	0.428	30
148	6933	51.37	33.21	200	0.042	0.3	0.134	1.492	0.162	0.172	0.581	0.573	0.419	0.427	30
149	6934	51.37	33.46	200	0.047	0.303	0.133	1.487	0.148	0.16	0.576	0.566	0.424	0.434	30
150	6935	51.37	33.71	200	0.043	0.303	0.137	1.481	0.158	0.17	0.612	0.6	0.388	0.4	30
151	6936	51.37	33.96	200	0.044	0.3	0.139	1.475	0.171	0.186	0.66	0.65	0.34	0.35	30
152	6937	51.37	34.21	200	0.044	0.304	0.139	1.468	0.179	0.193	0.663	0.652	0.337	0.348	30
153	6938	51.37	34.46	200	0.046	0.311	0.146	1.457	0.195	0.209	0.691	0.681	0.309	0.319	30
154	6939	51.37	34.71	200	0.047	0.316	0.148	1.452	0.203	0.217	0.702	0.691	0.298	0.308	30
155	6940	51.12	-4.04	199.216	0.182	0.335	0.155	1.393	0.202	0.212	0.599	0.599	0.401	0.401	30
156	6941	51.12	-3.79	198.622	0.2	0.339	0.152	1.356	0.195	0.203	0.589	0.589	0.411	0.411	30
157	6942	51.12	-3.54	198.62	0.197	0.336	0.151	1.367	0.194	0.204	0.589	0.586	0.411	0.414	30
158	6943	51.12	-3.29	199.622	0.179	0.333	0.156	1.416	0.206	0.218	0.611	0.605	0.389	0.395	30
159	6944	51.12	-3.04	199.771	0.136	0.33	0.16	1.438	0.226	0.233	0.608	0.593	0.392	0.407	30
160	6945	51.12	-2.79	199.321	0.138	0.336	0.169	1.431	0.246	0.254	0.627	0.612	0.374	0.388	30
161	6946	51.12	-2.54	198.21	0.168	0.339	0.175	1.427	0.248	0.265	0.666	0.659	0.334	0.341	30
162	6947	51.12	-2.29	198.811	0.173	0.339	0.176	1.429	0.243	0.261	0.675	0.669	0.325	0.331	30
163	6948	51.12	-2.04	198.987	0.18	0.335	0.176	1.443	0.243	0.263	0.697	0.69	0.303	0.31	30
164	6949	51.12	-1.79	199.145	0.177	0.331	0.177	1.452	0.242	0.265	0.694	0.687	0.306	0.313	30
165	6950	51.12	-1.54	199.447	0.172	0.327	0.174	1.457	0.238	0.261	0.671	0.663	0.329	0.337	30
166	6951	51.12	-1.29	199.567	0.17	0.329	0.177	1.454	0.239	0.263	0.691	0.682	0.309	0.318	30
167	6952	51.12	-1.04	199.723	0.169	0.33	0.177	1.45	0.24	0.267	0.696	0.687	0.304	0.313	30
168	6953	51.12	-0.789999999999999	199.861	0.163	0.322	0.157	1.451	0.215	0.242	0.638	0.629	0.362	0.371	30
169	6954	51.12	-0.539999999999999	199.923	0.149	0.319	0.157	1.462	0.215	0.24	0.63	0.619	0.37	0.381	30
170	6955	51.12	-0.289999999999999	199.945	0.143	0.318	0.16	1.472	0.215	0.24	0.646	0.634	0.353	0.366	30
171	6956	51.12	-0.0399999999999991	199.964	0.149	0.323	0.163	1.474	0.221	0.246	0.672	0.66	0.328	0.34	30
172	6957	51.12	0.210000000000001	199.969	0.151	0.325	0.163	1.471	0.221	0.246	0.678	0.667	0.321	0.333	30
173	6958	51.12	0.460000000000001	199.974	0.144	0.322	0.162	1.471	0.223	0.246	0.667	0.653	0.333	0.347	30
174	6959	51.12	0.710000000000001	199.989	0.134	0.322	0.166	1.469	0.235	0.254	0.667	0.646	0.334	0.354	30
175	6960	51.12	0.960000000000001	199.982	0.132	0.323	0.17	1.466	0.238	0.256	0.677	0.656	0.323	0.344	30
176	6961	51.12	2.46	200	0.045	0.277	0.141	1.542	0.222	0.204	0.582	0.52	0.418	0.48	30
177	6962	51.12	2.71	200	0.033	0.276	0.148	1.558	0.235	0.213	0.601	0.534	0.399	0.466	30
178	6963	51.12	2.96	200	0.031	0.242	0.127	1.568	0.188	0.178	0.472	0.423	0.528	0.577	30
179	6964	51.12	3.21	199.998	0.032	0.209	0.099	1.567	0.124	0.125	0.355	0.318	0.645	0.682	30
180	6965	51.12	3.46	200	0.028	0.206	0.093	1.562	0.1	0.104	0.328	0.302	0.672	0.698	30
181	6966	51.12	3.71	200	0.028	0.208	0.092	1.558	0.103	0.102	0.343	0.31	0.657	0.69	30
182	6967	51.12	3.96	200	0.03	0.206	0.091	1.561	0.105	0.105	0.363	0.327	0.637	0.673	30
183	6968	51.12	4.21	200	0.033	0.227	0.1	1.559	0.118	0.121	0.441	0.406	0.559	0.593	30
184	6969	51.12	4.46	200	0.037	0.23	0.101	1.555	0.112	0.119	0.409	0.371	0.591	0.628	30
185	6970	51.12	4.71	200	0.04	0.206	0.089	1.553	0.082	0.093	0.277	0.255	0.723	0.745	30
186	6971	51.12	4.96	200	0.05	0.2	0.085	1.552	0.069	0.081	0.235	0.22	0.764	0.78	30
187	6972	51.12	5.21	200	0.059	0.203	0.085	1.549	0.064	0.076	0.213	0.201	0.787	0.799	30
188	6973	51.12	5.46	200	0.068	0.201	0.081	1.555	0.057	0.07	0.224	0.216	0.775	0.783	30
189	6974	51.12	5.71	200	0.066	0.223	0.092	1.552	0.08	0.091	0.336	0.32	0.663	0.68	30
190	6975	51.12	5.96	200	0.068	0.246	0.107	1.548	0.105	0.114	0.433	0.414	0.567	0.586	30
191	6976	51.12	6.21	199.999	0.079	0.261	0.116	1.547	0.12	0.132	0.509	0.492	0.491	0.508	30
192	6977	51.12	6.46	199.999	0.079	0.273	0.127	1.539	0.148	0.158	0.582	0.559	0.418	0.441	30
193	6978	51.12	6.71	199.999	0.073	0.27	0.127	1.539	0.156	0.164	0.555	0.531	0.445	0.469	30
194	6979	51.12	6.96	199.99	0.102	0.282	0.132	1.532	0.164	0.175	0.563	0.543	0.437	0.457	30
195	6980	51.12	7.21	199.925	0.166	0.315	0.151	1.516	0.18	0.199	0.651	0.63	0.349	0.37	30
196	6981	51.12	7.46	199.642	0.198	0.324	0.154	1.487	0.19	0.207	0.657	0.634	0.343	0.366	30
197	6982	51.12	7.71	198.999	0.224	0.323	0.145	1.454	0.181	0.192	0.631	0.604	0.369	0.396	30
198	6983	51.12	7.96	197.63	0.238	0.322	0.143	1.435	0.178	0.188	0.616	0.589	0.384	0.411	30
199	6984	51.12	8.21	196.386	0.251	0.326	0.145	1.409	0.191	0.201	0.618	0.59	0.382	0.41	30
200	6985	51.12	8.46	197.474	0.257	0.326	0.144	1.397	0.193	0.202	0.622	0.593	0.378	0.407	30
201	6986	51.12	8.71	199.216	0.218	0.318	0.146	1.458	0.193	0.204	0.643	0.621	0.357	0.378	30
202	6987	51.12	8.96	199.781	0.205	0.315	0.149	1.491	0.193	0.206	0.665	0.646	0.335	0.354	30
203	6988	51.12	9.21	199.95	0.178	0.312	0.155	1.507	0.192	0.208	0.679	0.666	0.321	0.334	30
204	6989	51.12	9.46	199.97	0.177	0.309	0.154	1.502	0.189	0.203	0.663	0.651	0.337	0.349	30
205	6990	51.12	9.71	199.813	0.208	0.311	0.148	1.478	0.18	0.192	0.632	0.613	0.368	0.387	30
206	6991	51.12	9.96	199.923	0.197	0.315	0.155	1.496	0.195	0.211	0.652	0.638	0.348	0.362	30
207	6992	51.12	10.21	199.965	0.195	0.319	0.162	1.497	0.212	0.229	0.673	0.66	0.327	0.34	30
208	6993	51.12	10.46	199.967	0.167	0.326	0.174	1.494	0.231	0.252	0.727	0.719	0.273	0.281	30
209	6994	51.12	10.71	199.997	0.135	0.327	0.18	1.505	0.242	0.262	0.763	0.762	0.237	0.238	30
210	6995	51.12	10.96	200	0.116	0.321	0.177	1.506	0.239	0.257	0.712	0.71	0.288	0.29	30
211	6996	51.12	11.21	200	0.12	0.321	0.176	1.508	0.233	0.252	0.7	0.696	0.3	0.304	30
212	6997	51.12	11.46	200	0.133	0.323	0.174	1.515	0.219	0.239	0.74	0.736	0.26	0.264	30
213	6998	51.12	11.71	200	0.139	0.315	0.167	1.519	0.21	0.231	0.734	0.727	0.266	0.273	30
214	6999	51.12	11.96	200	0.123	0.305	0.158	1.526	0.195	0.214	0.692	0.683	0.308	0.317	30
215	7000	51.12	12.21	200	0.108	0.296	0.149	1.526	0.181	0.199	0.632	0.623	0.368	0.377	30
216	7001	51.12	12.46	200	0.103	0.288	0.14	1.527	0.167	0.185	0.594	0.584	0.406	0.416	30
217	7002	51.12	12.71	200	0.117	0.295	0.141	1.526	0.162	0.184	0.64	0.626	0.36	0.374	30
218	7003	51.12	12.96	200	0.127	0.303	0.148	1.525	0.171	0.194	0.693	0.679	0.307	0.321	30
219	7004	51.12	13.21	200	0.124	0.306	0.151	1.524	0.174	0.199	0.701	0.688	0.299	0.312	30
220	7005	51.12	13.46	199.999	0.123	0.301	0.148	1.52	0.174	0.198	0.661	0.649	0.339	0.351	30
221	7006	51.12	13.71	199.99	0.123	0.284	0.137	1.515	0.161	0.181	0.565	0.554	0.435	0.446	30
222	7007	51.12	13.96	199.984	0.136	0.287	0.134	1.514	0.149	0.169	0.564	0.552	0.435	0.448	30
223	7008	51.12	14.21	199.982	0.149	0.296	0.135	1.511	0.15	0.169	0.586	0.57	0.414	0.43	30
224	7009	51.12	14.46	199.981	0.149	0.293	0.131	1.51	0.145	0.162	0.571	0.553	0.429	0.447	30
225	7010	51.12	14.71	199.996	0.139	0.294	0.134	1.527	0.147	0.167	0.582	0.569	0.418	0.431	30
226	7011	51.12	14.96	199.983	0.128	0.287	0.133	1.527	0.147	0.166	0.567	0.556	0.433	0.444	30
227	7012	51.12	15.21	199.855	0.133	0.282	0.125	1.517	0.135	0.152	0.525	0.512	0.474	0.488	30
228	7013	51.12	15.46	199.901	0.138	0.286	0.129	1.516	0.144	0.162	0.553	0.539	0.447	0.461	30
229	7014	51.12	15.71	199.97	0.133	0.295	0.135	1.526	0.154	0.174	0.601	0.588	0.399	0.412	30
230	7015	51.12	15.96	199.971	0.121	0.294	0.137	1.529	0.156	0.176	0.609	0.595	0.391	0.405	30
231	7016	51.12	16.21	199.996	0.095	0.288	0.137	1.537	0.161	0.182	0.606	0.599	0.394	0.401	30
232	7017	51.12	16.46	200	0.08	0.282	0.135	1.544	0.162	0.183	0.596	0.592	0.404	0.408	30
233	7018	51.12	16.71	199.996	0.07	0.271	0.127	1.542	0.151	0.171	0.523	0.52	0.477	0.48	30
234	7019	51.12	16.96	199.999	0.064	0.266	0.129	1.532	0.157	0.173	0.478	0.475	0.522	0.525	30
235	7020	51.12	17.21	199.989	0.06	0.258	0.122	1.534	0.141	0.158	0.448	0.445	0.552	0.555	30
236	7021	51.12	17.46	199.954	0.064	0.241	0.106	1.54	0.108	0.126	0.377	0.376	0.623	0.623	30
237	7022	51.12	17.71	199.994	0.068	0.246	0.107	1.548	0.108	0.127	0.391	0.392	0.609	0.608	30
238	7023	51.12	17.96	199.988	0.071	0.247	0.107	1.549	0.102	0.122	0.383	0.385	0.616	0.614	30
239	7024	51.12	18.21	199.988	0.072	0.253	0.111	1.552	0.108	0.13	0.427	0.428	0.573	0.572	30
240	7025	51.12	18.46	199.992	0.08	0.252	0.11	1.552	0.107	0.129	0.444	0.446	0.555	0.554	30
241	7026	51.12	18.71	199.994	0.081	0.244	0.103	1.546	0.095	0.114	0.39	0.392	0.609	0.608	30
242	7027	51.12	18.96	199.998	0.076	0.244	0.103	1.542	0.093	0.111	0.364	0.369	0.635	0.631	30
243	7028	51.12	19.21	200	0.08	0.252	0.108	1.535	0.097	0.116	0.383	0.387	0.617	0.613	30
244	7029	51.12	19.46	200	0.083	0.256	0.109	1.529	0.096	0.114	0.38	0.383	0.619	0.617	30
245	7030	51.12	19.71	199.999	0.083	0.257	0.109	1.533	0.094	0.113	0.388	0.391	0.612	0.609	30
246	7031	51.12	19.96	200	0.089	0.253	0.105	1.529	0.092	0.111	0.363	0.367	0.636	0.633	30
247	7032	51.12	20.21	199.999	0.093	0.258	0.107	1.525	0.101	0.119	0.381	0.383	0.619	0.617	30
248	7033	51.12	20.46	199.997	0.114	0.266	0.109	1.509	0.113	0.13	0.425	0.422	0.574	0.578	30
249	7034	51.12	20.71	199.996	0.129	0.276	0.114	1.49	0.131	0.148	0.478	0.467	0.521	0.533	30
250	7035	51.12	20.96	199.985	0.113	0.266	0.113	1.509	0.12	0.138	0.457	0.452	0.543	0.548	30
251	7036	51.12	21.21	199.994	0.096	0.256	0.107	1.519	0.102	0.121	0.429	0.428	0.571	0.572	30
252	7037	51.12	21.46	200	0.076	0.245	0.103	1.529	0.089	0.108	0.392	0.393	0.608	0.607	30
253	7038	51.12	21.71	200	0.066	0.244	0.105	1.533	0.095	0.114	0.383	0.383	0.616	0.617	30
254	7039	51.12	21.96	200	0.079	0.262	0.115	1.53	0.107	0.126	0.441	0.436	0.559	0.564	30
255	7040	51.12	22.21	200	0.075	0.279	0.123	1.529	0.115	0.135	0.563	0.556	0.437	0.444	30
256	7041	51.12	22.46	200	0.072	0.287	0.128	1.527	0.124	0.144	0.62	0.611	0.38	0.389	30
257	7042	51.12	22.71	200	0.078	0.292	0.132	1.522	0.13	0.151	0.634	0.625	0.366	0.375	30
258	7043	51.12	22.96	200	0.071	0.282	0.124	1.521	0.119	0.138	0.577	0.568	0.423	0.432	30
259	7044	51.12	23.21	200	0.071	0.283	0.126	1.512	0.124	0.145	0.57	0.564	0.43	0.436	30
260	7045	51.12	23.46	200	0.071	0.285	0.129	1.506	0.131	0.152	0.567	0.56	0.433	0.44	30
261	7046	51.12	23.71	200	0.056	0.273	0.118	1.509	0.113	0.131	0.451	0.443	0.549	0.557	30
262	7047	51.12	23.96	199.996	0.061	0.274	0.118	1.501	0.105	0.126	0.392	0.388	0.608	0.612	30
263	7048	51.12	24.21	199.992	0.063	0.279	0.125	1.496	0.111	0.137	0.418	0.417	0.581	0.582	30
264	7049	51.12	24.46	199.998	0.06	0.281	0.13	1.49	0.119	0.144	0.449	0.449	0.55	0.55	30
265	7050	51.12	24.71	199.999	0.059	0.282	0.127	1.492	0.113	0.138	0.435	0.434	0.565	0.566	30
266	7051	51.12	24.96	199.996	0.057	0.284	0.129	1.488	0.116	0.139	0.447	0.443	0.553	0.557	30
267	7052	51.12	25.21	199.96	0.057	0.284	0.129	1.488	0.115	0.135	0.434	0.429	0.566	0.571	30
268	7053	51.12	25.46	199.782	0.065	0.282	0.121	1.492	0.103	0.12	0.373	0.368	0.627	0.632	30
269	7054	51.12	25.71	199.911	0.063	0.281	0.12	1.497	0.101	0.119	0.361	0.357	0.639	0.643	30
270	7055	51.12	25.96	199.982	0.061	0.279	0.119	1.504	0.097	0.117	0.353	0.352	0.647	0.648	30
271	7056	51.12	26.21	199.967	0.057	0.277	0.12	1.507	0.095	0.113	0.357	0.356	0.643	0.644	30
272	7057	51.12	26.46	199.949	0.057	0.277	0.118	1.505	0.088	0.107	0.334	0.335	0.666	0.665	30
273	7058	51.12	26.71	199.967	0.054	0.276	0.119	1.499	0.089	0.105	0.331	0.329	0.669	0.671	30
274	7059	51.12	26.96	199.976	0.074	0.274	0.108	1.494	0.084	0.096	0.309	0.306	0.691	0.694	30
275	7060	51.12	27.21	199.997	0.079	0.279	0.111	1.491	0.087	0.1	0.33	0.326	0.67	0.674	30
276	7061	51.12	27.46	199.999	0.078	0.28	0.111	1.484	0.091	0.104	0.359	0.351	0.641	0.649	30
277	7062	51.12	27.71	199.999	0.079	0.281	0.112	1.479	0.097	0.108	0.39	0.379	0.61	0.621	30
278	7063	51.12	27.96	199.991	0.078	0.286	0.117	1.473	0.105	0.118	0.424	0.413	0.576	0.587	30
279	7064	51.12	28.21	199.977	0.071	0.282	0.117	1.482	0.103	0.116	0.421	0.411	0.579	0.589	30
280	7065	51.12	28.46	199.99	0.066	0.277	0.115	1.491	0.102	0.116	0.422	0.412	0.578	0.588	30
281	7066	51.12	28.71	199.971	0.055	0.273	0.115	1.496	0.105	0.118	0.42	0.412	0.58	0.588	30
282	7067	51.12	28.96	199.756	0.049	0.275	0.118	1.497	0.109	0.121	0.411	0.403	0.589	0.597	30
283	7068	51.12	29.21	199.709	0.051	0.268	0.11	1.502	0.087	0.097	0.337	0.325	0.664	0.675	30
284	7069	51.12	29.46	199.982	0.045	0.269	0.112	1.511	0.092	0.102	0.345	0.333	0.656	0.667	30
285	7070	51.12	29.71	199.992	0.042	0.269	0.114	1.518	0.097	0.107	0.357	0.345	0.644	0.655	30
286	7071	51.12	29.96	199.967	0.047	0.262	0.108	1.52	0.084	0.093	0.324	0.313	0.676	0.687	30
287	7072	51.12	30.21	199.923	0.051	0.266	0.106	1.503	0.089	0.097	0.325	0.315	0.675	0.684	30
288	7073	51.12	30.46	199.31	0.055	0.296	0.117	1.46	0.118	0.125	0.379	0.371	0.621	0.629	30
289	7074	51.12	30.71	199.81	0.048	0.279	0.112	1.489	0.114	0.123	0.384	0.375	0.616	0.625	30
290	7075	51.12	30.96	199.999	0.038	0.28	0.121	1.506	0.136	0.146	0.46	0.453	0.54	0.547	30
291	7076	51.12	31.21	199.998	0.031	0.287	0.13	1.513	0.153	0.164	0.538	0.531	0.462	0.469	30
292	7077	51.12	31.46	200	0.028	0.293	0.13	1.514	0.156	0.167	0.551	0.543	0.449	0.457	30
293	7078	51.12	31.71	200	0.027	0.303	0.133	1.502	0.158	0.169	0.568	0.561	0.432	0.439	30
294	7079	51.12	31.96	200	0.03	0.308	0.135	1.495	0.162	0.172	0.591	0.587	0.409	0.413	30
295	7080	51.12	32.21	200	0.035	0.311	0.137	1.495	0.162	0.172	0.591	0.585	0.409	0.415	30
296	7081	51.12	32.46	200	0.038	0.316	0.144	1.486	0.175	0.185	0.64	0.633	0.36	0.367	30
297	7082	51.12	32.71	200	0.038	0.322	0.149	1.473	0.185	0.198	0.675	0.67	0.325	0.33	30
298	7083	51.12	32.96	200	0.039	0.32	0.149	1.47	0.184	0.195	0.676	0.67	0.324	0.33	30
299	7084	51.12	33.21	200	0.039	0.317	0.149	1.467	0.183	0.192	0.674	0.665	0.326	0.335	30
300	7085	51.12	33.46	200	0.04	0.322	0.15	1.453	0.18	0.19	0.681	0.673	0.319	0.327	30
301	7086	51.12	33.71	200	0.037	0.321	0.15	1.451	0.18	0.189	0.68	0.671	0.321	0.329	30
302	7087	51.12	33.96	200	0.039	0.316	0.148	1.456	0.184	0.193	0.686	0.677	0.314	0.323	30
303	7088	51.12	34.21	200	0.036	0.317	0.153	1.452	0.201	0.212	0.703	0.694	0.297	0.306	30
304	7089	51.12	34.46	200	0.037	0.317	0.157	1.439	0.21	0.221	0.714	0.704	0.286	0.296	30
305	7090	51.12	34.71	200	0.044	0.32	0.16	1.435	0.211	0.222	0.719	0.708	0.281	0.292	30
306	7091	50.87	-4.04	199.841	0.181	0.341	0.159	1.401	0.213	0.223	0.619	0.622	0.381	0.378	30
307	7092	50.87	-3.79	199.883	0.19	0.339	0.158	1.398	0.21	0.221	0.617	0.62	0.383	0.379	30
308	7093	50.87	-3.54	199.853	0.182	0.336	0.158	1.408	0.208	0.22	0.614	0.613	0.386	0.387	30
309	7094	50.87	-3.29	199.836	0.179	0.335	0.159	1.416	0.212	0.226	0.624	0.622	0.376	0.378	30
310	7095	50.87	-3.04	199.364	0.177	0.336	0.162	1.418	0.218	0.234	0.63	0.625	0.37	0.375	30
311	7096	50.87	-2.79	198.79	0.166	0.336	0.168	1.437	0.23	0.247	0.656	0.648	0.344	0.352	30
312	7097	50.87	-2.54	198.392	0.168	0.337	0.173	1.441	0.238	0.259	0.684	0.677	0.316	0.323	30
313	7098	50.87	-2.29	199.074	0.167	0.336	0.171	1.441	0.234	0.255	0.676	0.668	0.324	0.332	30
314	7099	50.87	-2.04	199.538	0.166	0.329	0.165	1.45	0.225	0.245	0.652	0.643	0.348	0.357	30
315	7100	50.87	-1.79	199.748	0.152	0.319	0.153	1.452	0.21	0.231	0.592	0.583	0.408	0.417	30
316	7101	50.87	-1.54	199.882	0.138	0.313	0.148	1.455	0.2	0.219	0.551	0.541	0.449	0.459	30
317	7102	50.87	-1.29	199.828	0.137	0.314	0.155	1.462	0.212	0.228	0.593	0.58	0.407	0.42	30
318	7103	50.87	-1.04	199.681	0.151	0.323	0.169	1.458	0.23	0.251	0.667	0.656	0.333	0.344	30
319	7104	50.87	-0.789999999999999	199.874	0.143	0.322	0.163	1.46	0.225	0.243	0.662	0.648	0.338	0.352	30
320	7105	50.87	-0.539999999999999	199.896	0.138	0.317	0.16	1.469	0.221	0.24	0.642	0.627	0.358	0.373	30
321	7106	50.87	-0.289999999999999	199.886	0.128	0.311	0.158	1.477	0.217	0.235	0.635	0.616	0.365	0.384	30
322	7107	50.87	-0.0399999999999991	199.906	0.136	0.316	0.16	1.478	0.222	0.242	0.661	0.644	0.339	0.356	30
323	7108	50.87	0.210000000000001	199.881	0.132	0.319	0.158	1.474	0.224	0.24	0.656	0.636	0.345	0.364	30
324	7109	50.87	0.460000000000001	199.959	0.14	0.323	0.159	1.465	0.222	0.24	0.654	0.637	0.346	0.363	30
325	7110	50.87	2.46	200	0.059	0.28	0.145	1.559	0.203	0.207	0.633	0.584	0.367	0.416	30
326	7111	50.87	2.71	200	0.048	0.27	0.145	1.573	0.193	0.202	0.613	0.563	0.387	0.437	30
327	7112	50.87	2.96	200	0.042	0.238	0.123	1.583	0.147	0.164	0.497	0.455	0.503	0.545	30
328	7113	50.87	3.21	200	0.041	0.221	0.108	1.584	0.12	0.136	0.45	0.411	0.55	0.589	30
329	7114	50.87	3.46	200	0.048	0.232	0.11	1.581	0.116	0.132	0.498	0.468	0.502	0.532	30
330	7115	50.87	3.71	200	0.065	0.253	0.12	1.576	0.129	0.147	0.596	0.568	0.404	0.432	30
331	7116	50.87	3.96	200	0.064	0.259	0.121	1.577	0.13	0.148	0.638	0.604	0.362	0.396	30
332	7117	50.87	4.21	200	0.071	0.266	0.122	1.573	0.131	0.149	0.678	0.647	0.322	0.353	30
333	7118	50.87	4.46	200	0.081	0.263	0.117	1.565	0.129	0.143	0.642	0.608	0.358	0.392	30
334	7119	50.87	4.71	200	0.078	0.257	0.113	1.567	0.122	0.136	0.598	0.57	0.401	0.43	30
335	7120	50.87	4.96	200	0.078	0.268	0.121	1.567	0.129	0.145	0.646	0.62	0.354	0.38	30
336	7121	50.87	5.21	200	0.074	0.259	0.121	1.565	0.127	0.144	0.581	0.556	0.418	0.444	30
337	7122	50.87	5.46	200	0.086	0.259	0.12	1.561	0.125	0.142	0.566	0.55	0.434	0.45	30
338	7123	50.87	5.71	199.971	0.095	0.275	0.128	1.549	0.141	0.157	0.627	0.612	0.373	0.388	30
339	7124	50.87	5.96	199.945	0.107	0.297	0.143	1.538	0.159	0.177	0.694	0.679	0.306	0.321	30
340	7125	50.87	6.21	199.908	0.112	0.302	0.144	1.526	0.164	0.18	0.698	0.681	0.302	0.319	30
341	7126	50.87	6.46	199.959	0.112	0.301	0.145	1.522	0.176	0.188	0.692	0.674	0.308	0.326	30
342	7127	50.87	6.71	199.998	0.092	0.293	0.143	1.532	0.178	0.189	0.661	0.643	0.339	0.357	30
343	7128	50.87	6.96	199.994	0.089	0.278	0.133	1.531	0.172	0.18	0.564	0.544	0.436	0.456	30
344	7129	50.87	7.21	199.959	0.141	0.296	0.14	1.526	0.171	0.186	0.618	0.595	0.382	0.404	30
345	7130	50.87	7.46	199.795	0.184	0.317	0.153	1.509	0.183	0.201	0.654	0.63	0.346	0.37	30
346	7131	50.87	7.71	199.549	0.202	0.318	0.147	1.485	0.178	0.191	0.634	0.606	0.366	0.393	30
347	7132	50.87	7.96	198.363	0.224	0.316	0.14	1.457	0.172	0.18	0.605	0.575	0.395	0.425	30
348	7133	50.87	8.21	196.352	0.236	0.321	0.145	1.434	0.186	0.196	0.61	0.582	0.39	0.418	30
349	7134	50.87	8.46	198.09	0.23	0.318	0.147	1.457	0.189	0.2	0.628	0.603	0.372	0.397	30
350	7135	50.87	8.71	199.464	0.19	0.308	0.148	1.504	0.186	0.199	0.641	0.623	0.359	0.377	30
351	7136	50.87	8.96	199.795	0.179	0.307	0.148	1.516	0.186	0.201	0.651	0.636	0.349	0.364	30
352	7137	50.87	9.21	199.978	0.173	0.31	0.153	1.518	0.191	0.209	0.673	0.662	0.327	0.338	30
353	7138	50.87	9.46	199.981	0.196	0.308	0.148	1.493	0.186	0.199	0.647	0.63	0.352	0.369	30
354	7139	50.87	9.71	199.962	0.195	0.307	0.147	1.498	0.18	0.194	0.632	0.617	0.367	0.383	30
355	7140	50.87	9.96	199.99	0.195	0.31	0.153	1.5	0.194	0.21	0.647	0.634	0.352	0.366	30
356	7141	50.87	10.21	199.938	0.194	0.309	0.15	1.492	0.188	0.203	0.626	0.609	0.374	0.391	30
357	7142	50.87	10.46	199.18	0.201	0.316	0.15	1.466	0.193	0.206	0.637	0.617	0.363	0.383	30
358	7143	50.87	10.71	198.538	0.175	0.319	0.158	1.457	0.21	0.224	0.674	0.66	0.326	0.34	30
359	7144	50.87	10.96	199.821	0.155	0.32	0.17	1.49	0.225	0.242	0.7	0.69	0.3	0.31	30
360	7145	50.87	11.21	199.999	0.164	0.319	0.169	1.498	0.224	0.243	0.702	0.69	0.298	0.31	30
361	7146	50.87	11.46	200	0.163	0.314	0.166	1.504	0.214	0.235	0.696	0.685	0.304	0.315	30
362	7147	50.87	11.71	200	0.165	0.305	0.152	1.508	0.19	0.21	0.661	0.646	0.339	0.354	30
363	7148	50.87	11.96	200	0.154	0.304	0.15	1.518	0.184	0.204	0.669	0.655	0.331	0.345	30
364	7149	50.87	12.21	200	0.138	0.309	0.159	1.526	0.191	0.212	0.71	0.699	0.29	0.301	30
365	7150	50.87	12.46	200	0.13	0.307	0.159	1.527	0.192	0.215	0.708	0.696	0.292	0.304	30
366	7151	50.87	12.71	199.998	0.143	0.303	0.149	1.519	0.179	0.199	0.683	0.663	0.317	0.337	30
367	7152	50.87	12.96	199.991	0.154	0.302	0.145	1.505	0.17	0.188	0.65	0.628	0.349	0.372	30
368	7153	50.87	13.21	199.978	0.169	0.307	0.142	1.492	0.169	0.187	0.645	0.618	0.355	0.381	30
369	7154	50.87	13.46	199.971	0.175	0.308	0.141	1.477	0.169	0.186	0.63	0.603	0.37	0.397	30
370	7155	50.87	13.71	199.907	0.176	0.302	0.139	1.474	0.169	0.185	0.597	0.573	0.403	0.427	30
371	7156	50.87	13.96	199.995	0.169	0.301	0.143	1.491	0.173	0.191	0.598	0.579	0.402	0.421	30
372	7157	50.87	14.21	199.976	0.188	0.301	0.136	1.484	0.165	0.181	0.575	0.555	0.425	0.445	30
373	7158	50.87	14.46	199.967	0.182	0.296	0.129	1.482	0.156	0.169	0.569	0.545	0.43	0.455	30
374	7159	50.87	14.71	199.974	0.165	0.296	0.135	1.502	0.159	0.175	0.59	0.572	0.41	0.428	30
375	7160	50.87	14.96	199.79	0.172	0.297	0.136	1.499	0.162	0.179	0.599	0.579	0.4	0.421	30
376	7161	50.87	15.21	198.167	0.192	0.302	0.125	1.447	0.144	0.154	0.563	0.535	0.436	0.465	30
377	7162	50.87	15.46	197.565	0.204	0.3	0.12	1.421	0.14	0.15	0.552	0.523	0.448	0.477	30
378	7163	50.87	15.71	197.853	0.197	0.299	0.125	1.447	0.149	0.161	0.571	0.544	0.429	0.456	30
379	7164	50.87	15.96	199.637	0.187	0.3	0.131	1.471	0.16	0.173	0.597	0.572	0.403	0.428	30
380	7165	50.87	16.21	199.926	0.153	0.301	0.139	1.507	0.167	0.185	0.626	0.609	0.374	0.391	30
381	7166	50.87	16.46	199.956	0.121	0.297	0.144	1.524	0.17	0.191	0.65	0.638	0.35	0.362	30
382	7167	50.87	16.71	199.938	0.101	0.291	0.144	1.534	0.174	0.195	0.64	0.631	0.359	0.369	30
383	7168	50.87	16.96	199.99	0.071	0.284	0.14	1.535	0.17	0.19	0.581	0.574	0.419	0.426	30
384	7169	50.87	17.21	199.987	0.061	0.274	0.129	1.538	0.156	0.175	0.535	0.528	0.465	0.472	30
385	7170	50.87	17.46	199.931	0.063	0.256	0.117	1.539	0.137	0.155	0.457	0.451	0.543	0.549	30
386	7171	50.87	17.71	199.983	0.065	0.242	0.108	1.538	0.119	0.137	0.374	0.37	0.626	0.63	30
387	7172	50.87	17.96	199.973	0.074	0.236	0.101	1.535	0.096	0.113	0.311	0.306	0.689	0.694	30
388	7173	50.87	18.21	199.983	0.087	0.246	0.103	1.536	0.093	0.11	0.359	0.356	0.64	0.644	30
389	7174	50.87	18.46	199.993	0.096	0.255	0.109	1.539	0.099	0.118	0.419	0.417	0.58	0.583	30
390	7175	50.87	18.71	200	0.092	0.255	0.11	1.535	0.102	0.121	0.417	0.416	0.582	0.584	30
391	7176	50.87	18.96	199.999	0.092	0.256	0.109	1.532	0.107	0.125	0.412	0.41	0.588	0.59	30
392	7177	50.87	19.21	199.999	0.09	0.264	0.118	1.529	0.124	0.144	0.461	0.458	0.539	0.542	30
393	7178	50.87	19.46	199.999	0.087	0.266	0.116	1.519	0.116	0.135	0.428	0.426	0.571	0.573	30
394	7179	50.87	19.71	199.999	0.081	0.262	0.113	1.521	0.106	0.125	0.4	0.4	0.599	0.6	30
395	7180	50.87	19.96	200	0.089	0.259	0.112	1.524	0.102	0.122	0.395	0.397	0.605	0.603	30
396	7181	50.87	20.21	200	0.101	0.269	0.121	1.523	0.121	0.143	0.46	0.46	0.54	0.54	30
397	7182	50.87	20.46	200	0.112	0.273	0.128	1.521	0.138	0.16	0.508	0.504	0.492	0.496	30
398	7183	50.87	20.71	199.997	0.12	0.277	0.126	1.505	0.143	0.164	0.522	0.514	0.478	0.486	30
399	7184	50.87	20.96	199.989	0.128	0.282	0.125	1.502	0.143	0.161	0.549	0.539	0.451	0.46	30
400	7185	50.87	21.21	199.997	0.116	0.286	0.128	1.516	0.137	0.156	0.588	0.58	0.412	0.42	30
401	7186	50.87	21.46	200	0.094	0.279	0.125	1.522	0.122	0.142	0.563	0.558	0.437	0.442	30
402	7187	50.87	21.71	200	0.077	0.263	0.118	1.526	0.112	0.131	0.482	0.477	0.518	0.523	30
403	7188	50.87	21.96	199.999	0.085	0.264	0.116	1.525	0.108	0.127	0.451	0.443	0.549	0.557	30
404	7189	50.87	22.21	199.999	0.089	0.279	0.119	1.518	0.111	0.13	0.541	0.531	0.459	0.468	30
405	7190	50.87	22.46	200	0.088	0.291	0.126	1.512	0.128	0.146	0.625	0.614	0.375	0.386	30
406	7191	50.87	22.71	200	0.089	0.297	0.132	1.506	0.143	0.162	0.672	0.661	0.327	0.339	30
407	7192	50.87	22.96	199.999	0.08	0.291	0.13	1.507	0.138	0.155	0.65	0.638	0.349	0.362	30
408	7193	50.87	23.21	199.999	0.08	0.289	0.129	1.507	0.135	0.151	0.626	0.614	0.374	0.386	30
409	7194	50.87	23.46	200	0.08	0.299	0.135	1.502	0.147	0.165	0.678	0.666	0.322	0.334	30
410	7195	50.87	23.71	200	0.066	0.293	0.131	1.502	0.139	0.155	0.616	0.605	0.384	0.395	30
411	7196	50.87	23.96	200	0.061	0.284	0.126	1.499	0.124	0.141	0.513	0.504	0.486	0.496	30
412	7197	50.87	24.21	199.998	0.064	0.285	0.133	1.489	0.132	0.155	0.527	0.522	0.473	0.478	30
413	7198	50.87	24.46	199.999	0.068	0.288	0.135	1.484	0.136	0.16	0.528	0.526	0.471	0.474	30
414	7199	50.87	24.71	200	0.069	0.292	0.135	1.482	0.137	0.16	0.54	0.536	0.46	0.464	30
415	7200	50.87	24.96	200	0.065	0.294	0.138	1.48	0.142	0.165	0.564	0.558	0.436	0.442	30
416	7201	50.87	25.21	199.998	0.062	0.291	0.136	1.48	0.141	0.161	0.542	0.536	0.458	0.464	30
417	7202	50.87	25.46	199.996	0.063	0.289	0.133	1.488	0.132	0.151	0.487	0.482	0.513	0.518	30
418	7203	50.87	25.71	199.997	0.066	0.291	0.131	1.483	0.126	0.148	0.463	0.458	0.537	0.542	30
419	7204	50.87	25.96	199.991	0.069	0.286	0.126	1.495	0.114	0.136	0.422	0.42	0.578	0.58	30
420	7205	50.87	26.21	199.961	0.069	0.284	0.126	1.501	0.111	0.131	0.407	0.406	0.592	0.594	30
421	7206	50.87	26.46	199.966	0.061	0.285	0.127	1.496	0.11	0.128	0.403	0.399	0.597	0.601	30
422	7207	50.87	26.71	199.985	0.057	0.278	0.124	1.49	0.108	0.12	0.401	0.393	0.599	0.607	30
423	7208	50.87	26.96	199.984	0.071	0.272	0.112	1.491	0.098	0.109	0.368	0.361	0.632	0.639	30
424	7209	50.87	27.21	199.999	0.086	0.274	0.108	1.478	0.092	0.105	0.36	0.35	0.64	0.65	30
425	7210	50.87	27.46	200	0.086	0.281	0.112	1.477	0.098	0.113	0.406	0.395	0.593	0.605	30
426	7211	50.87	27.71	200	0.078	0.285	0.12	1.481	0.11	0.123	0.464	0.454	0.536	0.546	30
427	7212	50.87	27.96	200	0.074	0.29	0.126	1.478	0.118	0.132	0.498	0.487	0.502	0.513	30
428	7213	50.87	28.21	200	0.069	0.287	0.123	1.49	0.114	0.129	0.483	0.472	0.517	0.528	30
429	7214	50.87	28.46	200	0.064	0.288	0.125	1.497	0.118	0.134	0.496	0.486	0.504	0.514	30
430	7215	50.87	28.71	199.996	0.056	0.286	0.126	1.5	0.12	0.133	0.478	0.471	0.522	0.529	30
431	7216	50.87	28.96	199.971	0.046	0.284	0.124	1.498	0.11	0.123	0.432	0.426	0.568	0.574	30
432	7217	50.87	29.21	199.967	0.044	0.277	0.12	1.504	0.099	0.109	0.385	0.376	0.615	0.624	30
433	7218	50.87	29.46	199.978	0.046	0.271	0.117	1.512	0.089	0.099	0.35	0.341	0.65	0.659	30
434	7219	50.87	29.71	199.949	0.052	0.267	0.113	1.517	0.089	0.099	0.347	0.338	0.653	0.662	30
435	7220	50.87	29.96	199.98	0.051	0.267	0.112	1.52	0.087	0.097	0.34	0.332	0.66	0.669	30
436	7221	50.87	30.21	199.96	0.053	0.263	0.109	1.515	0.088	0.099	0.337	0.329	0.663	0.671	30
437	7222	50.87	30.46	199.591	0.054	0.285	0.116	1.496	0.118	0.127	0.384	0.376	0.616	0.624	30
438	7223	50.87	30.71	199.869	0.042	0.28	0.117	1.504	0.124	0.132	0.409	0.4	0.591	0.6	30
439	7224	50.87	30.96	199.999	0.032	0.281	0.13	1.505	0.15	0.159	0.505	0.499	0.495	0.501	30
440	7225	50.87	31.21	200	0.028	0.284	0.133	1.505	0.158	0.17	0.547	0.541	0.453	0.459	30
441	7226	50.87	31.46	199.999	0.034	0.294	0.133	1.491	0.159	0.17	0.568	0.56	0.432	0.44	30
442	7227	50.87	31.71	200	0.032	0.317	0.144	1.456	0.175	0.185	0.649	0.643	0.351	0.357	30
443	7228	50.87	31.96	200	0.031	0.32	0.144	1.461	0.173	0.182	0.643	0.638	0.357	0.362	30
444	7229	50.87	32.21	200	0.037	0.3	0.132	1.495	0.155	0.166	0.568	0.561	0.433	0.439	30
445	7230	50.87	32.46	200	0.041	0.301	0.138	1.48	0.163	0.172	0.61	0.603	0.39	0.397	30
446	7231	50.87	32.71	200	0.04	0.311	0.146	1.462	0.177	0.187	0.67	0.664	0.33	0.337	30
447	7232	50.87	32.96	200	0.042	0.308	0.145	1.467	0.176	0.186	0.667	0.66	0.333	0.34	30
448	7233	50.87	33.21	200	0.042	0.308	0.145	1.465	0.173	0.181	0.655	0.646	0.345	0.354	30
449	7234	50.87	33.46	200	0.044	0.305	0.144	1.466	0.175	0.182	0.645	0.635	0.355	0.365	30
450	7235	50.87	33.71	200	0.045	0.309	0.147	1.451	0.178	0.185	0.664	0.654	0.336	0.346	30
451	7236	50.87	33.96	200	0.048	0.311	0.149	1.445	0.184	0.191	0.686	0.675	0.314	0.325	30
452	7237	50.87	34.21	200	0.042	0.315	0.156	1.439	0.204	0.209	0.702	0.69	0.298	0.31	30
453	7238	50.87	34.46	199.999	0.044	0.315	0.159	1.439	0.212	0.219	0.709	0.697	0.291	0.303	30
454	7239	50.87	34.71	200	0.049	0.309	0.154	1.457	0.201	0.211	0.684	0.674	0.316	0.326	30
455	7240	50.62	-4.54	199.74	0.182	0.339	0.157	1.384	0.204	0.217	0.627	0.627	0.373	0.373	30
456	7241	50.62	-4.29	199.738	0.187	0.342	0.161	1.386	0.213	0.226	0.629	0.632	0.371	0.367	30
457	7242	50.62	-4.04	199.299	0.192	0.338	0.152	1.349	0.19	0.199	0.578	0.58	0.422	0.42	30
458	7243	50.62	-3.79	199.573	0.191	0.335	0.15	1.382	0.188	0.198	0.58	0.579	0.42	0.421	30
459	7244	50.62	1.96	199.997	0.134	0.316	0.162	1.515	0.207	0.226	0.761	0.738	0.239	0.262	30
460	7245	50.62	2.21	199.999	0.121	0.309	0.157	1.531	0.211	0.223	0.762	0.734	0.238	0.266	30
461	7246	50.62	2.46	200	0.088	0.289	0.148	1.55	0.195	0.207	0.689	0.654	0.311	0.346	30
462	7247	50.62	2.71	200	0.069	0.279	0.148	1.561	0.188	0.198	0.641	0.6	0.359	0.4	30
463	7248	50.62	2.96	200	0.06	0.261	0.138	1.57	0.166	0.178	0.581	0.54	0.418	0.46	30
464	7249	50.62	3.21	200	0.065	0.258	0.132	1.573	0.153	0.169	0.606	0.567	0.394	0.433	30
465	7250	50.62	3.46	200	0.073	0.267	0.131	1.574	0.145	0.165	0.658	0.623	0.342	0.377	30
466	7251	50.62	3.71	200	0.087	0.282	0.138	1.569	0.15	0.172	0.72	0.696	0.28	0.304	30
467	7252	50.62	3.96	200	0.09	0.293	0.143	1.566	0.158	0.179	0.785	0.765	0.215	0.235	30
468	7253	50.62	4.21	200	0.097	0.297	0.142	1.562	0.156	0.175	0.793	0.774	0.207	0.226	30
469	7254	50.62	4.46	200	0.104	0.299	0.138	1.559	0.147	0.165	0.775	0.755	0.224	0.244	30
470	7255	50.62	4.71	200	0.107	0.304	0.142	1.553	0.156	0.172	0.792	0.772	0.207	0.228	30
471	7256	50.62	4.96	200	0.11	0.313	0.151	1.548	0.171	0.187	0.836	0.817	0.163	0.183	30
472	7257	50.62	5.21	200	0.114	0.313	0.155	1.545	0.181	0.199	0.805	0.786	0.195	0.214	30
473	7258	50.62	5.46	199.994	0.125	0.311	0.156	1.537	0.183	0.201	0.754	0.735	0.246	0.265	30
474	7259	50.62	5.71	199.799	0.145	0.313	0.152	1.512	0.18	0.197	0.707	0.688	0.293	0.312	30
475	7260	50.62	5.96	199.184	0.165	0.322	0.152	1.473	0.186	0.202	0.691	0.675	0.309	0.325	30
476	7261	50.62	6.21	198.802	0.186	0.32	0.145	1.448	0.181	0.194	0.652	0.632	0.347	0.368	30
477	7262	50.62	6.46	199.544	0.183	0.32	0.153	1.472	0.195	0.211	0.682	0.662	0.318	0.338	30
478	7263	50.62	6.71	199.935	0.149	0.319	0.163	1.507	0.205	0.225	0.718	0.703	0.282	0.297	30
479	7264	50.62	6.96	199.949	0.148	0.303	0.148	1.513	0.181	0.196	0.658	0.638	0.342	0.362	30
480	7265	50.62	7.21	199.971	0.163	0.3	0.144	1.518	0.174	0.187	0.643	0.619	0.357	0.381	30
481	7266	50.62	7.46	199.945	0.179	0.309	0.149	1.52	0.18	0.195	0.653	0.629	0.347	0.371	30
482	7267	50.62	7.71	199.798	0.187	0.313	0.15	1.503	0.187	0.202	0.654	0.63	0.346	0.37	30
483	7268	50.62	7.96	199.538	0.197	0.319	0.151	1.47	0.196	0.21	0.66	0.637	0.34	0.362	30
484	7269	50.62	8.21	199.544	0.197	0.319	0.152	1.476	0.193	0.207	0.653	0.632	0.347	0.368	30
485	7270	50.62	8.46	199.851	0.189	0.313	0.153	1.507	0.192	0.206	0.651	0.632	0.348	0.368	30
486	7271	50.62	8.71	199.989	0.156	0.308	0.158	1.526	0.199	0.215	0.664	0.65	0.336	0.35	30
487	7272	50.62	8.96	199.989	0.162	0.314	0.16	1.518	0.204	0.222	0.69	0.678	0.31	0.322	30
488	7273	50.62	9.21	199.845	0.187	0.317	0.156	1.486	0.202	0.218	0.686	0.669	0.314	0.331	30
489	7274	50.62	9.46	199.979	0.189	0.31	0.15	1.492	0.187	0.202	0.649	0.631	0.351	0.369	30
490	7275	50.62	9.71	199.98	0.187	0.31	0.152	1.5	0.189	0.204	0.656	0.642	0.343	0.358	30
491	7276	50.62	9.96	199.854	0.207	0.32	0.157	1.466	0.209	0.225	0.679	0.663	0.321	0.337	30
492	7277	50.62	10.21	199.948	0.203	0.315	0.154	1.476	0.2	0.215	0.645	0.628	0.355	0.372	30
493	7278	50.62	10.46	199.342	0.208	0.312	0.149	1.477	0.191	0.204	0.628	0.607	0.372	0.393	30
494	7279	50.62	10.71	196.796	0.225	0.31	0.135	1.421	0.174	0.183	0.593	0.567	0.406	0.432	30
495	7280	50.62	10.96	198.311	0.221	0.309	0.134	1.41	0.17	0.179	0.587	0.56	0.413	0.44	30
496	7281	50.62	11.21	199.606	0.218	0.309	0.137	1.431	0.175	0.186	0.596	0.569	0.404	0.431	30
497	7282	50.62	11.46	199.879	0.206	0.31	0.141	1.459	0.182	0.196	0.617	0.594	0.382	0.406	30
498	7283	50.62	11.71	199.974	0.192	0.309	0.144	1.485	0.186	0.202	0.638	0.615	0.362	0.384	30
499	7284	50.62	11.96	199.997	0.178	0.306	0.145	1.499	0.182	0.2	0.644	0.622	0.356	0.378	30
500	7285	50.62	12.21	199.919	0.17	0.302	0.145	1.502	0.179	0.196	0.647	0.625	0.353	0.375	30
501	7286	50.62	12.46	199.614	0.176	0.3	0.139	1.48	0.169	0.184	0.624	0.598	0.376	0.401	30
502	7287	50.62	12.71	199.603	0.193	0.301	0.133	1.452	0.162	0.174	0.602	0.572	0.398	0.428	30
503	7288	50.62	12.96	199.646	0.196	0.304	0.132	1.443	0.157	0.168	0.582	0.549	0.418	0.45	30
504	7289	50.62	13.21	199.627	0.194	0.304	0.129	1.441	0.155	0.164	0.566	0.534	0.434	0.466	30
505	7290	50.62	13.46	199.923	0.186	0.303	0.136	1.454	0.171	0.181	0.574	0.547	0.425	0.453	30
506	7291	50.62	13.71	199.923	0.176	0.303	0.147	1.474	0.189	0.202	0.592	0.573	0.408	0.427	30
507	7292	50.62	13.96	199.997	0.166	0.307	0.158	1.496	0.207	0.224	0.625	0.611	0.375	0.389	30
508	7293	50.62	14.21	199.998	0.162	0.304	0.156	1.507	0.202	0.219	0.619	0.607	0.381	0.393	30
509	7294	50.62	14.46	199.994	0.154	0.294	0.144	1.521	0.179	0.196	0.596	0.583	0.404	0.417	30
510	7295	50.62	14.71	199.988	0.15	0.29	0.134	1.514	0.156	0.174	0.565	0.551	0.435	0.449	30
511	7296	50.62	14.96	199.913	0.158	0.296	0.142	1.51	0.173	0.192	0.6	0.587	0.399	0.413	30
512	7297	50.62	15.21	199.517	0.174	0.303	0.141	1.492	0.172	0.188	0.618	0.601	0.381	0.399	30
513	7298	50.62	15.46	198.326	0.195	0.305	0.134	1.456	0.162	0.176	0.615	0.594	0.384	0.406	30
514	7299	50.62	15.71	197.325	0.203	0.304	0.127	1.435	0.153	0.164	0.588	0.564	0.412	0.436	30
515	7300	50.62	15.96	199.595	0.188	0.303	0.131	1.459	0.163	0.176	0.596	0.576	0.403	0.424	30
516	7301	50.62	16.21	199.797	0.189	0.303	0.135	1.469	0.167	0.181	0.601	0.582	0.398	0.418	30
517	7302	50.62	16.46	199.772	0.182	0.302	0.139	1.478	0.171	0.186	0.617	0.598	0.383	0.402	30
518	7303	50.62	16.71	199.933	0.145	0.299	0.147	1.517	0.178	0.199	0.654	0.64	0.345	0.36	30
519	7304	50.62	16.96	199.976	0.112	0.292	0.147	1.535	0.175	0.199	0.657	0.647	0.343	0.353	30
520	7305	50.62	17.21	199.998	0.092	0.29	0.141	1.543	0.167	0.191	0.641	0.632	0.359	0.368	30
521	7306	50.62	17.46	199.999	0.073	0.279	0.134	1.543	0.163	0.186	0.584	0.576	0.416	0.424	30
522	7307	50.62	17.71	199.984	0.074	0.257	0.12	1.53	0.14	0.16	0.44	0.434	0.559	0.566	30
523	7308	50.62	17.96	199.993	0.072	0.256	0.122	1.53	0.138	0.157	0.409	0.403	0.591	0.597	30
524	7309	50.62	18.21	199.994	0.086	0.254	0.116	1.531	0.117	0.138	0.39	0.386	0.61	0.614	30
525	7310	50.62	18.46	199.998	0.092	0.255	0.111	1.522	0.104	0.123	0.387	0.383	0.612	0.617	30
526	7311	50.62	18.71	200	0.098	0.261	0.109	1.512	0.102	0.119	0.405	0.4	0.594	0.599	30
527	7312	50.62	18.96	199.998	0.108	0.266	0.113	1.514	0.119	0.136	0.44	0.434	0.56	0.566	30
528	7313	50.62	19.21	199.998	0.113	0.277	0.125	1.518	0.146	0.166	0.518	0.512	0.481	0.488	30
529	7314	50.62	19.46	199.999	0.117	0.281	0.128	1.515	0.146	0.168	0.537	0.528	0.463	0.472	30
530	7315	50.62	19.71	199.999	0.101	0.281	0.131	1.522	0.144	0.167	0.546	0.541	0.453	0.459	30
531	7316	50.62	19.96	200	0.095	0.281	0.136	1.525	0.147	0.171	0.564	0.56	0.436	0.44	30
532	7317	50.62	20.21	200	0.1	0.288	0.148	1.522	0.163	0.187	0.599	0.595	0.401	0.405	30
533	7318	50.62	20.46	200	0.098	0.282	0.145	1.52	0.162	0.185	0.559	0.556	0.441	0.444	30
534	7319	50.62	20.71	200	0.091	0.269	0.13	1.516	0.143	0.164	0.495	0.492	0.505	0.508	30
535	7320	50.62	20.96	199.999	0.094	0.263	0.119	1.515	0.127	0.144	0.472	0.466	0.528	0.533	30
536	7321	50.62	21.21	200	0.093	0.262	0.116	1.523	0.122	0.139	0.483	0.476	0.516	0.524	30
537	7322	50.62	21.46	200	0.083	0.266	0.123	1.525	0.129	0.147	0.517	0.508	0.483	0.492	30
538	7323	50.62	21.71	199.997	0.067	0.255	0.117	1.522	0.116	0.132	0.426	0.417	0.574	0.583	30
539	7324	50.62	21.96	199.98	0.071	0.244	0.104	1.517	0.087	0.101	0.317	0.308	0.682	0.691	30
540	7325	50.62	22.21	199.974	0.081	0.243	0.098	1.515	0.077	0.091	0.314	0.305	0.685	0.694	30
541	7326	50.62	22.46	199.997	0.087	0.252	0.101	1.512	0.085	0.1	0.371	0.365	0.628	0.635	30
542	7327	50.62	22.71	199.989	0.094	0.269	0.112	1.51	0.108	0.122	0.468	0.459	0.532	0.541	30
543	7328	50.62	22.96	199.952	0.104	0.275	0.117	1.507	0.123	0.14	0.511	0.499	0.489	0.501	30
544	7329	50.62	23.21	199.974	0.102	0.287	0.127	1.501	0.143	0.16	0.585	0.573	0.415	0.427	30
545	7330	50.62	23.46	199.995	0.089	0.3	0.136	1.499	0.152	0.169	0.672	0.66	0.328	0.34	30
546	7331	50.62	23.71	200	0.068	0.294	0.134	1.501	0.142	0.157	0.638	0.624	0.362	0.376	30
547	7332	50.62	23.96	200	0.062	0.296	0.137	1.5	0.149	0.165	0.626	0.614	0.374	0.386	30
548	7333	50.62	24.21	200	0.065	0.293	0.14	1.49	0.154	0.174	0.611	0.602	0.389	0.398	30
549	7334	50.62	24.46	200	0.072	0.294	0.142	1.487	0.157	0.181	0.627	0.621	0.373	0.379	30
550	7335	50.62	24.71	200	0.074	0.3	0.146	1.477	0.168	0.19	0.668	0.661	0.332	0.339	30
551	7336	50.62	24.96	199.999	0.075	0.303	0.147	1.478	0.169	0.192	0.681	0.675	0.319	0.325	30
552	7337	50.62	25.21	199.997	0.07	0.3	0.146	1.472	0.166	0.187	0.64	0.635	0.36	0.365	30
553	7338	50.62	25.46	200	0.068	0.299	0.144	1.475	0.165	0.185	0.633	0.627	0.367	0.373	30
554	7339	50.62	25.71	200	0.068	0.299	0.145	1.479	0.165	0.183	0.642	0.634	0.358	0.366	30
555	7340	50.62	25.96	199.999	0.07	0.298	0.145	1.481	0.162	0.18	0.63	0.624	0.37	0.377	30
556	7341	50.62	26.21	199.994	0.07	0.301	0.148	1.481	0.161	0.178	0.608	0.602	0.392	0.398	30
557	7342	50.62	26.46	199.999	0.064	0.298	0.145	1.478	0.151	0.166	0.576	0.568	0.424	0.432	30
558	7343	50.62	26.71	199.999	0.059	0.293	0.14	1.476	0.146	0.158	0.568	0.557	0.432	0.443	30
559	7344	50.62	26.96	199.999	0.057	0.287	0.132	1.478	0.138	0.147	0.537	0.527	0.463	0.473	30
560	7345	50.62	27.21	200	0.067	0.285	0.128	1.474	0.128	0.14	0.506	0.495	0.495	0.505	30
561	7346	50.62	27.46	200	0.07	0.286	0.126	1.472	0.123	0.136	0.487	0.477	0.513	0.523	30
562	7347	50.62	27.71	200	0.07	0.287	0.127	1.482	0.12	0.133	0.497	0.486	0.503	0.514	30
563	7348	50.62	27.96	200	0.07	0.289	0.127	1.484	0.116	0.129	0.495	0.483	0.504	0.517	30
564	7349	50.62	28.21	200	0.064	0.295	0.132	1.481	0.124	0.136	0.509	0.497	0.491	0.503	30
565	7350	50.62	28.46	200	0.058	0.291	0.133	1.482	0.127	0.138	0.506	0.496	0.494	0.504	30
566	7351	50.62	28.71	199.999	0.056	0.29	0.132	1.492	0.123	0.134	0.491	0.484	0.509	0.516	30
567	7352	50.62	28.96	199.993	0.049	0.285	0.127	1.504	0.112	0.122	0.446	0.44	0.555	0.56	30
568	7353	50.62	29.21	199.977	0.05	0.281	0.124	1.507	0.107	0.116	0.42	0.413	0.58	0.587	30
569	7354	50.62	29.46	199.903	0.057	0.274	0.119	1.51	0.094	0.104	0.366	0.358	0.634	0.642	30
570	7355	50.62	29.71	199.942	0.053	0.277	0.124	1.516	0.104	0.112	0.394	0.386	0.606	0.614	30
571	7356	50.62	29.96	199.982	0.052	0.271	0.123	1.521	0.104	0.114	0.402	0.394	0.598	0.606	30
572	7357	50.62	30.21	199.967	0.058	0.269	0.121	1.522	0.106	0.117	0.403	0.397	0.597	0.603	30
573	7358	50.62	30.46	199.904	0.058	0.281	0.124	1.514	0.134	0.144	0.443	0.436	0.557	0.564	30
574	7359	50.62	30.71	199.954	0.043	0.279	0.125	1.509	0.139	0.149	0.457	0.45	0.543	0.55	30
575	7360	50.62	30.96	199.995	0.033	0.28	0.131	1.506	0.151	0.162	0.528	0.522	0.472	0.478	30
576	7361	50.62	31.21	200	0.028	0.286	0.134	1.498	0.159	0.17	0.549	0.543	0.451	0.457	30
577	7362	50.62	31.46	200	0.035	0.298	0.139	1.469	0.168	0.178	0.6	0.592	0.401	0.408	30
578	7363	50.62	31.71	200	0.036	0.321	0.149	1.443	0.189	0.2	0.684	0.678	0.316	0.322	30
579	7364	50.62	31.96	200	0.034	0.323	0.146	1.447	0.182	0.191	0.666	0.659	0.334	0.341	30
580	7365	50.62	32.21	200	0.036	0.31	0.141	1.468	0.17	0.177	0.616	0.609	0.384	0.392	30
581	7366	50.62	32.46	200	0.043	0.296	0.138	1.479	0.166	0.175	0.604	0.596	0.396	0.404	30
582	7367	50.62	32.71	200	0.043	0.297	0.14	1.472	0.17	0.178	0.623	0.615	0.377	0.385	30
583	7368	50.62	32.96	200	0.044	0.302	0.144	1.458	0.173	0.179	0.644	0.635	0.357	0.365	30
584	7369	50.62	33.21	200	0.045	0.302	0.144	1.46	0.17	0.177	0.635	0.626	0.365	0.374	30
585	7370	50.62	33.46	200	0.045	0.306	0.146	1.453	0.173	0.179	0.643	0.635	0.357	0.365	30
586	7371	50.62	33.71	200	0.045	0.319	0.155	1.425	0.189	0.192	0.689	0.68	0.311	0.32	30
587	7372	50.62	33.96	200	0.046	0.319	0.155	1.423	0.198	0.201	0.701	0.69	0.3	0.31	30
588	7373	50.62	34.21	199.993	0.045	0.315	0.153	1.436	0.196	0.201	0.68	0.669	0.32	0.331	30
589	7374	50.62	34.46	199.978	0.049	0.305	0.143	1.456	0.18	0.188	0.63	0.62	0.37	0.38	30
590	7375	50.62	34.71	199.999	0.048	0.303	0.144	1.464	0.184	0.194	0.645	0.635	0.354	0.365	30
591	7376	50.37	-4.54	199.963	0.185	0.337	0.157	1.391	0.204	0.217	0.633	0.63	0.367	0.369	30
592	7377	50.37	-4.29	199.867	0.18	0.337	0.157	1.4	0.207	0.22	0.626	0.622	0.374	0.377	30
593	7378	50.37	-4.04	199.73	0.181	0.334	0.152	1.373	0.192	0.203	0.598	0.595	0.402	0.404	30
594	7379	50.37	-3.79	199.815	0.183	0.334	0.154	1.393	0.201	0.212	0.615	0.612	0.385	0.388	30
595	7380	50.37	1.96	200	0.123	0.31	0.157	1.527	0.198	0.211	0.75	0.727	0.25	0.273	30
596	7381	50.37	2.21	200	0.124	0.316	0.161	1.522	0.204	0.216	0.781	0.756	0.219	0.244	30
597	7382	50.37	2.46	200	0.112	0.312	0.16	1.536	0.202	0.214	0.784	0.757	0.216	0.243	30
598	7383	50.37	2.71	200	0.104	0.305	0.162	1.549	0.207	0.221	0.775	0.749	0.225	0.251	30
599	7384	50.37	2.96	200	0.088	0.289	0.154	1.559	0.195	0.207	0.704	0.673	0.296	0.327	30
600	7385	50.37	3.21	200	0.082	0.281	0.145	1.561	0.17	0.185	0.663	0.633	0.337	0.367	30
601	7386	50.37	3.46	200	0.086	0.282	0.143	1.556	0.164	0.181	0.671	0.644	0.329	0.356	30
602	7387	50.37	3.71	200	0.099	0.293	0.147	1.552	0.166	0.185	0.728	0.707	0.271	0.293	30
603	7388	50.37	3.96	199.997	0.106	0.304	0.156	1.552	0.179	0.2	0.788	0.77	0.212	0.23	30
604	7389	50.37	4.21	199.998	0.116	0.309	0.158	1.547	0.179	0.198	0.789	0.771	0.21	0.229	30
605	7390	50.37	4.46	199.999	0.125	0.309	0.156	1.54	0.176	0.194	0.753	0.735	0.247	0.265	30
606	7391	50.37	4.71	199.998	0.141	0.316	0.163	1.533	0.187	0.207	0.757	0.739	0.243	0.261	30
607	7392	50.37	4.96	199.992	0.156	0.319	0.165	1.523	0.196	0.217	0.735	0.718	0.265	0.282	30
608	7393	50.37	5.21	199.987	0.156	0.323	0.165	1.517	0.2	0.223	0.728	0.712	0.272	0.288	30
609	7394	50.37	5.46	199.869	0.168	0.323	0.158	1.5	0.192	0.212	0.694	0.675	0.306	0.325	30
610	7395	50.37	5.71	198.989	0.197	0.321	0.145	1.451	0.178	0.19	0.646	0.623	0.354	0.377	30
611	7396	50.37	5.96	198.183	0.208	0.323	0.143	1.427	0.184	0.194	0.639	0.62	0.36	0.38	30
612	7397	50.37	6.21	198.046	0.207	0.327	0.148	1.422	0.2	0.211	0.654	0.638	0.345	0.361	30
613	7398	50.37	6.46	198.644	0.209	0.331	0.158	1.427	0.216	0.232	0.678	0.661	0.322	0.339	30
614	7399	50.37	6.71	199.735	0.203	0.329	0.166	1.461	0.218	0.239	0.696	0.68	0.304	0.32	30
615	7400	50.37	6.96	199.896	0.214	0.321	0.154	1.473	0.198	0.214	0.675	0.652	0.325	0.348	30
616	7401	50.37	7.21	199.962	0.193	0.317	0.159	1.503	0.2	0.216	0.69	0.672	0.31	0.328	30
617	7402	50.37	7.46	199.99	0.172	0.314	0.167	1.517	0.216	0.233	0.693	0.678	0.307	0.322	30
618	7403	50.37	7.71	199.853	0.187	0.313	0.161	1.506	0.207	0.223	0.668	0.648	0.332	0.352	30
619	7404	50.37	7.96	199.961	0.179	0.317	0.163	1.51	0.209	0.227	0.687	0.672	0.313	0.328	30
620	7405	50.37	8.21	199.978	0.176	0.316	0.163	1.51	0.203	0.22	0.687	0.671	0.313	0.329	30
621	7406	50.37	8.46	199.866	0.186	0.316	0.161	1.498	0.205	0.223	0.669	0.65	0.331	0.35	30
622	7407	50.37	8.71	199.976	0.136	0.311	0.165	1.516	0.213	0.229	0.683	0.671	0.317	0.329	30
623	7408	50.37	8.96	199.997	0.138	0.312	0.163	1.52	0.211	0.228	0.693	0.682	0.307	0.318	30
624	7409	50.37	9.21	199.9	0.182	0.314	0.154	1.492	0.199	0.213	0.68	0.662	0.32	0.338	30
625	7410	50.37	9.46	199.943	0.193	0.312	0.149	1.486	0.191	0.205	0.651	0.632	0.349	0.368	30
626	7411	50.37	9.71	199.883	0.206	0.312	0.147	1.478	0.186	0.198	0.645	0.623	0.354	0.376	30
627	7412	50.37	9.96	199.526	0.209	0.315	0.147	1.46	0.192	0.204	0.647	0.625	0.353	0.375	30
628	7413	50.37	10.21	199.952	0.175	0.312	0.161	1.505	0.207	0.225	0.669	0.657	0.331	0.343	30
629	7414	50.37	10.46	199.987	0.166	0.314	0.166	1.511	0.216	0.234	0.684	0.674	0.316	0.326	30
630	7415	50.37	10.71	199.748	0.177	0.31	0.154	1.494	0.199	0.215	0.64	0.625	0.36	0.374	30
631	7416	50.37	10.96	198.964	0.194	0.31	0.145	1.463	0.187	0.2	0.618	0.599	0.381	0.401	30
632	7417	50.37	11.21	199.258	0.207	0.309	0.136	1.44	0.175	0.185	0.597	0.572	0.403	0.428	30
633	7418	50.37	11.46	199.499	0.218	0.312	0.133	1.425	0.176	0.185	0.601	0.573	0.399	0.427	30
634	7419	50.37	11.71	199.789	0.203	0.307	0.136	1.466	0.177	0.189	0.608	0.582	0.392	0.418	30
635	7420	50.37	11.96	199.891	0.185	0.302	0.139	1.486	0.175	0.19	0.611	0.587	0.389	0.413	30
636	7421	50.37	12.21	199.453	0.19	0.299	0.133	1.465	0.162	0.174	0.582	0.551	0.417	0.449	30
637	7422	50.37	12.46	197.813	0.207	0.299	0.121	1.407	0.144	0.15	0.541	0.505	0.459	0.495	30
638	7423	50.37	12.71	197.902	0.211	0.299	0.119	1.399	0.14	0.146	0.524	0.489	0.476	0.511	30
639	7424	50.37	12.96	198.931	0.209	0.302	0.125	1.425	0.155	0.163	0.55	0.516	0.45	0.484	30
640	7425	50.37	13.21	199.801	0.183	0.305	0.142	1.467	0.188	0.2	0.597	0.574	0.403	0.426	30
641	7426	50.37	13.46	199.986	0.139	0.306	0.163	1.505	0.229	0.242	0.641	0.632	0.359	0.368	30
642	7427	50.37	13.71	199.999	0.138	0.304	0.17	1.514	0.231	0.248	0.644	0.637	0.356	0.363	30
643	7428	50.37	13.96	200	0.132	0.311	0.178	1.517	0.243	0.265	0.684	0.68	0.316	0.32	30
644	7429	50.37	14.21	200	0.11	0.305	0.175	1.517	0.241	0.259	0.661	0.658	0.339	0.342	30
645	7430	50.37	14.46	200	0.115	0.295	0.161	1.529	0.217	0.234	0.623	0.617	0.377	0.383	30
646	7431	50.37	14.71	199.999	0.114	0.293	0.156	1.533	0.198	0.22	0.624	0.619	0.376	0.381	30
647	7432	50.37	14.96	200	0.105	0.297	0.162	1.526	0.215	0.239	0.628	0.624	0.372	0.376	30
648	7433	50.37	15.21	200	0.111	0.307	0.171	1.526	0.233	0.261	0.678	0.675	0.322	0.325	30
649	7434	50.37	15.46	199.985	0.119	0.307	0.168	1.523	0.226	0.253	0.697	0.693	0.303	0.307	30
650	7435	50.37	15.71	199.944	0.13	0.303	0.16	1.519	0.208	0.233	0.679	0.673	0.32	0.326	30
651	7436	50.37	15.96	199.981	0.128	0.302	0.16	1.517	0.207	0.233	0.67	0.665	0.33	0.335	30
652	7437	50.37	16.21	199.772	0.163	0.303	0.149	1.493	0.186	0.207	0.64	0.626	0.36	0.374	30
653	7438	50.37	16.46	199.327	0.191	0.305	0.135	1.45	0.168	0.184	0.602	0.582	0.398	0.418	30
654	7439	50.37	16.71	199.636	0.178	0.302	0.142	1.478	0.179	0.197	0.632	0.613	0.368	0.387	30
655	7440	50.37	16.96	199.238	0.176	0.299	0.134	1.463	0.163	0.177	0.607	0.584	0.393	0.416	30
656	7441	50.37	17.21	199.229	0.144	0.302	0.141	1.495	0.171	0.19	0.638	0.621	0.362	0.379	30
657	7442	50.37	17.46	199.537	0.121	0.302	0.144	1.517	0.175	0.196	0.658	0.645	0.342	0.355	30
658	7443	50.37	17.71	199.977	0.093	0.29	0.144	1.536	0.169	0.193	0.637	0.628	0.363	0.372	30
659	7444	50.37	17.96	199.999	0.077	0.282	0.141	1.536	0.168	0.191	0.6	0.592	0.4	0.408	30
660	7445	50.37	18.21	200	0.082	0.274	0.132	1.535	0.151	0.173	0.518	0.51	0.482	0.49	30
661	7446	50.37	18.46	199.999	0.089	0.264	0.12	1.53	0.128	0.148	0.448	0.438	0.552	0.561	30
662	7447	50.37	18.71	200	0.093	0.277	0.128	1.528	0.145	0.164	0.512	0.501	0.488	0.499	30
663	7448	50.37	18.96	199.997	0.109	0.288	0.137	1.519	0.162	0.182	0.541	0.531	0.458	0.469	30
664	7449	50.37	19.21	199.996	0.11	0.288	0.136	1.517	0.165	0.185	0.555	0.546	0.445	0.454	30
665	7450	50.37	19.46	199.998	0.12	0.288	0.13	1.505	0.156	0.175	0.551	0.539	0.448	0.461	30
666	7451	50.37	19.71	199.999	0.124	0.295	0.141	1.517	0.168	0.19	0.638	0.626	0.362	0.374	30
667	7452	50.37	19.96	200	0.111	0.298	0.149	1.522	0.173	0.194	0.688	0.677	0.312	0.323	30
668	7453	50.37	20.21	200	0.107	0.3	0.155	1.518	0.18	0.198	0.685	0.674	0.315	0.326	30
669	7454	50.37	20.46	200	0.096	0.287	0.147	1.514	0.167	0.184	0.61	0.601	0.39	0.399	30
670	7455	50.37	20.71	200	0.076	0.277	0.142	1.513	0.166	0.184	0.53	0.524	0.47	0.476	30
671	7456	50.37	20.96	200	0.067	0.268	0.135	1.52	0.154	0.171	0.49	0.483	0.51	0.517	30
672	7457	50.37	21.21	200	0.063	0.263	0.128	1.523	0.147	0.163	0.458	0.45	0.542	0.55	30
673	7458	50.37	21.46	199.997	0.066	0.254	0.12	1.526	0.132	0.148	0.413	0.405	0.587	0.595	30
674	7459	50.37	21.71	199.988	0.071	0.242	0.105	1.526	0.095	0.112	0.323	0.316	0.676	0.684	30
675	7460	50.37	21.96	199.965	0.074	0.24	0.102	1.525	0.088	0.104	0.308	0.302	0.691	0.697	30
676	7461	50.37	22.21	199.959	0.075	0.242	0.102	1.523	0.093	0.108	0.33	0.323	0.67	0.677	30
677	7462	50.37	22.46	199.994	0.073	0.249	0.105	1.52	0.098	0.113	0.379	0.372	0.62	0.628	30
678	7463	50.37	22.71	199.994	0.081	0.261	0.109	1.521	0.103	0.118	0.439	0.43	0.561	0.57	30
