# Command file for Castanea
# Generated on Rstudio by user vandermeersch, on the 2023-06-23

# The filenames below are relative to the folder containing this command file
castaneaFileName	=	CastaneaSpecies_08_2021.txt
inventoryFileName	=	C:/Users/vandermeersch/Documents/CEFE/phd/hindcasting/simulation/castanea/run/inventory.txt

climateBaseName	=	D:/climate/HadCM3B_60Kyr_Climate/2023_dataset/castanea_format/025deg/5500BP/
climateExtension	=	.txt
simulationName	=	ind1_


#	siteId	gridName	latitude	longitude	soilHeight	stone	wfc	wilt	bulk	SOLCLAYtop	SOLCLAYsol	SOLFINtop	SOLFINsol	SOLSANDtop	SOLSANDsol	numberOfYears
1	4693	55.12	26.21	199.949	0.094	0.299	0.116	1.455	0.107	0.122	0.399	0.392	0.601	0.608	30
2	4694	55.12	26.46	199.974	0.081	0.31	0.123	1.434	0.126	0.141	0.452	0.447	0.548	0.553	30
3	4695	55.12	26.71	199.992	0.079	0.311	0.123	1.436	0.117	0.132	0.439	0.435	0.561	0.565	30
4	4696	55.12	26.96	199.996	0.076	0.31	0.122	1.438	0.115	0.13	0.429	0.424	0.571	0.576	30
5	4697	55.12	27.21	199.998	0.076	0.308	0.12	1.424	0.11	0.125	0.411	0.406	0.589	0.594	30
6	4698	55.12	27.46	199.999	0.073	0.311	0.122	1.427	0.118	0.133	0.437	0.432	0.564	0.568	30
7	4699	55.12	27.71	199.998	0.073	0.314	0.126	1.45	0.125	0.139	0.462	0.457	0.538	0.543	30
8	4700	55.12	27.96	199.982	0.069	0.31	0.121	1.435	0.119	0.132	0.438	0.431	0.562	0.569	30
9	4701	55.12	28.21	199.982	0.075	0.304	0.115	1.435	0.104	0.117	0.411	0.402	0.589	0.598	30
10	4702	55.12	28.46	199.997	0.073	0.302	0.115	1.442	0.107	0.121	0.422	0.413	0.578	0.587	30
11	4703	55.12	28.71	199.999	0.069	0.305	0.117	1.43	0.11	0.122	0.424	0.416	0.576	0.584	30
12	4704	55.12	28.96	199.997	0.065	0.312	0.12	1.411	0.116	0.127	0.444	0.436	0.556	0.564	30
13	4705	55.12	29.21	199.999	0.065	0.31	0.119	1.406	0.114	0.125	0.432	0.424	0.568	0.576	30
14	4706	55.12	29.46	200	0.062	0.311	0.12	1.404	0.115	0.127	0.431	0.424	0.569	0.576	30
15	4707	55.12	29.71	200	0.06	0.314	0.122	1.404	0.124	0.135	0.455	0.447	0.546	0.553	30
16	4708	55.12	29.96	200	0.064	0.311	0.12	1.405	0.124	0.135	0.457	0.448	0.543	0.552	30
17	4709	55.12	30.21	200	0.066	0.31	0.122	1.411	0.131	0.142	0.475	0.464	0.525	0.536	30
18	4710	55.12	30.46	200	0.071	0.31	0.123	1.4	0.132	0.145	0.497	0.483	0.503	0.517	30
19	4711	55.12	30.71	200	0.067	0.315	0.129	1.383	0.147	0.16	0.524	0.511	0.476	0.489	30
20	4712	55.12	30.96	200	0.057	0.318	0.131	1.374	0.156	0.168	0.521	0.511	0.479	0.489	30
21	4713	55.12	31.21	200	0.051	0.321	0.132	1.386	0.151	0.162	0.5	0.491	0.5	0.51	30
22	4714	55.12	31.46	200	0.05	0.322	0.132	1.414	0.14	0.153	0.482	0.471	0.518	0.529	30
23	4715	55.12	31.71	200	0.057	0.319	0.128	1.414	0.127	0.14	0.467	0.451	0.533	0.548	30
24	4716	55.12	31.96	199.996	0.072	0.315	0.127	1.429	0.132	0.147	0.504	0.486	0.495	0.514	30
25	4717	55.12	32.21	199.984	0.068	0.319	0.133	1.418	0.152	0.169	0.545	0.53	0.455	0.47	30
26	4718	55.12	32.46	199.972	0.058	0.323	0.137	1.399	0.164	0.18	0.57	0.557	0.43	0.443	30
27	4719	55.12	32.71	199.935	0.058	0.323	0.135	1.38	0.165	0.177	0.553	0.538	0.447	0.462	30
28	4720	55.12	32.96	199.923	0.052	0.325	0.137	1.356	0.178	0.19	0.573	0.559	0.427	0.442	30
29	4721	55.12	33.21	199.984	0.051	0.325	0.138	1.344	0.176	0.188	0.573	0.56	0.427	0.44	30
30	4722	55.12	33.46	199.977	0.051	0.324	0.137	1.349	0.17	0.182	0.556	0.543	0.444	0.457	30
31	4723	55.12	33.71	199.931	0.057	0.321	0.132	1.361	0.16	0.174	0.534	0.519	0.466	0.481	30
32	4724	55.12	33.96	199.966	0.062	0.32	0.131	1.367	0.151	0.164	0.532	0.516	0.468	0.485	30
33	4725	55.12	34.21	199.988	0.059	0.325	0.14	1.364	0.162	0.177	0.563	0.549	0.437	0.451	30
34	4726	55.12	34.46	199.997	0.05	0.331	0.149	1.356	0.177	0.195	0.584	0.571	0.416	0.429	30
35	4727	55.12	34.71	199.997	0.05	0.328	0.148	1.355	0.17	0.188	0.56	0.547	0.44	0.453	30
36	4728	54.87	-8.04	196.011	0.206	0.327	0.122	1.207	0.117	0.119	0.418	0.416	0.582	0.584	30
37	4729	54.87	-7.79	197.615	0.21	0.331	0.133	1.277	0.14	0.147	0.469	0.47	0.531	0.529	30
38	4730	54.87	-7.29	198.948	0.217	0.326	0.134	1.304	0.158	0.167	0.496	0.502	0.503	0.497	30
39	4731	54.87	-7.04	198.114	0.214	0.324	0.13	1.277	0.149	0.156	0.478	0.484	0.522	0.515	30
40	4732	54.87	-6.79	197.669	0.207	0.327	0.135	1.293	0.161	0.168	0.49	0.499	0.509	0.501	30
41	4733	54.87	-6.54	199.039	0.197	0.332	0.146	1.338	0.19	0.2	0.521	0.529	0.479	0.471	30
42	4734	54.87	-6.29	198.451	0.201	0.333	0.147	1.323	0.193	0.204	0.547	0.556	0.453	0.444	30
43	4735	54.87	-6.04	196.143	0.208	0.334	0.144	1.302	0.189	0.198	0.542	0.55	0.458	0.45	30
44	4736	54.87	-5.04	196.026	0.162	0.332	0.139	1.335	0.158	0.164	0.489	0.484	0.511	0.516	30
45	4737	54.87	-4.79	195.186	0.166	0.331	0.134	1.327	0.145	0.149	0.477	0.471	0.522	0.529	30
46	4738	54.87	-4.29	195.089	0.194	0.328	0.131	1.3	0.144	0.149	0.472	0.469	0.528	0.531	30
47	4739	54.87	-4.04	194.791	0.182	0.332	0.138	1.335	0.165	0.176	0.51	0.511	0.489	0.489	30
48	4740	54.87	-3.79	195.354	0.183	0.328	0.136	1.339	0.162	0.172	0.497	0.497	0.502	0.503	30
49	4741	54.87	-3.04	196.706	0.165	0.328	0.143	1.374	0.174	0.181	0.502	0.504	0.498	0.496	30
50	4742	54.87	-2.79	196.006	0.188	0.325	0.14	1.357	0.174	0.184	0.503	0.51	0.497	0.49	30
51	4743	54.87	-2.54	194.062	0.214	0.327	0.135	1.277	0.171	0.18	0.491	0.499	0.509	0.501	30
52	4744	54.87	-2.29	192.798	0.216	0.327	0.135	1.278	0.173	0.181	0.496	0.501	0.503	0.498	30
53	4745	54.87	-2.04	193.307	0.202	0.322	0.135	1.331	0.171	0.181	0.497	0.499	0.503	0.501	30
54	4746	54.87	-1.79	197.515	0.181	0.318	0.14	1.393	0.184	0.195	0.514	0.512	0.485	0.488	30
55	4747	54.87	-1.54	199.165	0.155	0.314	0.145	1.425	0.194	0.205	0.531	0.522	0.469	0.477	30
56	4748	54.87	8.71	199.979	0.087	0.324	0.144	1.465	0.209	0.2	0.497	0.473	0.503	0.527	30
57	4749	54.87	8.96	199.993	0.084	0.281	0.113	1.469	0.108	0.11	0.271	0.266	0.729	0.734	30
58	4750	54.87	9.21	199.998	0.08	0.263	0.101	1.471	0.072	0.082	0.195	0.202	0.805	0.799	30
59	4751	54.87	9.46	199.989	0.088	0.273	0.11	1.493	0.099	0.111	0.299	0.3	0.701	0.7	30
60	4752	54.87	9.71	199.913	0.087	0.294	0.124	1.506	0.14	0.15	0.405	0.398	0.595	0.601	30
61	4753	54.87	9.96	199.954	0.088	0.289	0.121	1.503	0.13	0.141	0.38	0.376	0.62	0.624	30
62	4754	54.87	10.21	199.817	0.083	0.288	0.122	1.507	0.134	0.146	0.406	0.405	0.594	0.595	30
63	4755	54.87	10.46	199.786	0.08	0.299	0.128	1.484	0.15	0.159	0.435	0.431	0.565	0.569	30
64	4756	54.87	11.21	199.521	0.077	0.315	0.139	1.476	0.181	0.18	0.506	0.495	0.493	0.505	30
65	4757	54.87	11.46	199.598	0.076	0.31	0.135	1.481	0.166	0.168	0.482	0.473	0.518	0.527	30
66	4758	54.87	11.71	199.675	0.074	0.304	0.131	1.486	0.151	0.156	0.458	0.451	0.542	0.549	30
67	4759	54.87	11.96	199.838	0.073	0.3	0.129	1.492	0.148	0.155	0.442	0.437	0.558	0.563	30
68	4760	54.87	12.21	199.844	0.077	0.303	0.131	1.471	0.153	0.163	0.44	0.435	0.56	0.565	30
69	4761	54.87	21.46	199.988	0.068	0.317	0.129	1.448	0.154	0.156	0.413	0.4	0.587	0.6	30
70	4762	54.87	21.71	199.999	0.066	0.312	0.13	1.496	0.155	0.161	0.43	0.423	0.57	0.577	30
71	4763	54.87	21.96	199.998	0.062	0.305	0.129	1.526	0.157	0.169	0.455	0.451	0.545	0.549	30
72	4764	54.87	22.21	199.997	0.055	0.302	0.129	1.534	0.158	0.172	0.456	0.451	0.544	0.549	30
73	4765	54.87	22.46	199.992	0.054	0.301	0.125	1.51	0.139	0.152	0.42	0.416	0.58	0.584	30
74	4766	54.87	22.71	199.994	0.055	0.306	0.127	1.513	0.138	0.15	0.443	0.439	0.557	0.561	30
75	4767	54.87	22.96	200	0.06	0.309	0.132	1.563	0.153	0.169	0.527	0.523	0.472	0.477	30
76	4768	54.87	23.21	199.998	0.064	0.307	0.129	1.555	0.14	0.156	0.497	0.492	0.503	0.507	30
77	4769	54.87	23.46	199.988	0.072	0.293	0.116	1.496	0.102	0.117	0.36	0.355	0.64	0.645	30
78	4770	54.87	23.71	199.989	0.071	0.298	0.121	1.522	0.123	0.137	0.423	0.417	0.577	0.583	30
79	4771	54.87	23.96	199.97	0.074	0.297	0.122	1.532	0.13	0.143	0.442	0.437	0.558	0.563	30
80	4772	54.87	24.21	199.912	0.081	0.294	0.117	1.507	0.115	0.129	0.405	0.4	0.595	0.6	30
81	4773	54.87	24.46	199.989	0.081	0.292	0.117	1.509	0.113	0.127	0.409	0.403	0.591	0.597	30
82	4774	54.87	24.71	199.981	0.083	0.295	0.117	1.51	0.113	0.126	0.411	0.403	0.589	0.597	30
83	4775	54.87	24.96	199.989	0.08	0.294	0.114	1.497	0.104	0.117	0.389	0.379	0.612	0.621	30
84	4776	54.87	25.21	199.986	0.082	0.296	0.115	1.483	0.104	0.116	0.388	0.379	0.612	0.621	30
85	4777	54.87	25.46	199.948	0.091	0.291	0.111	1.463	0.093	0.107	0.358	0.35	0.642	0.65	30
86	4778	54.87	25.71	199.807	0.093	0.29	0.108	1.461	0.089	0.103	0.35	0.341	0.651	0.659	30
87	4779	54.87	25.96	199.912	0.087	0.294	0.113	1.468	0.092	0.108	0.368	0.36	0.633	0.64	30
88	4780	54.87	26.21	199.966	0.083	0.296	0.114	1.462	0.094	0.11	0.372	0.365	0.629	0.635	30
89	4781	54.87	26.46	199.943	0.086	0.301	0.115	1.453	0.102	0.116	0.394	0.386	0.606	0.614	30
90	4782	54.87	26.71	199.962	0.086	0.304	0.117	1.435	0.103	0.117	0.395	0.389	0.605	0.611	30
91	4783	54.87	26.96	199.975	0.083	0.303	0.116	1.43	0.1	0.114	0.389	0.383	0.611	0.617	30
92	4784	54.87	27.21	199.995	0.076	0.308	0.118	1.394	0.105	0.12	0.406	0.401	0.594	0.599	30
93	4785	54.87	27.46	199.989	0.073	0.312	0.121	1.404	0.112	0.127	0.432	0.426	0.569	0.574	30
94	4786	54.87	27.71	199.993	0.073	0.315	0.125	1.436	0.122	0.137	0.474	0.468	0.526	0.532	30
95	4787	54.87	27.96	199.981	0.071	0.307	0.118	1.425	0.104	0.118	0.433	0.424	0.567	0.576	30
96	4788	54.87	28.21	199.954	0.076	0.302	0.111	1.416	0.091	0.105	0.398	0.387	0.602	0.613	30
97	4789	54.87	28.46	199.963	0.079	0.302	0.112	1.424	0.096	0.109	0.401	0.391	0.599	0.61	30
98	4790	54.87	28.71	199.993	0.071	0.304	0.116	1.431	0.104	0.115	0.417	0.407	0.583	0.593	30
99	4791	54.87	28.96	199.999	0.071	0.307	0.119	1.428	0.111	0.122	0.443	0.434	0.557	0.566	30
100	4792	54.87	29.21	199.999	0.062	0.312	0.121	1.411	0.116	0.126	0.451	0.443	0.549	0.557	30
101	4793	54.87	29.46	199.998	0.061	0.312	0.12	1.403	0.113	0.124	0.435	0.427	0.565	0.573	30
102	4794	54.87	29.71	200	0.061	0.313	0.122	1.42	0.121	0.133	0.464	0.455	0.536	0.545	30
103	4795	54.87	29.96	200	0.061	0.311	0.12	1.42	0.12	0.133	0.462	0.453	0.538	0.547	30
104	4796	54.87	30.21	200	0.061	0.31	0.119	1.408	0.119	0.132	0.451	0.44	0.549	0.56	30
105	4797	54.87	30.46	200	0.062	0.306	0.117	1.406	0.112	0.126	0.434	0.422	0.566	0.578	30
106	4798	54.87	30.71	199.998	0.061	0.311	0.122	1.393	0.127	0.14	0.465	0.454	0.535	0.546	30
107	4799	54.87	30.96	199.997	0.054	0.318	0.129	1.384	0.151	0.164	0.517	0.506	0.483	0.494	30
108	4800	54.87	31.21	199.991	0.048	0.321	0.131	1.384	0.149	0.163	0.511	0.501	0.489	0.499	30
109	4801	54.87	31.46	199.991	0.053	0.321	0.132	1.412	0.145	0.16	0.507	0.495	0.493	0.505	30
110	4802	54.87	31.71	199.999	0.052	0.324	0.135	1.414	0.152	0.167	0.521	0.509	0.479	0.491	30
111	4803	54.87	31.96	199.999	0.064	0.323	0.137	1.42	0.156	0.174	0.552	0.54	0.448	0.46	30
112	4804	54.87	32.21	199.993	0.062	0.326	0.141	1.41	0.167	0.187	0.591	0.58	0.409	0.42	30
113	4805	54.87	32.46	199.996	0.048	0.329	0.144	1.392	0.177	0.194	0.585	0.575	0.415	0.425	30
114	4806	54.87	32.71	199.986	0.056	0.324	0.135	1.384	0.151	0.164	0.515	0.502	0.485	0.498	30
115	4807	54.87	32.96	199.989	0.056	0.32	0.131	1.369	0.155	0.168	0.528	0.514	0.472	0.486	30
116	4808	54.87	33.21	199.991	0.052	0.325	0.138	1.347	0.174	0.188	0.57	0.557	0.43	0.443	30
117	4809	54.87	33.46	199.978	0.062	0.32	0.133	1.368	0.15	0.163	0.526	0.511	0.474	0.489	30
118	4810	54.87	33.71	199.984	0.072	0.32	0.129	1.378	0.14	0.153	0.496	0.479	0.503	0.521	30
119	4811	54.87	33.96	199.994	0.072	0.321	0.129	1.376	0.142	0.156	0.506	0.491	0.494	0.509	30
120	4812	54.87	34.21	199.993	0.062	0.322	0.134	1.369	0.147	0.162	0.522	0.507	0.478	0.493	30
121	4813	54.87	34.46	199.999	0.051	0.328	0.143	1.357	0.164	0.18	0.543	0.528	0.456	0.472	30
122	4814	54.87	34.71	199.998	0.055	0.325	0.139	1.366	0.156	0.171	0.521	0.504	0.479	0.496	30
123	4815	54.62	-8.04	196.386	0.193	0.33	0.131	1.268	0.145	0.151	0.464	0.461	0.536	0.538	30
124	4816	54.62	-7.79	195.714	0.198	0.33	0.133	1.288	0.148	0.156	0.48	0.479	0.52	0.52	30
125	4817	54.62	-7.54	198.601	0.205	0.33	0.138	1.32	0.168	0.177	0.511	0.517	0.489	0.483	30
126	4818	54.62	-7.29	198.757	0.206	0.327	0.136	1.306	0.166	0.175	0.504	0.511	0.496	0.489	30
127	4819	54.62	-7.04	198.065	0.206	0.325	0.134	1.305	0.165	0.173	0.498	0.508	0.501	0.491	30
128	4820	54.62	-6.79	196.705	0.201	0.327	0.14	1.341	0.182	0.189	0.506	0.516	0.493	0.484	30
129	4821	54.62	-6.54	197.722	0.19	0.328	0.141	1.322	0.194	0.202	0.488	0.491	0.512	0.509	30
130	4822	54.62	-6.29	198.027	0.191	0.329	0.144	1.336	0.198	0.208	0.518	0.521	0.482	0.479	30
131	4823	54.62	-6.04	198.316	0.199	0.331	0.148	1.355	0.198	0.208	0.547	0.551	0.452	0.449	30
132	4824	54.62	-5.79	197.948	0.192	0.328	0.143	1.368	0.187	0.197	0.523	0.522	0.477	0.478	30
133	4825	54.62	-3.54	195.946	0.167	0.33	0.142	1.346	0.169	0.178	0.518	0.517	0.482	0.482	30
134	4826	54.62	-3.29	194.599	0.206	0.332	0.139	1.276	0.171	0.176	0.52	0.521	0.48	0.479	30
135	4827	54.62	-3.04	193.782	0.227	0.334	0.137	1.246	0.177	0.181	0.52	0.521	0.48	0.479	30
136	4828	54.62	-2.79	193.056	0.211	0.333	0.142	1.302	0.182	0.19	0.527	0.532	0.473	0.467	30
137	4829	54.62	-2.54	193.816	0.208	0.333	0.143	1.293	0.181	0.189	0.512	0.521	0.488	0.479	30
138	4830	54.62	-2.29	192.348	0.223	0.332	0.135	1.232	0.17	0.176	0.476	0.484	0.524	0.516	30
139	4831	54.62	-2.04	191.326	0.212	0.326	0.133	1.289	0.164	0.172	0.482	0.486	0.517	0.513	30
140	4832	54.62	-1.79	197.035	0.184	0.32	0.143	1.387	0.189	0.201	0.519	0.52	0.481	0.479	30
141	4833	54.62	-1.54	199.393	0.156	0.316	0.15	1.428	0.203	0.214	0.534	0.53	0.466	0.47	30
142	4834	54.62	-1.29	199.485	0.142	0.314	0.148	1.426	0.203	0.209	0.536	0.523	0.464	0.477	30
143	4835	54.62	-1.04	197.618	0.16	0.321	0.148	1.394	0.199	0.208	0.547	0.535	0.453	0.465	30
144	4836	54.62	-0.789999999999999	195.396	0.176	0.324	0.148	1.372	0.2	0.214	0.549	0.544	0.451	0.456	30
145	4837	54.62	8.46	199.881	0.091	0.339	0.158	1.443	0.246	0.235	0.579	0.553	0.421	0.447	30
146	4838	54.62	8.71	199.949	0.09	0.32	0.143	1.452	0.198	0.191	0.475	0.456	0.525	0.544	30
147	4839	54.62	8.96	199.993	0.089	0.3	0.127	1.455	0.147	0.145	0.363	0.351	0.637	0.649	30
148	4840	54.62	9.21	199.999	0.086	0.276	0.108	1.445	0.086	0.094	0.229	0.231	0.771	0.769	30
149	4841	54.62	9.46	199.999	0.087	0.272	0.107	1.467	0.084	0.095	0.239	0.243	0.76	0.757	30
150	4842	54.62	9.71	199.995	0.09	0.285	0.118	1.499	0.12	0.132	0.355	0.353	0.645	0.647	30
151	4843	54.62	9.96	199.967	0.088	0.287	0.119	1.497	0.124	0.135	0.363	0.359	0.637	0.641	30
152	4844	54.62	11.96	199.786	0.075	0.302	0.13	1.483	0.151	0.158	0.447	0.441	0.553	0.559	30
153	4845	54.62	16.96	196.385	0.079	0.277	0.113	1.477	0.137	0.148	0.362	0.356	0.638	0.644	30
154	4846	54.62	17.21	197.207	0.081	0.276	0.113	1.476	0.124	0.135	0.349	0.346	0.651	0.654	30
155	4847	54.62	17.46	199.287	0.081	0.277	0.114	1.48	0.118	0.13	0.352	0.353	0.647	0.647	30
156	4848	54.62	17.71	198.168	0.095	0.275	0.11	1.466	0.114	0.126	0.353	0.352	0.647	0.648	30
157	4849	54.62	17.96	197.932	0.112	0.273	0.107	1.447	0.108	0.12	0.354	0.351	0.646	0.649	30
158	4850	54.62	18.21	199.103	0.114	0.276	0.109	1.439	0.114	0.125	0.365	0.362	0.635	0.638	30
159	4851	54.62	18.46	199.438	0.104	0.284	0.115	1.456	0.14	0.148	0.422	0.416	0.577	0.584	30
160	4852	54.62	20.21	198.307	0.078	0.294	0.121	1.484	0.159	0.166	0.431	0.421	0.569	0.579	30
161	4853	54.62	20.46	199.923	0.07	0.302	0.126	1.507	0.174	0.179	0.452	0.441	0.548	0.559	30
162	4854	54.62	20.71	199.999	0.068	0.303	0.125	1.504	0.169	0.176	0.448	0.439	0.552	0.561	30
163	4855	54.62	20.96	199.995	0.069	0.307	0.124	1.475	0.156	0.164	0.425	0.417	0.575	0.583	30
164	4856	54.62	21.21	199.997	0.066	0.311	0.127	1.473	0.148	0.158	0.406	0.402	0.593	0.598	30
165	4857	54.62	21.46	200	0.061	0.309	0.126	1.467	0.138	0.151	0.397	0.393	0.603	0.607	30
166	4858	54.62	21.71	200	0.059	0.306	0.126	1.49	0.144	0.157	0.423	0.421	0.577	0.579	30
167	4859	54.62	21.96	200	0.057	0.299	0.124	1.513	0.151	0.165	0.451	0.448	0.549	0.552	30
168	4860	54.62	22.21	200	0.056	0.298	0.127	1.526	0.163	0.179	0.479	0.476	0.521	0.524	30
169	4861	54.62	22.46	199.999	0.06	0.3	0.129	1.511	0.158	0.174	0.477	0.476	0.523	0.524	30
170	4862	54.62	22.71	199.994	0.066	0.3	0.128	1.512	0.152	0.168	0.48	0.478	0.52	0.522	30
171	4863	54.62	22.96	199.999	0.066	0.299	0.129	1.539	0.157	0.174	0.505	0.504	0.495	0.496	30
172	4864	54.62	23.21	200	0.059	0.303	0.13	1.544	0.152	0.17	0.492	0.49	0.508	0.51	30
173	4865	54.62	23.46	199.996	0.06	0.301	0.126	1.522	0.136	0.155	0.438	0.435	0.562	0.565	30
174	4866	54.62	23.71	199.988	0.065	0.304	0.125	1.512	0.126	0.143	0.429	0.425	0.571	0.575	30
175	4867	54.62	23.96	199.926	0.077	0.3	0.123	1.514	0.12	0.135	0.422	0.418	0.578	0.582	30
176	4868	54.62	24.21	199.971	0.08	0.3	0.123	1.511	0.118	0.132	0.42	0.416	0.58	0.584	30
177	4869	54.62	24.46	199.962	0.087	0.297	0.117	1.499	0.108	0.122	0.409	0.402	0.591	0.598	30
178	4870	54.62	24.71	199.926	0.089	0.293	0.112	1.496	0.097	0.108	0.37	0.361	0.63	0.639	30
179	4871	54.62	24.96	199.969	0.086	0.286	0.108	1.485	0.082	0.093	0.327	0.317	0.672	0.683	30
180	4872	54.62	25.21	199.968	0.09	0.289	0.111	1.483	0.087	0.098	0.359	0.348	0.641	0.652	30
181	4873	54.62	25.46	199.903	0.098	0.295	0.113	1.471	0.096	0.11	0.406	0.396	0.594	0.604	30
182	4874	54.62	25.71	199.748	0.099	0.3	0.115	1.467	0.101	0.117	0.423	0.414	0.577	0.586	30
183	4875	54.62	25.96	199.825	0.089	0.304	0.12	1.479	0.107	0.126	0.445	0.439	0.555	0.561	30
184	4876	54.62	26.21	199.929	0.077	0.298	0.116	1.471	0.096	0.112	0.398	0.391	0.602	0.609	30
185	4877	54.62	26.46	199.921	0.073	0.296	0.114	1.465	0.097	0.111	0.389	0.381	0.611	0.619	30
186	4878	54.62	26.71	199.955	0.072	0.298	0.115	1.439	0.095	0.109	0.371	0.365	0.629	0.635	30
187	4879	54.62	26.96	199.959	0.081	0.298	0.113	1.437	0.093	0.107	0.381	0.374	0.619	0.626	30
188	4880	54.62	27.21	199.958	0.08	0.307	0.118	1.432	0.103	0.118	0.429	0.422	0.571	0.578	30
189	4881	54.62	27.46	199.978	0.076	0.309	0.12	1.439	0.106	0.121	0.442	0.435	0.558	0.565	30
190	4882	54.62	27.71	199.985	0.076	0.307	0.118	1.444	0.101	0.115	0.443	0.435	0.557	0.565	30
191	4883	54.62	27.96	199.964	0.092	0.302	0.112	1.439	0.088	0.102	0.424	0.412	0.576	0.588	30
192	4884	54.62	28.21	199.965	0.08	0.304	0.113	1.417	0.088	0.1	0.412	0.4	0.588	0.6	30
193	4885	54.62	28.46	199.945	0.078	0.304	0.111	1.407	0.089	0.102	0.391	0.381	0.609	0.62	30
194	4886	54.62	28.71	199.99	0.077	0.303	0.113	1.434	0.096	0.109	0.426	0.415	0.574	0.585	30
195	4887	54.62	28.96	199.998	0.07	0.309	0.118	1.426	0.11	0.122	0.464	0.452	0.536	0.548	30
196	4888	54.62	29.21	199.994	0.062	0.309	0.117	1.415	0.112	0.123	0.449	0.439	0.551	0.561	30
197	4889	54.62	29.46	199.999	0.065	0.311	0.119	1.407	0.117	0.13	0.468	0.457	0.532	0.542	30
198	4890	54.62	29.71	199.997	0.072	0.316	0.126	1.411	0.133	0.147	0.523	0.511	0.477	0.489	30
199	4891	54.62	29.96	200	0.068	0.318	0.128	1.413	0.14	0.155	0.542	0.529	0.458	0.471	30
200	4892	54.62	30.21	200	0.065	0.319	0.129	1.406	0.137	0.152	0.539	0.527	0.462	0.473	30
201	4893	54.62	30.46	199.999	0.063	0.317	0.128	1.4	0.135	0.149	0.524	0.513	0.476	0.487	30
202	4894	54.62	30.71	199.998	0.062	0.318	0.129	1.388	0.143	0.158	0.538	0.527	0.463	0.473	30
203	4895	54.62	30.96	199.997	0.055	0.32	0.131	1.387	0.152	0.167	0.557	0.546	0.443	0.454	30
204	4896	54.62	31.21	199.972	0.049	0.322	0.131	1.395	0.15	0.166	0.533	0.522	0.467	0.478	30
205	4897	54.62	31.46	199.975	0.051	0.322	0.131	1.412	0.145	0.163	0.529	0.517	0.471	0.483	30
206	4898	54.62	31.71	199.998	0.049	0.326	0.136	1.405	0.159	0.178	0.558	0.547	0.442	0.453	30
207	4899	54.62	31.96	199.999	0.05	0.329	0.142	1.405	0.169	0.188	0.588	0.578	0.412	0.422	30
208	4900	54.62	32.21	199.999	0.048	0.33	0.145	1.4	0.175	0.193	0.6	0.589	0.4	0.411	30
209	4901	54.62	32.46	199.997	0.042	0.332	0.143	1.376	0.181	0.195	0.578	0.566	0.422	0.435	30
210	4902	54.62	32.71	199.994	0.053	0.325	0.137	1.376	0.163	0.179	0.547	0.534	0.453	0.466	30
211	4903	54.62	32.96	199.993	0.05	0.327	0.138	1.357	0.178	0.194	0.571	0.558	0.429	0.442	30
212	4904	54.62	33.21	199.991	0.046	0.329	0.14	1.342	0.187	0.202	0.583	0.572	0.417	0.428	30
213	4905	54.62	33.46	199.994	0.049	0.326	0.138	1.357	0.169	0.182	0.559	0.546	0.441	0.454	30
214	4906	54.62	33.71	199.994	0.06	0.324	0.132	1.363	0.152	0.164	0.516	0.5	0.484	0.5	30
215	4907	54.62	33.96	199.997	0.07	0.323	0.132	1.37	0.142	0.156	0.503	0.487	0.497	0.513	30
216	4908	54.62	34.21	199.997	0.065	0.324	0.134	1.373	0.145	0.16	0.505	0.49	0.495	0.509	30
217	4909	54.62	34.46	199.993	0.063	0.329	0.138	1.379	0.156	0.172	0.527	0.511	0.473	0.489	30
218	4910	54.62	34.71	199.993	0.058	0.328	0.142	1.369	0.163	0.18	0.546	0.531	0.454	0.469	30
219	4911	54.37	-8.54	191.516	0.194	0.336	0.146	1.299	0.185	0.191	0.507	0.503	0.493	0.497	30
220	4912	54.37	-8.29	194.973	0.207	0.337	0.145	1.282	0.18	0.19	0.505	0.506	0.495	0.494	30
221	4913	54.37	-8.04	196.109	0.199	0.333	0.139	1.288	0.165	0.173	0.492	0.494	0.508	0.506	30
222	4914	54.37	-7.79	196.236	0.195	0.333	0.14	1.303	0.175	0.183	0.51	0.512	0.49	0.488	30
223	4915	54.37	-7.54	197.696	0.196	0.331	0.142	1.327	0.183	0.192	0.524	0.526	0.476	0.474	30
224	4916	54.37	-7.29	196.868	0.196	0.327	0.138	1.325	0.182	0.19	0.519	0.524	0.481	0.476	30
225	4917	54.37	-7.04	195.582	0.2	0.327	0.141	1.348	0.193	0.2	0.526	0.532	0.474	0.467	30
226	4918	54.37	-6.79	195.917	0.203	0.329	0.146	1.367	0.201	0.208	0.527	0.533	0.473	0.467	30
227	4919	54.37	-6.54	198.088	0.199	0.329	0.145	1.356	0.202	0.21	0.519	0.522	0.481	0.478	30
228	4920	54.37	-6.29	198.392	0.2	0.328	0.146	1.374	0.197	0.207	0.533	0.536	0.467	0.464	30
229	4921	54.37	-6.04	197.845	0.209	0.33	0.145	1.358	0.19	0.2	0.537	0.542	0.462	0.458	30
230	4922	54.37	-5.79	197.727	0.193	0.329	0.144	1.372	0.191	0.201	0.521	0.521	0.479	0.479	30
231	4923	54.37	-3.29	195.944	0.213	0.332	0.135	1.238	0.161	0.163	0.494	0.493	0.506	0.507	30
232	4924	54.37	-3.04	195.612	0.221	0.332	0.134	1.248	0.169	0.17	0.509	0.507	0.491	0.493	30
233	4925	54.37	-2.79	194.859	0.209	0.337	0.144	1.288	0.184	0.188	0.529	0.531	0.47	0.469	30
234	4926	54.37	-2.54	195.79	0.214	0.339	0.147	1.295	0.191	0.198	0.536	0.542	0.464	0.458	30
235	4927	54.37	-2.29	194.006	0.232	0.337	0.14	1.245	0.179	0.186	0.497	0.506	0.502	0.494	30
236	4928	54.37	-2.04	189.818	0.227	0.332	0.138	1.27	0.172	0.181	0.49	0.497	0.51	0.503	30
237	4929	54.37	-1.79	194.158	0.19	0.322	0.143	1.367	0.186	0.198	0.516	0.519	0.484	0.481	30
238	4930	54.37	-1.54	199.475	0.149	0.314	0.147	1.439	0.196	0.206	0.522	0.52	0.478	0.48	30
239	4931	54.37	-1.29	198.279	0.162	0.321	0.151	1.405	0.201	0.211	0.543	0.538	0.457	0.462	30
240	4932	54.37	-1.04	195.453	0.19	0.327	0.149	1.361	0.199	0.214	0.549	0.547	0.45	0.453	30
241	4933	54.37	-0.789999999999999	193.854	0.18	0.325	0.147	1.364	0.198	0.214	0.546	0.543	0.454	0.457	30
242	4934	54.37	-0.539999999999999	194.658	0.173	0.324	0.147	1.369	0.203	0.22	0.555	0.551	0.444	0.449	30
243	4935	54.37	8.71	199.783	0.095	0.354	0.173	1.42	0.284	0.27	0.661	0.633	0.339	0.367	30
244	4936	54.37	8.96	199.998	0.093	0.34	0.159	1.449	0.243	0.232	0.584	0.557	0.416	0.443	30
245	4937	54.37	9.21	200	0.092	0.309	0.131	1.433	0.165	0.163	0.395	0.382	0.604	0.618	30
246	4938	54.37	9.46	200	0.087	0.291	0.118	1.425	0.123	0.125	0.295	0.29	0.704	0.71	30
247	4939	54.37	9.71	199.995	0.087	0.278	0.111	1.473	0.101	0.111	0.295	0.291	0.705	0.708	30
248	4940	54.37	9.96	199.986	0.088	0.286	0.118	1.502	0.122	0.134	0.364	0.359	0.636	0.641	30
249	4941	54.37	10.21	199.946	0.09	0.292	0.123	1.504	0.134	0.146	0.395	0.392	0.605	0.608	30
250	4942	54.37	10.46	199.984	0.091	0.291	0.122	1.505	0.128	0.143	0.391	0.389	0.609	0.611	30
251	4943	54.37	10.71	199.995	0.092	0.294	0.125	1.511	0.136	0.15	0.415	0.414	0.585	0.586	30
252	4944	54.37	12.46	199.48	0.075	0.296	0.123	1.499	0.13	0.141	0.386	0.385	0.614	0.614	30
253	4945	54.37	16.96	199.517	0.086	0.265	0.106	1.496	0.107	0.12	0.331	0.331	0.669	0.669	30
254	4946	54.37	17.21	199.745	0.093	0.263	0.104	1.496	0.093	0.108	0.315	0.316	0.685	0.684	30
255	4947	54.37	17.46	199.596	0.097	0.265	0.103	1.489	0.088	0.102	0.309	0.311	0.69	0.689	30
256	4948	54.37	17.71	199.511	0.111	0.268	0.102	1.474	0.089	0.103	0.327	0.325	0.673	0.675	30
257	4949	54.37	17.96	199.691	0.122	0.271	0.105	1.469	0.096	0.109	0.348	0.346	0.652	0.654	30
258	4950	54.37	18.21	199.686	0.121	0.274	0.108	1.471	0.103	0.116	0.367	0.364	0.633	0.635	30
259	4951	54.37	18.46	199.673	0.11	0.276	0.109	1.487	0.121	0.132	0.407	0.404	0.593	0.596	30
260	4952	54.37	18.71	199.913	0.078	0.309	0.135	1.493	0.202	0.197	0.526	0.507	0.474	0.493	30
261	4953	54.37	19.96	199.66	0.072	0.288	0.12	1.525	0.147	0.162	0.433	0.43	0.568	0.569	30
262	4954	54.37	20.21	199.816	0.076	0.286	0.116	1.51	0.131	0.148	0.413	0.412	0.587	0.588	30
263	4955	54.37	20.46	199.992	0.075	0.288	0.116	1.504	0.134	0.15	0.417	0.414	0.583	0.586	30
264	4956	54.37	20.71	199.999	0.07	0.292	0.12	1.51	0.144	0.16	0.429	0.429	0.571	0.571	30
265	4957	54.37	20.96	200	0.064	0.304	0.125	1.505	0.155	0.17	0.443	0.442	0.557	0.558	30
266	4958	54.37	21.21	200	0.061	0.308	0.128	1.507	0.159	0.175	0.453	0.453	0.547	0.547	30
267	4959	54.37	21.46	199.998	0.059	0.302	0.124	1.497	0.139	0.156	0.429	0.43	0.571	0.57	30
268	4960	54.37	21.71	199.989	0.06	0.298	0.121	1.497	0.141	0.156	0.439	0.439	0.561	0.561	30
269	4961	54.37	21.96	199.99	0.062	0.293	0.119	1.487	0.141	0.155	0.439	0.438	0.561	0.562	30
270	4962	54.37	22.21	199.998	0.07	0.291	0.117	1.476	0.137	0.151	0.442	0.441	0.558	0.559	30
271	4963	54.37	22.46	199.995	0.079	0.291	0.115	1.46	0.116	0.129	0.406	0.401	0.594	0.599	30
272	4964	54.37	22.71	199.975	0.09	0.296	0.117	1.458	0.115	0.128	0.42	0.414	0.58	0.586	30
273	4965	54.37	22.96	199.994	0.086	0.3	0.12	1.456	0.126	0.14	0.444	0.441	0.556	0.558	30
274	4966	54.37	23.21	199.991	0.071	0.296	0.122	1.481	0.122	0.137	0.431	0.43	0.569	0.57	30
275	4967	54.37	23.46	199.991	0.066	0.296	0.122	1.487	0.126	0.141	0.424	0.421	0.577	0.579	30
276	4968	54.37	23.71	199.95	0.068	0.302	0.124	1.501	0.129	0.143	0.435	0.431	0.565	0.569	30
277	4969	54.37	23.96	199.879	0.076	0.296	0.12	1.51	0.114	0.128	0.405	0.4	0.595	0.6	30
278	4970	54.37	24.21	199.956	0.079	0.297	0.118	1.502	0.098	0.112	0.365	0.36	0.635	0.64	30
279	4971	54.37	24.46	199.984	0.083	0.294	0.115	1.485	0.081	0.095	0.312	0.306	0.688	0.694	30
280	4972	54.37	24.71	199.958	0.085	0.285	0.108	1.475	0.072	0.086	0.291	0.285	0.709	0.715	30
281	4973	54.37	24.96	199.982	0.079	0.287	0.109	1.469	0.071	0.087	0.295	0.29	0.705	0.71	30
282	4974	54.37	25.21	199.966	0.08	0.29	0.111	1.479	0.077	0.094	0.326	0.32	0.674	0.68	30
283	4975	54.37	25.46	199.862	0.088	0.299	0.116	1.486	0.094	0.113	0.414	0.407	0.586	0.592	30
284	4976	54.37	25.71	199.892	0.091	0.302	0.117	1.479	0.103	0.121	0.443	0.435	0.557	0.565	30
285	4977	54.37	25.96	199.906	0.093	0.305	0.12	1.486	0.111	0.128	0.477	0.468	0.523	0.532	30
286	4978	54.37	26.21	199.91	0.091	0.304	0.12	1.481	0.107	0.126	0.472	0.465	0.527	0.535	30
287	4979	54.37	26.46	199.929	0.084	0.302	0.121	1.478	0.114	0.13	0.471	0.464	0.529	0.535	30
288	4980	54.37	26.71	199.923	0.079	0.298	0.118	1.465	0.104	0.119	0.424	0.417	0.576	0.583	30
289	4981	54.37	26.96	199.946	0.08	0.295	0.114	1.451	0.094	0.108	0.399	0.392	0.601	0.608	30
290	4982	54.37	27.21	199.954	0.084	0.301	0.116	1.447	0.094	0.109	0.425	0.417	0.575	0.583	30
291	4983	54.37	27.46	199.983	0.091	0.306	0.116	1.45	0.099	0.113	0.457	0.446	0.543	0.553	30
292	4984	54.37	27.71	199.972	0.092	0.307	0.117	1.441	0.099	0.113	0.464	0.453	0.536	0.547	30
293	4985	54.37	27.96	199.926	0.101	0.302	0.112	1.436	0.088	0.101	0.434	0.422	0.566	0.578	30
294	4986	54.37	28.21	199.982	0.077	0.304	0.114	1.427	0.091	0.103	0.424	0.413	0.576	0.587	30
295	4987	54.37	28.46	199.959	0.076	0.304	0.114	1.435	0.092	0.103	0.414	0.404	0.586	0.596	30
296	4988	54.37	28.71	199.993	0.074	0.304	0.115	1.447	0.098	0.111	0.441	0.429	0.559	0.571	30
297	4989	54.37	28.96	199.998	0.067	0.309	0.119	1.435	0.107	0.12	0.465	0.454	0.535	0.546	30
298	4990	54.37	29.21	199.995	0.071	0.305	0.115	1.428	0.103	0.116	0.439	0.427	0.562	0.573	30
299	4991	54.37	29.46	199.988	0.072	0.307	0.117	1.419	0.112	0.127	0.467	0.455	0.534	0.545	30
300	4992	54.37	29.71	199.992	0.069	0.315	0.126	1.411	0.134	0.149	0.54	0.527	0.461	0.473	30
301	4993	54.37	29.96	199.996	0.069	0.318	0.13	1.41	0.143	0.158	0.557	0.543	0.444	0.457	30
302	4994	54.37	30.21	199.998	0.07	0.317	0.13	1.415	0.143	0.157	0.558	0.544	0.443	0.456	30
303	4995	54.37	30.46	199.994	0.067	0.319	0.133	1.414	0.15	0.164	0.581	0.568	0.42	0.432	30
304	4996	54.37	30.71	199.991	0.063	0.322	0.135	1.391	0.154	0.169	0.584	0.572	0.416	0.428	30
305	4997	54.37	30.96	199.993	0.059	0.321	0.135	1.394	0.156	0.171	0.587	0.575	0.414	0.425	30
306	4998	54.37	31.21	199.991	0.051	0.324	0.137	1.402	0.162	0.178	0.589	0.577	0.412	0.423	30
307	4999	54.37	31.46	199.993	0.045	0.327	0.137	1.415	0.159	0.178	0.578	0.567	0.422	0.433	30
308	5000	54.37	31.71	199.997	0.043	0.328	0.14	1.407	0.16	0.179	0.576	0.566	0.424	0.434	30
309	5001	54.37	31.96	199.998	0.041	0.332	0.145	1.4	0.167	0.185	0.585	0.575	0.415	0.425	30
310	5002	54.37	32.21	199.998	0.041	0.332	0.148	1.396	0.176	0.193	0.6	0.59	0.4	0.41	30
311	5003	54.37	32.46	199.985	0.041	0.334	0.15	1.379	0.188	0.204	0.607	0.597	0.393	0.403	30
312	5004	54.37	32.71	199.989	0.042	0.332	0.147	1.376	0.18	0.196	0.586	0.576	0.414	0.424	30
313	5005	54.37	32.96	199.996	0.048	0.324	0.135	1.374	0.165	0.18	0.541	0.528	0.459	0.472	30
314	5006	54.37	33.21	199.982	0.056	0.323	0.133	1.382	0.157	0.172	0.526	0.512	0.474	0.488	30
315	5007	54.37	33.46	199.992	0.055	0.325	0.134	1.373	0.159	0.173	0.53	0.515	0.47	0.485	30
316	5008	54.37	33.71	199.984	0.053	0.325	0.136	1.354	0.164	0.178	0.535	0.521	0.465	0.479	30
317	5009	54.37	33.96	199.983	0.055	0.325	0.138	1.356	0.162	0.177	0.537	0.524	0.463	0.476	30
318	5010	54.37	34.21	199.994	0.054	0.328	0.141	1.353	0.167	0.183	0.552	0.539	0.448	0.461	30
319	5011	54.37	34.46	199.989	0.052	0.332	0.145	1.355	0.174	0.191	0.58	0.566	0.42	0.434	30
320	5012	54.37	34.71	199.983	0.051	0.329	0.145	1.376	0.171	0.19	0.574	0.56	0.426	0.44	30
321	5013	54.12	-9.54	194.385	0.209	0.33	0.128	1.254	0.133	0.137	0.445	0.44	0.555	0.56	30
322	5014	54.12	-9.29	194.288	0.198	0.335	0.139	1.289	0.169	0.174	0.494	0.488	0.506	0.512	30
323	5015	54.12	-9.04	193.137	0.192	0.336	0.142	1.281	0.169	0.177	0.495	0.491	0.505	0.509	30
324	5016	54.12	-8.79	195.117	0.209	0.335	0.14	1.276	0.163	0.172	0.491	0.488	0.509	0.512	30
325	5017	54.12	-8.54	194.953	0.203	0.335	0.144	1.301	0.187	0.197	0.53	0.528	0.47	0.472	30
326	5018	54.12	-8.29	196.245	0.207	0.333	0.142	1.304	0.186	0.196	0.524	0.526	0.476	0.474	30
327	5019	54.12	-8.04	197.681	0.202	0.331	0.136	1.293	0.169	0.176	0.5	0.501	0.5	0.499	30
328	5020	54.12	-7.79	197.668	0.199	0.333	0.141	1.303	0.182	0.191	0.515	0.517	0.484	0.482	30
329	5021	54.12	-7.54	196.964	0.196	0.331	0.142	1.322	0.196	0.205	0.528	0.525	0.472	0.474	30
330	5022	54.12	-7.29	196.679	0.197	0.329	0.142	1.331	0.196	0.204	0.531	0.531	0.469	0.468	30
331	5023	54.12	-7.04	197.672	0.207	0.328	0.143	1.347	0.197	0.205	0.538	0.543	0.462	0.457	30
332	5024	54.12	-6.79	198.248	0.216	0.329	0.146	1.364	0.199	0.208	0.546	0.553	0.454	0.447	30
333	5025	54.12	-6.54	198.96	0.211	0.327	0.144	1.377	0.191	0.2	0.536	0.541	0.464	0.459	30
334	5026	54.12	-6.29	198.369	0.218	0.324	0.139	1.362	0.182	0.19	0.517	0.519	0.483	0.481	30
335	5027	54.12	-2.79	196.044	0.172	0.335	0.146	1.347	0.184	0.189	0.51	0.51	0.49	0.49	30
336	5028	54.12	-2.54	195.191	0.203	0.337	0.145	1.305	0.184	0.192	0.524	0.53	0.475	0.47	30
337	5029	54.12	-2.29	192.943	0.219	0.34	0.148	1.279	0.19	0.201	0.525	0.534	0.475	0.466	30
338	5030	54.12	-2.04	188.645	0.225	0.335	0.143	1.283	0.185	0.194	0.518	0.525	0.482	0.475	30
339	5031	54.12	-1.79	191.019	0.197	0.326	0.137	1.329	0.174	0.184	0.508	0.51	0.491	0.489	30
340	5032	54.12	-1.54	198.738	0.156	0.316	0.146	1.425	0.194	0.205	0.526	0.524	0.474	0.475	30
341	5033	54.12	-1.29	199.636	0.139	0.313	0.15	1.438	0.199	0.206	0.524	0.515	0.476	0.485	30
342	5034	54.12	-1.04	199.386	0.147	0.315	0.152	1.42	0.209	0.219	0.536	0.528	0.464	0.472	30
343	5035	54.12	-0.789999999999999	199.431	0.154	0.319	0.157	1.423	0.223	0.236	0.583	0.578	0.417	0.422	30
344	5036	54.12	-0.539999999999999	199.554	0.157	0.324	0.162	1.427	0.232	0.246	0.622	0.616	0.378	0.384	30
345	5037	54.12	-0.289999999999999	199.776	0.141	0.324	0.16	1.423	0.222	0.233	0.602	0.589	0.398	0.412	30
346	5038	54.12	8.96	199.999	0.086	0.33	0.15	1.465	0.22	0.207	0.566	0.536	0.435	0.464	30
347	5039	54.12	9.21	200	0.09	0.303	0.128	1.439	0.153	0.153	0.394	0.378	0.606	0.622	30
348	5040	54.12	9.46	200	0.09	0.289	0.117	1.439	0.123	0.128	0.322	0.313	0.678	0.687	30
349	5041	54.12	9.71	200	0.089	0.274	0.107	1.459	0.088	0.098	0.26	0.257	0.739	0.743	30
350	5042	54.12	9.96	200	0.085	0.273	0.108	1.472	0.088	0.101	0.27	0.268	0.73	0.731	30
351	5043	54.12	10.21	199.999	0.091	0.282	0.115	1.495	0.107	0.123	0.337	0.337	0.663	0.663	30
352	5044	54.12	10.46	199.995	0.093	0.294	0.123	1.509	0.13	0.146	0.401	0.4	0.599	0.6	30
353	5045	54.12	10.71	199.995	0.092	0.295	0.126	1.513	0.142	0.155	0.43	0.427	0.57	0.572	30
354	5046	54.12	11.71	199.964	0.082	0.289	0.124	1.521	0.137	0.152	0.428	0.429	0.572	0.571	30
355	5047	54.12	11.96	199.943	0.078	0.291	0.124	1.518	0.135	0.149	0.412	0.413	0.588	0.587	30
356	5048	54.12	12.21	199.583	0.076	0.292	0.121	1.5	0.124	0.136	0.378	0.379	0.621	0.621	30
357	5049	54.12	12.46	199.812	0.076	0.293	0.121	1.506	0.119	0.133	0.366	0.368	0.634	0.632	30
358	5050	54.12	12.71	199.936	0.076	0.297	0.124	1.508	0.127	0.139	0.386	0.387	0.614	0.613	30
359	5051	54.12	12.96	199.985	0.075	0.298	0.124	1.508	0.135	0.147	0.398	0.399	0.602	0.601	30
360	5052	54.12	13.21	199.994	0.072	0.301	0.126	1.507	0.147	0.159	0.417	0.418	0.582	0.582	30
361	5053	54.12	13.46	199.937	0.072	0.301	0.127	1.5	0.138	0.148	0.4	0.399	0.599	0.601	30
362	5054	54.12	13.71	199.557	0.073	0.296	0.123	1.489	0.129	0.138	0.374	0.371	0.626	0.629	30
363	5055	54.12	15.46	199.944	0.066	0.283	0.116	1.496	0.13	0.139	0.368	0.364	0.632	0.636	30
364	5056	54.12	15.71	199.97	0.07	0.28	0.114	1.51	0.127	0.139	0.36	0.358	0.64	0.641	30
365	5057	54.12	15.96	199.975	0.068	0.276	0.113	1.515	0.124	0.136	0.348	0.347	0.652	0.652	30
366	5058	54.12	16.21	199.721	0.082	0.263	0.104	1.495	0.098	0.112	0.305	0.304	0.695	0.696	30
367	5059	54.12	16.46	199.736	0.099	0.259	0.099	1.483	0.088	0.102	0.307	0.307	0.692	0.693	30
368	5060	54.12	16.71	199.884	0.107	0.264	0.101	1.489	0.093	0.107	0.339	0.337	0.661	0.663	30
369	5061	54.12	16.96	199.719	0.108	0.262	0.098	1.474	0.078	0.091	0.298	0.296	0.701	0.704	30
370	5062	54.12	17.21	199.842	0.103	0.263	0.099	1.485	0.076	0.089	0.28	0.28	0.72	0.72	30
371	5063	54.12	17.46	199.782	0.105	0.267	0.101	1.483	0.075	0.088	0.278	0.278	0.722	0.722	30
372	5064	54.12	17.71	199.537	0.11	0.269	0.101	1.469	0.072	0.084	0.263	0.261	0.737	0.739	30
373	5065	54.12	17.96	199.23	0.108	0.269	0.103	1.483	0.075	0.088	0.267	0.267	0.733	0.733	30
374	5066	54.12	18.21	199.671	0.106	0.268	0.106	1.503	0.091	0.105	0.32	0.322	0.68	0.678	30
375	5067	54.12	18.46	199.899	0.101	0.273	0.11	1.515	0.111	0.126	0.379	0.38	0.62	0.62	30
376	5068	54.12	18.71	199.983	0.074	0.302	0.134	1.519	0.183	0.191	0.498	0.49	0.501	0.51	30
377	5069	54.12	18.96	199.846	0.065	0.331	0.156	1.507	0.261	0.255	0.618	0.597	0.382	0.403	30
378	5070	54.12	19.21	199.665	0.067	0.336	0.158	1.504	0.268	0.26	0.64	0.618	0.36	0.382	30
379	5071	54.12	19.46	199.41	0.075	0.312	0.136	1.498	0.195	0.199	0.529	0.516	0.471	0.484	30
380	5072	54.12	19.71	199.775	0.074	0.286	0.119	1.518	0.138	0.156	0.429	0.428	0.571	0.572	30
381	5073	54.12	19.96	199.996	0.073	0.283	0.116	1.526	0.124	0.142	0.399	0.4	0.601	0.6	30
382	5074	54.12	20.21	199.99	0.074	0.28	0.113	1.517	0.112	0.13	0.369	0.371	0.631	0.628	30
383	5075	54.12	20.46	199.958	0.079	0.279	0.111	1.5	0.109	0.125	0.363	0.364	0.637	0.636	30
384	5076	54.12	20.71	199.982	0.074	0.287	0.117	1.508	0.132	0.15	0.407	0.41	0.593	0.59	30
385	5077	54.12	20.96	199.993	0.072	0.302	0.126	1.515	0.161	0.181	0.462	0.464	0.538	0.536	30
386	5078	54.12	21.21	199.999	0.072	0.306	0.129	1.514	0.166	0.186	0.473	0.475	0.527	0.525	30
387	5079	54.12	21.46	199.973	0.071	0.301	0.124	1.508	0.14	0.158	0.433	0.435	0.567	0.565	30
388	5080	54.12	21.71	199.879	0.071	0.297	0.119	1.5	0.131	0.146	0.413	0.412	0.587	0.588	30
389	5081	54.12	21.96	199.964	0.072	0.289	0.113	1.481	0.112	0.127	0.376	0.375	0.624	0.625	30
390	5082	54.12	22.21	199.979	0.075	0.288	0.112	1.457	0.105	0.119	0.37	0.369	0.63	0.631	30
391	5083	54.12	22.46	199.997	0.075	0.293	0.116	1.454	0.108	0.12	0.386	0.383	0.614	0.617	30
392	5084	54.12	22.71	199.994	0.076	0.29	0.115	1.465	0.101	0.113	0.376	0.372	0.624	0.627	30
393	5085	54.12	22.96	199.934	0.078	0.286	0.113	1.46	0.094	0.107	0.348	0.345	0.651	0.655	30
394	5086	54.12	23.21	199.929	0.075	0.289	0.112	1.442	0.084	0.097	0.317	0.314	0.683	0.686	30
395	5087	54.12	23.46	199.98	0.076	0.286	0.111	1.458	0.084	0.097	0.311	0.308	0.688	0.692	30
396	5088	54.12	23.71	199.952	0.077	0.284	0.111	1.486	0.087	0.099	0.315	0.31	0.685	0.69	30
397	5089	54.12	23.96	199.951	0.079	0.282	0.11	1.5	0.079	0.092	0.3	0.294	0.7	0.706	30
398	5090	54.12	24.21	199.98	0.083	0.282	0.108	1.486	0.067	0.081	0.263	0.258	0.737	0.742	30
399	5091	54.12	24.46	199.985	0.086	0.283	0.108	1.454	0.059	0.075	0.237	0.234	0.764	0.766	30
400	5092	54.12	24.71	199.931	0.078	0.286	0.111	1.473	0.072	0.093	0.307	0.307	0.692	0.693	30
401	5093	54.12	24.96	199.971	0.068	0.295	0.119	1.493	0.088	0.11	0.384	0.383	0.616	0.616	30
402	5094	54.12	25.21	199.984	0.069	0.297	0.118	1.502	0.09	0.112	0.398	0.396	0.601	0.604	30
403	5095	54.12	25.46	199.949	0.074	0.297	0.117	1.501	0.09	0.112	0.402	0.398	0.598	0.602	30
404	5096	54.12	25.71	199.948	0.075	0.296	0.116	1.496	0.09	0.111	0.403	0.398	0.597	0.602	30
405	5097	54.12	25.96	199.939	0.079	0.299	0.118	1.492	0.097	0.118	0.428	0.422	0.572	0.578	30
406	5098	54.12	26.21	199.883	0.079	0.3	0.118	1.48	0.097	0.117	0.429	0.423	0.571	0.577	30
407	5099	54.12	26.46	199.902	0.082	0.302	0.12	1.469	0.102	0.119	0.451	0.444	0.549	0.556	30
408	5100	54.12	26.71	199.954	0.091	0.31	0.124	1.467	0.117	0.132	0.499	0.491	0.501	0.509	30
409	5101	54.12	26.96	199.925	0.101	0.309	0.123	1.46	0.116	0.131	0.485	0.477	0.515	0.523	30
410	5102	54.12	27.21	199.932	0.102	0.309	0.121	1.449	0.112	0.124	0.476	0.466	0.524	0.534	30
411	5103	54.12	27.46	199.958	0.101	0.31	0.122	1.449	0.11	0.122	0.483	0.471	0.517	0.529	30
412	5104	54.12	27.71	199.954	0.101	0.311	0.122	1.444	0.109	0.121	0.488	0.476	0.512	0.524	30
413	5105	54.12	27.96	199.963	0.086	0.311	0.121	1.439	0.103	0.116	0.482	0.472	0.518	0.528	30
414	5106	54.12	28.21	199.986	0.068	0.305	0.117	1.446	0.092	0.105	0.43	0.421	0.57	0.579	30
415	5107	54.12	28.46	199.985	0.066	0.299	0.113	1.452	0.085	0.097	0.383	0.373	0.617	0.627	30
416	5108	54.12	28.71	199.99	0.067	0.301	0.113	1.449	0.092	0.104	0.401	0.39	0.598	0.61	30
417	5109	54.12	28.96	199.985	0.068	0.3	0.112	1.439	0.087	0.1	0.393	0.381	0.607	0.619	30
418	5110	54.12	29.21	199.993	0.075	0.297	0.108	1.438	0.082	0.096	0.383	0.37	0.617	0.63	30
419	5111	54.12	29.46	199.927	0.077	0.302	0.112	1.417	0.096	0.111	0.418	0.405	0.583	0.595	30
420	5112	54.12	29.71	199.939	0.066	0.31	0.123	1.428	0.125	0.14	0.522	0.509	0.478	0.491	30
421	5113	54.12	29.96	199.967	0.067	0.314	0.128	1.443	0.143	0.158	0.569	0.556	0.431	0.444	30
422	5114	54.12	30.21	199.982	0.072	0.315	0.13	1.446	0.145	0.16	0.576	0.561	0.425	0.439	30
423	5115	54.12	30.46	199.997	0.072	0.316	0.13	1.45	0.145	0.16	0.571	0.557	0.43	0.443	30
424	5116	54.12	30.71	199.992	0.065	0.319	0.132	1.438	0.149	0.165	0.569	0.556	0.432	0.444	30
425	5117	54.12	30.96	199.994	0.062	0.317	0.131	1.429	0.145	0.162	0.546	0.534	0.454	0.466	30
426	5118	54.12	31.21	199.985	0.063	0.317	0.132	1.425	0.147	0.164	0.556	0.544	0.444	0.456	30
427	5119	54.12	31.46	199.996	0.052	0.322	0.137	1.417	0.159	0.177	0.594	0.582	0.407	0.418	30
428	5120	54.12	31.71	199.998	0.045	0.324	0.14	1.412	0.155	0.173	0.576	0.564	0.425	0.436	30
429	5121	54.12	31.96	199.998	0.044	0.324	0.138	1.412	0.148	0.166	0.544	0.533	0.456	0.467	30
430	5122	54.12	32.21	199.998	0.041	0.328	0.141	1.398	0.155	0.173	0.545	0.535	0.455	0.465	30
431	5123	54.12	32.46	199.997	0.044	0.327	0.139	1.393	0.155	0.172	0.54	0.528	0.46	0.472	30
432	5124	54.12	32.71	199.996	0.046	0.325	0.137	1.399	0.152	0.17	0.54	0.529	0.46	0.471	30
433	5125	54.12	32.96	199.995	0.054	0.321	0.131	1.389	0.153	0.169	0.531	0.518	0.468	0.482	30
434	5126	54.12	33.21	199.977	0.063	0.321	0.132	1.402	0.151	0.168	0.527	0.513	0.473	0.487	30
435	5127	54.12	33.46	199.995	0.053	0.326	0.138	1.387	0.157	0.174	0.537	0.524	0.463	0.476	30
436	5128	54.12	33.71	199.995	0.049	0.326	0.139	1.381	0.158	0.174	0.535	0.521	0.465	0.48	30
437	5129	54.12	33.96	199.998	0.056	0.326	0.138	1.386	0.156	0.173	0.531	0.517	0.469	0.484	30
438	5130	54.12	34.21	199.997	0.056	0.325	0.138	1.376	0.155	0.171	0.525	0.511	0.475	0.489	30
439	5131	54.12	34.46	199.995	0.052	0.325	0.139	1.372	0.156	0.172	0.54	0.527	0.46	0.473	30
440	5132	54.12	34.71	199.992	0.052	0.324	0.138	1.401	0.154	0.173	0.548	0.533	0.452	0.467	30
441	5133	53.87	-9.54	197.13	0.209	0.332	0.132	1.264	0.148	0.151	0.468	0.463	0.532	0.537	30
442	5134	53.87	-9.29	196.606	0.193	0.334	0.137	1.28	0.165	0.171	0.492	0.484	0.508	0.515	30
443	5135	53.87	-9.04	196.054	0.188	0.336	0.142	1.276	0.18	0.188	0.524	0.514	0.475	0.485	30
444	5136	53.87	-8.79	197.984	0.192	0.334	0.14	1.266	0.175	0.185	0.523	0.515	0.477	0.485	30
445	5137	53.87	-8.54	197.461	0.191	0.332	0.139	1.272	0.18	0.191	0.522	0.514	0.477	0.486	30
446	5138	53.87	-8.29	193.371	0.196	0.333	0.143	1.305	0.195	0.206	0.543	0.537	0.456	0.463	30
447	5139	53.87	-8.04	194.806	0.192	0.334	0.142	1.303	0.194	0.204	0.524	0.516	0.475	0.484	30
448	5140	53.87	-7.79	197.046	0.195	0.331	0.142	1.32	0.192	0.202	0.521	0.517	0.479	0.483	30
449	5141	53.87	-7.54	196.222	0.202	0.33	0.142	1.329	0.196	0.205	0.532	0.53	0.468	0.469	30
450	5142	53.87	-7.29	195.728	0.205	0.33	0.145	1.336	0.2	0.209	0.545	0.546	0.454	0.454	30
451	5143	53.87	-7.04	197.066	0.207	0.33	0.146	1.35	0.198	0.207	0.551	0.554	0.449	0.446	30
452	5144	53.87	-6.79	196.567	0.205	0.329	0.148	1.371	0.199	0.209	0.546	0.549	0.454	0.451	30
453	5145	53.87	-6.54	198.026	0.192	0.325	0.148	1.402	0.194	0.204	0.529	0.529	0.471	0.47	30
454	5146	53.87	-2.79	197.823	0.147	0.329	0.142	1.355	0.182	0.183	0.483	0.481	0.516	0.519	30
455	5147	53.87	-2.54	193.738	0.193	0.334	0.144	1.313	0.185	0.195	0.512	0.518	0.487	0.482	30
456	5148	53.87	-2.29	194.501	0.197	0.335	0.146	1.327	0.189	0.201	0.534	0.543	0.465	0.457	30
457	5149	53.87	-2.04	194.936	0.204	0.331	0.142	1.325	0.181	0.191	0.53	0.536	0.47	0.464	30
458	5150	53.87	-1.79	196.502	0.191	0.325	0.142	1.374	0.184	0.195	0.538	0.538	0.462	0.462	30
459	5151	53.87	-1.54	198.649	0.166	0.317	0.147	1.431	0.2	0.212	0.552	0.548	0.448	0.452	30
460	5152	53.87	-1.29	199.851	0.141	0.314	0.151	1.446	0.215	0.223	0.54	0.527	0.459	0.473	30
461	5153	53.87	-1.04	199.992	0.121	0.316	0.15	1.433	0.213	0.214	0.509	0.488	0.49	0.512	30
462	5154	53.87	-0.789999999999999	199.977	0.133	0.32	0.156	1.433	0.223	0.227	0.556	0.539	0.444	0.461	30
463	5155	53.87	-0.539999999999999	199.992	0.143	0.321	0.163	1.44	0.234	0.242	0.604	0.59	0.396	0.411	30
464	5156	53.87	-0.289999999999999	199.991	0.122	0.325	0.16	1.419	0.236	0.236	0.582	0.553	0.418	0.448	30
465	5157	53.87	9.21	200	0.091	0.334	0.151	1.401	0.24	0.232	0.566	0.54	0.434	0.46	30
466	5158	53.87	9.46	199.999	0.091	0.327	0.147	1.404	0.224	0.22	0.524	0.504	0.476	0.496	30
467	5159	53.87	9.71	199.999	0.086	0.286	0.116	1.437	0.118	0.124	0.309	0.3	0.691	0.7	30
468	5160	53.87	9.96	200	0.083	0.27	0.105	1.455	0.079	0.093	0.24	0.239	0.76	0.76	30
469	5161	53.87	10.21	199.999	0.087	0.276	0.111	1.482	0.098	0.114	0.312	0.312	0.688	0.688	30
470	5162	53.87	10.46	200	0.086	0.293	0.123	1.512	0.131	0.148	0.419	0.417	0.581	0.583	30
471	5163	53.87	10.71	200	0.084	0.289	0.121	1.514	0.122	0.136	0.391	0.389	0.609	0.61	30
472	5164	53.87	10.96	199.996	0.084	0.295	0.125	1.517	0.13	0.146	0.426	0.426	0.574	0.574	30
473	5165	53.87	11.21	199.986	0.083	0.295	0.126	1.517	0.131	0.147	0.434	0.436	0.566	0.564	30
474	5166	53.87	11.46	199.975	0.081	0.292	0.123	1.511	0.125	0.14	0.407	0.41	0.593	0.59	30
475	5167	53.87	11.71	199.988	0.086	0.282	0.117	1.515	0.112	0.128	0.368	0.372	0.631	0.627	30
476	5168	53.87	11.96	199.991	0.086	0.286	0.118	1.507	0.118	0.133	0.377	0.38	0.623	0.62	30
477	5169	53.87	12.21	199.996	0.088	0.286	0.118	1.509	0.114	0.129	0.363	0.367	0.637	0.632	30
478	5170	53.87	12.46	200	0.091	0.289	0.12	1.515	0.116	0.132	0.373	0.378	0.627	0.622	30
479	5171	53.87	12.71	199.964	0.089	0.297	0.125	1.508	0.13	0.144	0.403	0.405	0.597	0.595	30
480	5172	53.87	12.96	199.964	0.08	0.297	0.124	1.514	0.133	0.146	0.402	0.405	0.598	0.595	30
481	5173	53.87	13.21	200	0.08	0.296	0.124	1.512	0.135	0.148	0.405	0.408	0.595	0.592	30
482	5174	53.87	13.46	199.989	0.076	0.297	0.124	1.503	0.127	0.141	0.394	0.397	0.606	0.603	30
483	5175	53.87	13.71	199.931	0.075	0.299	0.123	1.478	0.126	0.135	0.376	0.374	0.623	0.625	30
484	5176	53.87	13.96	199.766	0.08	0.303	0.125	1.449	0.136	0.139	0.367	0.359	0.632	0.641	30
485	5177	53.87	14.21	198.569	0.084	0.294	0.12	1.442	0.133	0.136	0.363	0.353	0.637	0.647	30
486	5178	53.87	15.46	199.997	0.082	0.265	0.106	1.496	0.089	0.103	0.281	0.283	0.719	0.716	30
487	5179	53.87	15.71	199.999	0.089	0.261	0.105	1.515	0.092	0.106	0.295	0.298	0.705	0.701	30
488	5180	53.87	15.96	199.993	0.09	0.262	0.105	1.516	0.098	0.113	0.326	0.329	0.674	0.671	30
489	5181	53.87	16.21	199.968	0.094	0.257	0.1	1.501	0.083	0.097	0.293	0.294	0.707	0.706	30
490	5182	53.87	16.46	199.971	0.096	0.262	0.101	1.498	0.081	0.095	0.293	0.295	0.707	0.705	30
491	5183	53.87	16.71	199.974	0.095	0.269	0.102	1.489	0.074	0.086	0.27	0.27	0.73	0.729	30
492	5184	53.87	16.96	199.933	0.094	0.267	0.1	1.476	0.065	0.078	0.241	0.241	0.758	0.759	30
493	5185	53.87	17.21	199.81	0.094	0.268	0.101	1.477	0.065	0.079	0.233	0.235	0.766	0.765	30
494	5186	53.87	17.46	199.242	0.093	0.269	0.101	1.477	0.063	0.077	0.227	0.23	0.772	0.77	30
495	5187	53.87	17.71	199.292	0.092	0.266	0.1	1.48	0.06	0.074	0.218	0.221	0.781	0.779	30
496	5188	53.87	17.96	198.99	0.093	0.262	0.099	1.48	0.058	0.072	0.199	0.202	0.8	0.797	30
497	5189	53.87	18.21	198.909	0.097	0.26	0.099	1.477	0.061	0.075	0.21	0.214	0.789	0.785	30
498	5190	53.87	18.46	199.462	0.088	0.264	0.105	1.517	0.088	0.104	0.293	0.297	0.707	0.703	30
499	5191	53.87	18.71	199.966	0.074	0.286	0.123	1.545	0.143	0.161	0.417	0.418	0.582	0.582	30
500	5192	53.87	18.96	199.97	0.071	0.292	0.126	1.531	0.15	0.164	0.44	0.437	0.56	0.563	30
501	5193	53.87	19.21	199.994	0.07	0.298	0.127	1.534	0.157	0.172	0.461	0.461	0.539	0.539	30
502	5194	53.87	19.46	199.978	0.073	0.296	0.123	1.514	0.142	0.158	0.435	0.434	0.566	0.566	30
503	5195	53.87	19.71	199.971	0.075	0.287	0.116	1.515	0.118	0.135	0.384	0.387	0.616	0.613	30
504	5196	53.87	19.96	199.95	0.08	0.278	0.109	1.501	0.097	0.113	0.332	0.334	0.668	0.666	30
505	5197	53.87	20.21	199.968	0.082	0.276	0.108	1.495	0.096	0.112	0.332	0.333	0.668	0.666	30
506	5198	53.87	20.46	199.944	0.084	0.276	0.107	1.489	0.095	0.109	0.333	0.332	0.667	0.668	30
507	5199	53.87	20.71	199.914	0.081	0.286	0.111	1.479	0.104	0.119	0.345	0.345	0.656	0.655	30
508	5200	53.87	20.96	199.928	0.079	0.294	0.115	1.475	0.114	0.13	0.369	0.37	0.631	0.63	30
509	5201	53.87	21.21	199.924	0.082	0.291	0.114	1.471	0.11	0.126	0.363	0.364	0.637	0.636	30
510	5202	53.87	21.46	199.896	0.081	0.291	0.113	1.473	0.104	0.119	0.353	0.353	0.647	0.647	30
511	5203	53.87	21.71	199.903	0.073	0.294	0.114	1.472	0.106	0.12	0.352	0.351	0.648	0.649	30
512	5204	53.87	21.96	199.975	0.07	0.288	0.11	1.457	0.091	0.105	0.32	0.319	0.679	0.68	30
513	5205	53.87	22.21	199.984	0.069	0.289	0.111	1.442	0.091	0.105	0.326	0.325	0.674	0.675	30
514	5206	53.87	22.46	199.991	0.064	0.29	0.113	1.45	0.096	0.109	0.338	0.337	0.662	0.663	30
515	5207	53.87	22.71	199.98	0.062	0.288	0.114	1.458	0.096	0.109	0.344	0.344	0.656	0.656	30
516	5208	53.87	22.96	199.667	0.069	0.28	0.108	1.44	0.073	0.084	0.276	0.273	0.723	0.726	30
517	5209	53.87	23.21	199.78	0.077	0.274	0.102	1.436	0.057	0.067	0.222	0.217	0.777	0.782	30
518	5210	53.87	23.46	199.961	0.076	0.274	0.104	1.465	0.063	0.075	0.247	0.242	0.752	0.757	30
519	5211	53.87	23.71	199.97	0.076	0.278	0.111	1.499	0.077	0.091	0.313	0.308	0.687	0.692	30
520	5212	53.87	23.96	199.993	0.072	0.278	0.109	1.491	0.065	0.078	0.271	0.266	0.728	0.734	30
521	5213	53.87	24.21	199.979	0.072	0.283	0.108	1.466	0.059	0.072	0.242	0.238	0.757	0.762	30
522	5214	53.87	24.46	199.992	0.07	0.281	0.108	1.456	0.066	0.081	0.275	0.271	0.725	0.729	30
523	5215	53.87	24.71	199.991	0.065	0.283	0.114	1.504	0.085	0.105	0.37	0.368	0.63	0.632	30
524	5216	53.87	24.96	199.98	0.058	0.284	0.117	1.509	0.086	0.109	0.387	0.386	0.613	0.614	30
525	5217	53.87	25.21	199.979	0.058	0.284	0.114	1.51	0.086	0.106	0.373	0.37	0.627	0.63	30
526	5218	53.87	25.46	199.936	0.059	0.285	0.113	1.494	0.082	0.099	0.34	0.336	0.659	0.664	30
527	5219	53.87	25.71	199.932	0.067	0.287	0.115	1.486	0.081	0.1	0.35	0.346	0.649	0.654	30
528	5220	53.87	25.96	199.974	0.066	0.291	0.118	1.484	0.089	0.107	0.381	0.375	0.619	0.625	30
529	5221	53.87	26.21	199.839	0.064	0.293	0.113	1.457	0.079	0.095	0.342	0.334	0.658	0.666	30
530	5222	53.87	26.46	199.638	0.076	0.293	0.111	1.458	0.072	0.093	0.351	0.347	0.648	0.652	30
531	5223	53.87	26.71	199.896	0.093	0.3	0.117	1.473	0.095	0.116	0.453	0.448	0.546	0.552	30
532	5224	53.87	26.96	199.931	0.102	0.31	0.124	1.471	0.113	0.132	0.508	0.5	0.491	0.5	30
533	5225	53.87	27.21	199.935	0.099	0.314	0.126	1.466	0.123	0.138	0.535	0.526	0.465	0.474	30
534	5226	53.87	27.46	199.971	0.094	0.31	0.129	1.475	0.123	0.137	0.534	0.525	0.466	0.475	30
535	5227	53.87	27.71	199.947	0.089	0.302	0.123	1.459	0.106	0.118	0.484	0.474	0.516	0.526	30
536	5228	53.87	27.96	199.973	0.078	0.305	0.121	1.437	0.099	0.112	0.473	0.465	0.527	0.535	30
537	5229	53.87	28.21	199.983	0.072	0.305	0.119	1.438	0.096	0.109	0.45	0.441	0.55	0.559	30
538	5230	53.87	28.46	199.99	0.065	0.298	0.114	1.447	0.087	0.1	0.403	0.393	0.597	0.607	30
539	5231	53.87	28.71	199.999	0.061	0.297	0.112	1.443	0.083	0.096	0.385	0.374	0.615	0.626	30
540	5232	53.87	28.96	199.998	0.058	0.299	0.112	1.432	0.08	0.093	0.377	0.366	0.622	0.634	30
541	5233	53.87	29.21	199.998	0.061	0.297	0.11	1.441	0.077	0.091	0.374	0.362	0.626	0.638	30
542	5234	53.87	29.46	199.963	0.072	0.298	0.11	1.419	0.08	0.094	0.374	0.362	0.626	0.638	30
543	5235	53.87	29.71	199.975	0.072	0.301	0.114	1.444	0.094	0.11	0.424	0.411	0.576	0.589	30
544	5236	53.87	29.96	199.992	0.068	0.309	0.123	1.472	0.117	0.136	0.494	0.483	0.506	0.517	30
545	5237	53.87	30.21	199.995	0.069	0.31	0.125	1.472	0.126	0.143	0.509	0.498	0.491	0.502	30
546	5238	53.87	30.46	199.999	0.069	0.311	0.127	1.479	0.133	0.149	0.522	0.511	0.478	0.489	30
547	5239	53.87	30.71	199.998	0.062	0.315	0.129	1.465	0.139	0.157	0.531	0.518	0.47	0.482	30
548	5240	53.87	30.96	199.999	0.061	0.313	0.127	1.45	0.132	0.15	0.514	0.501	0.486	0.499	30
549	5241	53.87	31.21	199.997	0.064	0.311	0.125	1.435	0.124	0.141	0.497	0.482	0.504	0.518	30
550	5242	53.87	31.46	199.993	0.054	0.316	0.132	1.422	0.144	0.16	0.558	0.544	0.442	0.456	30
551	5243	53.87	31.71	199.996	0.05	0.318	0.135	1.418	0.148	0.164	0.554	0.541	0.446	0.459	30
552	5244	53.87	31.96	199.998	0.054	0.315	0.129	1.417	0.127	0.145	0.484	0.471	0.516	0.529	30
553	5245	53.87	32.21	199.999	0.055	0.316	0.128	1.43	0.126	0.146	0.49	0.477	0.51	0.523	30
554	5246	53.87	32.46	199.999	0.057	0.315	0.127	1.426	0.127	0.147	0.497	0.484	0.503	0.516	30
555	5247	53.87	32.71	199.999	0.055	0.318	0.129	1.42	0.135	0.154	0.517	0.505	0.483	0.495	30
556	5248	53.87	32.96	199.997	0.055	0.324	0.137	1.399	0.158	0.174	0.554	0.542	0.446	0.458	30
557	5249	53.87	33.21	199.992	0.059	0.325	0.137	1.399	0.159	0.176	0.555	0.541	0.445	0.459	30
558	5250	53.87	33.46	199.999	0.049	0.329	0.145	1.394	0.174	0.193	0.591	0.58	0.409	0.42	30
559	5251	53.87	33.71	199.999	0.047	0.326	0.141	1.394	0.155	0.172	0.545	0.53	0.455	0.47	30
560	5252	53.87	33.96	199.999	0.05	0.324	0.134	1.415	0.141	0.159	0.516	0.498	0.484	0.502	30
561	5253	53.87	34.21	199.997	0.057	0.323	0.132	1.411	0.143	0.16	0.511	0.494	0.489	0.506	30
562	5254	53.87	34.46	199.987	0.06	0.32	0.131	1.403	0.141	0.156	0.514	0.498	0.486	0.502	30
563	5255	53.87	34.71	199.997	0.05	0.322	0.136	1.403	0.156	0.173	0.536	0.523	0.464	0.477	30
564	5256	53.62	-9.54	196.241	0.232	0.332	0.13	1.25	0.143	0.147	0.462	0.459	0.538	0.54	30
565	5257	53.62	-9.29	195.476	0.188	0.334	0.14	1.282	0.176	0.182	0.51	0.499	0.49	0.501	30
566	5258	53.62	-9.04	192.057	0.182	0.341	0.147	1.264	0.201	0.209	0.568	0.553	0.432	0.447	30
567	5259	53.62	-8.79	193.877	0.191	0.336	0.143	1.273	0.193	0.204	0.559	0.547	0.441	0.453	30
568	5260	53.62	-8.54	195.052	0.187	0.334	0.14	1.26	0.182	0.194	0.525	0.513	0.475	0.486	30
569	5261	53.62	-8.29	189.974	0.191	0.335	0.143	1.29	0.194	0.206	0.537	0.528	0.463	0.472	30
570	5262	53.62	-8.04	188.361	0.195	0.334	0.142	1.285	0.199	0.209	0.526	0.518	0.473	0.482	30
571	5263	53.62	-7.79	192.656	0.193	0.334	0.143	1.292	0.198	0.209	0.527	0.52	0.473	0.48	30
572	5264	53.62	-7.54	193.614	0.197	0.334	0.144	1.296	0.2	0.211	0.53	0.527	0.47	0.473	30
573	5265	53.62	-7.29	192.24	0.2	0.335	0.146	1.296	0.207	0.218	0.543	0.54	0.457	0.46	30
574	5266	53.62	-7.04	192.764	0.191	0.336	0.147	1.298	0.204	0.213	0.537	0.535	0.463	0.465	30
575	5267	53.62	-6.79	195.3	0.185	0.335	0.149	1.331	0.204	0.214	0.543	0.54	0.457	0.46	30
576	5268	53.62	-6.54	196.504	0.185	0.329	0.15	1.383	0.201	0.213	0.545	0.544	0.455	0.456	30
577	5269	53.62	-6.29	196.754	0.178	0.324	0.149	1.408	0.198	0.207	0.54	0.535	0.46	0.465	30
578	5270	53.62	-3.04	199.904	0.101	0.313	0.132	1.43	0.18	0.173	0.45	0.434	0.55	0.566	30
579	5271	53.62	-2.79	199.56	0.137	0.317	0.136	1.418	0.185	0.185	0.478	0.472	0.522	0.528	30
580	5272	53.62	-2.54	198.227	0.174	0.323	0.139	1.37	0.18	0.187	0.505	0.505	0.495	0.495	30
581	5273	53.62	-2.29	198.361	0.177	0.322	0.137	1.371	0.176	0.185	0.517	0.517	0.483	0.483	30
582	5274	53.62	-2.04	198.045	0.196	0.326	0.137	1.345	0.174	0.182	0.52	0.521	0.48	0.479	30
583	5275	53.62	-1.79	196.69	0.196	0.327	0.142	1.369	0.188	0.197	0.542	0.539	0.458	0.461	30
584	5276	53.62	-1.54	198.575	0.17	0.319	0.149	1.433	0.212	0.223	0.575	0.567	0.425	0.433	30
585	5277	53.62	-1.29	199.698	0.152	0.315	0.154	1.453	0.226	0.235	0.579	0.565	0.42	0.435	30
586	5278	53.62	-1.04	199.954	0.127	0.316	0.15	1.431	0.224	0.224	0.533	0.509	0.467	0.491	30
587	5279	53.62	-0.789999999999999	199.983	0.13	0.323	0.155	1.422	0.237	0.235	0.554	0.527	0.446	0.473	30
588	5280	53.62	-0.539999999999999	199.985	0.14	0.318	0.16	1.446	0.236	0.242	0.575	0.555	0.425	0.445	30
589	5281	53.62	-0.289999999999999	199.992	0.134	0.322	0.162	1.438	0.24	0.244	0.602	0.577	0.398	0.423	30
590	5282	53.62	-0.0399999999999991	199.996	0.133	0.324	0.165	1.433	0.243	0.248	0.61	0.587	0.39	0.413	30
591	5283	53.62	5.96	199.984	0.074	0.343	0.163	1.411	0.26	0.246	0.642	0.616	0.358	0.384	30
592	5284	53.62	6.21	199.987	0.069	0.34	0.162	1.427	0.255	0.241	0.647	0.618	0.352	0.382	30
593	5285	53.62	6.46	199.994	0.063	0.335	0.159	1.447	0.249	0.233	0.644	0.609	0.356	0.391	30
594	5286	53.62	7.21	199.965	0.072	0.326	0.15	1.476	0.203	0.194	0.525	0.493	0.475	0.507	30
595	5287	53.62	7.46	199.935	0.073	0.309	0.134	1.456	0.164	0.16	0.441	0.416	0.559	0.583	30
596	5288	53.62	7.71	199.984	0.076	0.313	0.137	1.443	0.177	0.173	0.473	0.448	0.527	0.552	30
597	5289	53.62	7.96	199.979	0.082	0.334	0.155	1.428	0.233	0.227	0.573	0.546	0.427	0.454	30
598	5290	53.62	8.21	199.995	0.083	0.326	0.147	1.381	0.204	0.201	0.507	0.486	0.493	0.514	30
599	5291	53.62	8.46	200	0.084	0.316	0.138	1.389	0.18	0.179	0.453	0.434	0.547	0.566	30
600	5292	53.62	8.71	200	0.082	0.301	0.124	1.42	0.146	0.146	0.385	0.366	0.615	0.634	30
601	5293	53.62	8.96	200	0.084	0.298	0.121	1.41	0.132	0.134	0.353	0.337	0.647	0.663	30
602	5294	53.62	9.21	200	0.089	0.303	0.126	1.4	0.154	0.154	0.376	0.362	0.624	0.638	30
603	5295	53.62	9.46	199.999	0.085	0.309	0.132	1.415	0.173	0.172	0.425	0.409	0.575	0.591	30
604	5296	53.62	9.71	199.999	0.08	0.294	0.122	1.446	0.133	0.137	0.356	0.343	0.644	0.656	30
605	5297	53.62	9.96	199.999	0.079	0.282	0.114	1.465	0.1	0.108	0.297	0.293	0.703	0.707	30
606	5298	53.62	10.21	200	0.081	0.283	0.115	1.484	0.106	0.118	0.322	0.319	0.677	0.681	30
607	5299	53.62	10.46	199.995	0.086	0.285	0.117	1.509	0.112	0.128	0.372	0.368	0.628	0.632	30
608	5300	53.62	10.71	199.996	0.086	0.281	0.115	1.507	0.103	0.119	0.348	0.347	0.651	0.653	30
609	5301	53.62	10.96	199.993	0.085	0.289	0.119	1.509	0.11	0.126	0.37	0.372	0.63	0.628	30
610	5302	53.62	11.21	199.992	0.084	0.287	0.117	1.507	0.105	0.122	0.357	0.363	0.643	0.637	30
611	5303	53.62	11.46	199.931	0.084	0.283	0.114	1.49	0.095	0.11	0.314	0.321	0.685	0.679	30
612	5304	53.62	11.71	199.978	0.088	0.276	0.11	1.49	0.09	0.105	0.295	0.302	0.704	0.698	30
613	5305	53.62	11.96	199.977	0.094	0.28	0.113	1.501	0.101	0.116	0.332	0.339	0.668	0.661	30
614	5306	53.62	12.21	199.904	0.1	0.276	0.111	1.497	0.094	0.11	0.307	0.312	0.693	0.687	30
615	5307	53.62	12.46	199.855	0.102	0.28	0.113	1.497	0.1	0.115	0.327	0.331	0.672	0.669	30
616	5308	53.62	12.71	199.916	0.097	0.289	0.12	1.504	0.116	0.131	0.375	0.378	0.625	0.622	30
617	5309	53.62	12.96	199.961	0.091	0.29	0.12	1.521	0.116	0.132	0.38	0.386	0.619	0.614	30
618	5310	53.62	13.21	199.997	0.092	0.29	0.122	1.519	0.122	0.138	0.399	0.403	0.601	0.596	30
619	5311	53.62	13.46	199.997	0.088	0.29	0.122	1.511	0.118	0.134	0.393	0.398	0.607	0.602	30
620	5312	53.62	13.71	199.954	0.088	0.29	0.12	1.494	0.117	0.13	0.385	0.386	0.615	0.614	30
621	5313	53.62	13.96	199.903	0.084	0.282	0.114	1.481	0.098	0.107	0.305	0.304	0.694	0.695	30
622	5314	53.62	14.21	199.416	0.079	0.277	0.111	1.466	0.091	0.098	0.272	0.27	0.728	0.73	30
623	5315	53.62	14.46	199.642	0.082	0.278	0.112	1.444	0.098	0.104	0.294	0.29	0.705	0.709	30
624	5316	53.62	14.71	199.981	0.079	0.284	0.115	1.428	0.098	0.1	0.282	0.275	0.717	0.724	30
625	5317	53.62	14.96	199.999	0.077	0.269	0.107	1.463	0.071	0.082	0.224	0.228	0.775	0.772	30
626	5318	53.62	15.21	200	0.074	0.278	0.111	1.489	0.088	0.102	0.271	0.277	0.729	0.723	30
627	5319	53.62	15.46	199.998	0.088	0.268	0.108	1.518	0.087	0.101	0.283	0.288	0.716	0.711	30
628	5320	53.62	15.71	199.998	0.093	0.263	0.104	1.516	0.084	0.099	0.276	0.281	0.723	0.719	30
629	5321	53.62	15.96	199.991	0.096	0.269	0.106	1.508	0.085	0.099	0.293	0.295	0.706	0.705	30
630	5322	53.62	16.21	199.928	0.099	0.27	0.104	1.493	0.083	0.096	0.294	0.294	0.705	0.705	30
631	5323	53.62	16.46	199.891	0.094	0.267	0.101	1.485	0.069	0.083	0.24	0.243	0.759	0.757	30
632	5324	53.62	16.71	199.973	0.091	0.27	0.102	1.49	0.066	0.079	0.239	0.242	0.76	0.758	30
633	5325	53.62	16.96	199.929	0.09	0.269	0.103	1.495	0.068	0.082	0.248	0.251	0.752	0.748	30
634	5326	53.62	17.21	199.957	0.082	0.271	0.106	1.517	0.078	0.093	0.271	0.277	0.728	0.722	30
635	5327	53.62	17.46	199.758	0.076	0.27	0.106	1.533	0.081	0.097	0.288	0.295	0.712	0.705	30
636	5328	53.62	17.71	199.645	0.078	0.269	0.107	1.535	0.084	0.101	0.295	0.302	0.705	0.698	30
637	5329	53.62	17.96	199.481	0.084	0.261	0.099	1.488	0.063	0.079	0.214	0.22	0.785	0.779	30
638	5330	53.62	18.21	199.488	0.088	0.259	0.098	1.48	0.06	0.075	0.204	0.21	0.795	0.789	30
639	5331	53.62	18.46	199.526	0.087	0.26	0.101	1.491	0.07	0.085	0.239	0.243	0.76	0.757	30
640	5332	53.62	18.71	199.961	0.074	0.274	0.114	1.533	0.112	0.127	0.365	0.364	0.635	0.636	30
641	5333	53.62	18.96	199.999	0.071	0.281	0.117	1.547	0.116	0.132	0.384	0.386	0.616	0.613	30
642	5334	53.62	19.21	199.999	0.066	0.289	0.119	1.55	0.125	0.143	0.404	0.408	0.596	0.592	30
643	5335	53.62	19.46	199.976	0.069	0.282	0.113	1.517	0.105	0.121	0.346	0.349	0.653	0.651	30
644	5336	53.62	19.71	199.966	0.076	0.278	0.111	1.505	0.101	0.117	0.35	0.352	0.65	0.648	30
645	5337	53.62	19.96	199.98	0.088	0.279	0.111	1.498	0.101	0.116	0.37	0.37	0.63	0.629	30
646	5338	53.62	20.21	199.956	0.087	0.271	0.103	1.481	0.082	0.096	0.298	0.299	0.701	0.7	30
647	5339	53.62	20.46	199.862	0.092	0.269	0.101	1.46	0.066	0.078	0.259	0.258	0.74	0.742	30
648	5340	53.62	20.71	199.912	0.085	0.274	0.102	1.461	0.066	0.079	0.251	0.25	0.748	0.749	30
649	5341	53.62	20.96	199.932	0.078	0.281	0.107	1.471	0.074	0.087	0.271	0.27	0.728	0.729	30
650	5342	53.62	21.21	199.867	0.077	0.277	0.104	1.457	0.064	0.077	0.243	0.243	0.756	0.756	30
651	5343	53.62	21.46	199.871	0.081	0.275	0.102	1.441	0.058	0.071	0.228	0.228	0.771	0.772	30
652	5344	53.62	21.71	199.879	0.075	0.279	0.105	1.447	0.062	0.074	0.233	0.233	0.766	0.767	30
653	5345	53.62	21.96	199.973	0.066	0.273	0.104	1.47	0.067	0.081	0.26	0.261	0.74	0.738	30
654	5346	53.62	22.21	199.993	0.064	0.274	0.106	1.482	0.076	0.091	0.294	0.298	0.705	0.702	30
655	5347	53.62	22.46	199.995	0.054	0.279	0.109	1.462	0.081	0.095	0.289	0.293	0.711	0.707	30
656	5348	53.62	22.71	199.989	0.054	0.286	0.111	1.432	0.082	0.094	0.292	0.292	0.708	0.707	30
657	5349	53.62	22.96	199.95	0.056	0.28	0.11	1.444	0.087	0.099	0.303	0.303	0.697	0.696	30
658	5350	53.62	23.21	199.968	0.062	0.269	0.109	1.487	0.084	0.096	0.315	0.315	0.684	0.684	30
659	5351	53.62	23.46	199.997	0.065	0.27	0.108	1.511	0.085	0.097	0.334	0.332	0.666	0.668	30
660	5352	53.62	23.71	199.992	0.08	0.279	0.114	1.516	0.098	0.113	0.416	0.411	0.584	0.588	30
661	5353	53.62	23.96	199.997	0.072	0.284	0.117	1.532	0.096	0.11	0.416	0.411	0.584	0.588	30
662	5354	53.62	24.21	199.993	0.059	0.282	0.115	1.522	0.082	0.095	0.345	0.34	0.655	0.659	30
663	5355	53.62	24.46	199.992	0.056	0.277	0.11	1.51	0.077	0.094	0.332	0.329	0.667	0.671	30
664	5356	53.62	24.71	199.997	0.059	0.28	0.114	1.527	0.086	0.107	0.386	0.382	0.614	0.618	30
665	5357	53.62	24.96	199.991	0.053	0.28	0.115	1.517	0.084	0.103	0.364	0.36	0.636	0.64	30
666	5358	53.62	25.21	199.965	0.053	0.276	0.111	1.507	0.078	0.095	0.333	0.329	0.666	0.671	30
667	5359	53.62	25.46	199.922	0.069	0.276	0.108	1.487	0.074	0.093	0.335	0.331	0.665	0.669	30
668	5360	53.62	25.71	199.888	0.094	0.288	0.116	1.493	0.098	0.119	0.442	0.437	0.557	0.563	30
669	5361	53.62	25.96	199.951	0.091	0.297	0.124	1.503	0.113	0.134	0.505	0.499	0.494	0.501	30
670	5362	53.62	26.21	199.827	0.067	0.293	0.12	1.487	0.097	0.114	0.44	0.434	0.56	0.565	30
671	5363	53.62	26.46	199.638	0.069	0.289	0.112	1.478	0.08	0.098	0.383	0.378	0.616	0.622	30
