# Command file for Castanea
# Generated on Rstudio by user vandermeersch, on the 2023-07-07

# The filenames below are relative to the folder containing this command file
castaneaFileName	=	fagus_cmaes_output_subset1_rep2.txt
inventoryFileName	=	C:/Users/vandermeersch/Documents/CEFE/phd/hindcasting/simulation/castanea/run/inventory.txt

climateBaseName	=	D:/climate/HadCM3B_60Kyr_Climate/2023_dataset/castanea_format/025deg/1500BP/
climateExtension	=	.txt
simulationName	=	ind1_


#	siteId	gridName	latitude	longitude	soilHeight	stone	wfc	wilt	bulk	SOLCLAYtop	SOLCLAYsol	SOLFINtop	SOLFINsol	SOLSANDtop	SOLSANDsol	numberOfYears
1	6108	52.62	9.46	199.997	0.086	0.27	0.112	1.497	0.107	0.121	0.369	0.366	0.631	0.634	30
2	6109	52.62	9.71	199.982	0.088	0.26	0.107	1.488	0.093	0.106	0.311	0.311	0.689	0.689	30
3	6110	52.62	9.96	199.994	0.088	0.249	0.1	1.49	0.074	0.088	0.262	0.263	0.738	0.737	30
4	6111	52.62	10.21	199.993	0.087	0.251	0.1	1.495	0.079	0.093	0.3	0.3	0.699	0.699	30
5	6112	52.62	10.46	199.956	0.09	0.257	0.101	1.493	0.079	0.094	0.314	0.314	0.686	0.686	30
6	6113	52.62	10.71	199.994	0.097	0.263	0.104	1.498	0.086	0.102	0.357	0.36	0.643	0.64	30
7	6114	52.62	10.96	200	0.094	0.27	0.11	1.503	0.1	0.116	0.387	0.392	0.612	0.608	30
8	6115	52.62	11.21	200	0.088	0.265	0.107	1.498	0.095	0.111	0.337	0.344	0.663	0.655	30
9	6116	52.62	11.46	199.999	0.078	0.258	0.104	1.49	0.087	0.103	0.297	0.305	0.703	0.695	30
10	6117	52.62	11.71	199.999	0.068	0.259	0.106	1.496	0.094	0.11	0.313	0.321	0.687	0.679	30
11	6118	52.62	11.96	199.997	0.061	0.258	0.108	1.489	0.094	0.108	0.287	0.293	0.713	0.707	30
12	6119	52.62	12.21	199.99	0.071	0.252	0.103	1.482	0.078	0.091	0.228	0.234	0.772	0.766	30
13	6120	52.62	12.46	199.996	0.074	0.252	0.103	1.482	0.08	0.093	0.237	0.244	0.762	0.756	30
14	6121	52.62	12.71	199.997	0.067	0.263	0.109	1.482	0.091	0.105	0.284	0.291	0.715	0.708	30
15	6122	52.62	12.96	199.996	0.069	0.259	0.107	1.485	0.085	0.099	0.266	0.272	0.734	0.728	30
16	6123	52.62	13.21	199.998	0.078	0.25	0.105	1.491	0.084	0.095	0.249	0.25	0.751	0.75	30
17	6124	52.62	13.46	200	0.082	0.253	0.11	1.492	0.097	0.107	0.275	0.277	0.724	0.723	30
18	6125	52.62	13.71	199.999	0.09	0.249	0.104	1.5	0.084	0.098	0.269	0.276	0.731	0.724	30
19	6126	52.62	13.96	199.996	0.1	0.248	0.102	1.5	0.085	0.098	0.286	0.292	0.713	0.707	30
20	6127	52.62	14.21	199.999	0.085	0.269	0.116	1.486	0.128	0.136	0.36	0.36	0.639	0.64	30
21	6128	52.62	14.46	199.999	0.072	0.276	0.122	1.479	0.138	0.147	0.366	0.367	0.634	0.633	30
22	6129	52.62	14.71	199.992	0.08	0.262	0.11	1.491	0.108	0.12	0.309	0.312	0.691	0.688	30
23	6130	52.62	14.96	199.996	0.084	0.252	0.102	1.496	0.089	0.101	0.274	0.277	0.725	0.723	30
24	6131	52.62	15.21	200	0.084	0.25	0.101	1.497	0.078	0.091	0.258	0.261	0.741	0.738	30
25	6132	52.62	15.46	199.999	0.082	0.245	0.099	1.5	0.068	0.08	0.225	0.23	0.774	0.769	30
26	6133	52.62	15.71	200	0.082	0.242	0.097	1.504	0.062	0.075	0.198	0.205	0.801	0.794	30
27	6134	52.62	15.96	199.999	0.087	0.238	0.096	1.506	0.061	0.075	0.2	0.206	0.799	0.792	30
28	6135	52.62	16.21	199.999	0.079	0.242	0.1	1.522	0.076	0.093	0.245	0.253	0.754	0.746	30
29	6136	52.62	16.46	200	0.068	0.239	0.101	1.534	0.085	0.103	0.27	0.279	0.73	0.72	30
30	6137	52.62	16.71	200	0.063	0.237	0.101	1.544	0.087	0.105	0.275	0.285	0.724	0.715	30
31	6138	52.62	16.96	200	0.068	0.238	0.101	1.542	0.084	0.1	0.27	0.276	0.729	0.723	30
32	6139	52.62	17.21	200	0.061	0.236	0.099	1.553	0.081	0.1	0.271	0.28	0.728	0.72	30
33	6140	52.62	17.46	200	0.056	0.24	0.103	1.572	0.089	0.111	0.31	0.322	0.69	0.677	30
34	6141	52.62	17.71	200	0.064	0.237	0.1	1.559	0.083	0.104	0.291	0.303	0.708	0.696	30
35	6142	52.62	17.96	200	0.067	0.241	0.103	1.567	0.095	0.116	0.336	0.347	0.663	0.652	30
36	6143	52.62	18.21	200	0.061	0.247	0.107	1.564	0.107	0.127	0.346	0.356	0.654	0.643	30
37	6144	52.62	18.46	200	0.054	0.244	0.106	1.549	0.1	0.119	0.318	0.33	0.682	0.669	30
38	6145	52.62	18.71	200	0.054	0.242	0.105	1.55	0.101	0.123	0.333	0.347	0.666	0.652	30
39	6146	52.62	18.96	199.997	0.059	0.239	0.102	1.546	0.091	0.111	0.306	0.317	0.694	0.683	30
40	6147	52.62	19.21	199.997	0.062	0.243	0.101	1.533	0.082	0.1	0.282	0.291	0.717	0.709	30
41	6148	52.62	19.46	199.999	0.064	0.248	0.102	1.537	0.081	0.099	0.288	0.295	0.712	0.705	30
42	6149	52.62	19.71	200	0.06	0.258	0.109	1.549	0.09	0.107	0.338	0.343	0.662	0.657	30
43	6150	52.62	19.96	200	0.056	0.261	0.109	1.551	0.086	0.104	0.336	0.343	0.663	0.657	30
44	6151	52.62	20.21	200	0.052	0.26	0.108	1.548	0.087	0.106	0.326	0.334	0.674	0.666	30
45	6152	52.62	20.46	200	0.051	0.247	0.101	1.545	0.077	0.095	0.278	0.289	0.721	0.711	30
46	6153	52.62	20.71	200	0.053	0.253	0.103	1.529	0.082	0.1	0.281	0.292	0.719	0.708	30
47	6154	52.62	20.96	200	0.056	0.261	0.106	1.511	0.092	0.111	0.307	0.317	0.692	0.683	30
48	6155	52.62	21.21	200	0.056	0.256	0.103	1.515	0.079	0.095	0.27	0.278	0.729	0.722	30
49	6156	52.62	21.46	199.999	0.055	0.25	0.1	1.516	0.065	0.079	0.229	0.234	0.77	0.766	30
50	6157	52.62	21.71	200	0.056	0.251	0.098	1.515	0.063	0.075	0.209	0.211	0.791	0.788	30
51	6158	52.62	21.96	200	0.052	0.247	0.098	1.528	0.067	0.081	0.226	0.229	0.774	0.77	30
52	6159	52.62	22.21	200	0.047	0.244	0.099	1.544	0.071	0.087	0.264	0.268	0.736	0.732	30
53	6160	52.62	22.46	200	0.044	0.244	0.099	1.547	0.071	0.087	0.286	0.288	0.714	0.711	30
54	6161	52.62	22.71	200	0.046	0.246	0.1	1.539	0.074	0.09	0.299	0.301	0.701	0.699	30
55	6162	52.62	22.96	199.998	0.049	0.25	0.1	1.517	0.072	0.087	0.284	0.286	0.715	0.714	30
56	6163	52.62	23.21	199.992	0.047	0.252	0.1	1.519	0.072	0.086	0.276	0.278	0.724	0.723	30
57	6164	52.62	23.46	199.863	0.053	0.253	0.101	1.52	0.073	0.087	0.297	0.295	0.703	0.705	30
58	6165	52.62	23.71	199.478	0.066	0.265	0.102	1.481	0.072	0.084	0.3	0.294	0.699	0.705	30
59	6166	52.62	23.96	199.013	0.077	0.272	0.103	1.47	0.079	0.093	0.32	0.316	0.679	0.684	30
60	6167	52.62	24.21	199.743	0.062	0.272	0.108	1.509	0.091	0.106	0.36	0.355	0.64	0.645	30
61	6168	52.62	24.46	199.979	0.054	0.272	0.113	1.526	0.103	0.118	0.407	0.403	0.592	0.597	30
62	6169	52.62	24.71	199.943	0.056	0.268	0.11	1.516	0.095	0.109	0.377	0.372	0.623	0.628	30
63	6170	52.62	24.96	199.969	0.054	0.267	0.108	1.508	0.089	0.101	0.348	0.341	0.651	0.659	30
64	6171	52.62	25.21	199.985	0.051	0.274	0.111	1.499	0.099	0.111	0.36	0.352	0.64	0.648	30
65	6172	52.62	25.46	199.982	0.05	0.282	0.114	1.493	0.1	0.114	0.353	0.347	0.646	0.653	30
66	6173	52.62	25.71	199.912	0.059	0.284	0.112	1.475	0.091	0.107	0.333	0.327	0.666	0.673	30
67	6174	52.62	25.96	199.83	0.056	0.289	0.114	1.471	0.09	0.108	0.34	0.334	0.66	0.666	30
68	6175	52.62	26.21	199.985	0.055	0.279	0.111	1.487	0.085	0.1	0.333	0.327	0.666	0.673	30
69	6176	52.62	26.46	199.998	0.057	0.271	0.106	1.498	0.077	0.093	0.328	0.32	0.671	0.68	30
70	6177	52.62	26.71	199.99	0.054	0.282	0.111	1.478	0.084	0.1	0.343	0.334	0.657	0.666	30
71	6178	52.62	26.96	199.993	0.053	0.283	0.111	1.477	0.086	0.099	0.33	0.321	0.67	0.679	30
72	6179	52.62	27.21	199.999	0.048	0.284	0.113	1.48	0.096	0.106	0.343	0.333	0.658	0.667	30
73	6180	52.62	27.46	199.997	0.05	0.275	0.109	1.502	0.081	0.093	0.326	0.318	0.674	0.682	30
74	6181	52.62	27.71	199.994	0.048	0.279	0.11	1.493	0.08	0.092	0.326	0.318	0.674	0.683	30
75	6182	52.62	27.96	199.992	0.045	0.281	0.113	1.493	0.089	0.1	0.341	0.333	0.659	0.668	30
76	6183	52.62	28.21	200	0.046	0.278	0.111	1.494	0.091	0.102	0.34	0.332	0.66	0.668	30
77	6184	52.62	28.46	200	0.043	0.277	0.11	1.5	0.085	0.096	0.339	0.33	0.66	0.67	30
78	6185	52.62	28.71	200	0.052	0.272	0.105	1.483	0.069	0.081	0.307	0.295	0.693	0.705	30
79	6186	52.62	28.96	200	0.056	0.263	0.102	1.485	0.064	0.077	0.286	0.276	0.713	0.723	30
80	6187	52.62	29.21	200	0.057	0.264	0.103	1.491	0.064	0.078	0.284	0.277	0.715	0.723	30
81	6188	52.62	29.46	200	0.058	0.27	0.105	1.497	0.067	0.081	0.303	0.294	0.696	0.705	30
82	6189	52.62	29.71	199.999	0.054	0.282	0.11	1.495	0.077	0.089	0.328	0.317	0.671	0.683	30
83	6190	52.62	29.96	200	0.05	0.287	0.112	1.491	0.086	0.097	0.356	0.345	0.644	0.655	30
84	6191	52.62	30.21	200	0.051	0.296	0.116	1.464	0.097	0.109	0.388	0.377	0.612	0.623	30
85	6192	52.62	30.46	200	0.05	0.295	0.121	1.513	0.119	0.131	0.461	0.447	0.539	0.553	30
86	6193	52.62	30.71	200	0.049	0.295	0.126	1.529	0.133	0.146	0.506	0.494	0.494	0.506	30
87	6194	52.62	30.96	200	0.049	0.303	0.129	1.496	0.135	0.148	0.509	0.497	0.491	0.503	30
88	6195	52.62	31.21	199.999	0.052	0.301	0.121	1.478	0.105	0.12	0.424	0.411	0.576	0.589	30
89	6196	52.62	31.46	199.998	0.045	0.304	0.123	1.481	0.11	0.125	0.437	0.425	0.563	0.575	30
90	6197	52.62	31.71	199.999	0.046	0.305	0.125	1.484	0.119	0.134	0.463	0.453	0.537	0.547	30
91	6198	52.62	31.96	199.989	0.051	0.302	0.124	1.481	0.114	0.13	0.447	0.438	0.553	0.562	30
92	6199	52.62	32.21	199.986	0.045	0.31	0.131	1.49	0.136	0.152	0.51	0.501	0.49	0.499	30
93	6200	52.62	32.46	199.996	0.04	0.314	0.134	1.479	0.147	0.164	0.552	0.545	0.448	0.455	30
94	6201	52.62	32.71	199.999	0.044	0.311	0.132	1.47	0.154	0.171	0.578	0.569	0.422	0.431	30
95	6202	52.62	32.96	200	0.042	0.307	0.134	1.471	0.166	0.184	0.61	0.602	0.39	0.398	30
96	6203	52.62	33.21	200	0.036	0.307	0.134	1.48	0.165	0.18	0.581	0.573	0.418	0.427	30
97	6204	52.62	33.46	200	0.041	0.315	0.13	1.465	0.153	0.171	0.544	0.534	0.455	0.466	30
98	6205	52.62	33.71	200	0.046	0.317	0.13	1.445	0.154	0.172	0.552	0.541	0.448	0.459	30
99	6206	52.62	33.96	200	0.05	0.311	0.124	1.446	0.13	0.146	0.493	0.478	0.507	0.522	30
100	6207	52.62	34.21	199.999	0.064	0.305	0.116	1.454	0.105	0.125	0.443	0.425	0.557	0.575	30
101	6208	52.62	34.46	199.997	0.06	0.311	0.125	1.454	0.134	0.155	0.534	0.518	0.466	0.482	30
102	6209	52.62	34.71	199.998	0.046	0.32	0.139	1.453	0.187	0.205	0.658	0.649	0.342	0.351	30
103	6210	52.37	-9.54	197.933	0.193	0.34	0.148	1.308	0.187	0.195	0.549	0.547	0.451	0.453	30
104	6211	52.37	-9.29	198.581	0.212	0.338	0.145	1.302	0.183	0.191	0.552	0.555	0.448	0.445	30
105	6212	52.37	-9.04	196.286	0.213	0.337	0.148	1.327	0.19	0.199	0.561	0.565	0.439	0.435	30
106	6213	52.37	-8.79	196.19	0.205	0.335	0.151	1.362	0.205	0.216	0.577	0.581	0.423	0.419	30
107	6214	52.37	-8.54	196.033	0.206	0.333	0.152	1.367	0.204	0.214	0.576	0.58	0.424	0.42	30
108	6215	52.37	-8.29	195.512	0.217	0.333	0.148	1.353	0.197	0.205	0.567	0.573	0.433	0.427	30
109	6216	52.37	-8.04	193.78	0.218	0.331	0.145	1.352	0.193	0.201	0.554	0.554	0.446	0.446	30
110	6217	52.37	-7.79	195.513	0.214	0.331	0.148	1.375	0.198	0.206	0.563	0.563	0.437	0.437	30
111	6218	52.37	-7.54	197.223	0.217	0.332	0.147	1.356	0.194	0.204	0.561	0.566	0.439	0.434	30
112	6219	52.37	-7.29	198.401	0.201	0.331	0.15	1.376	0.2	0.211	0.568	0.573	0.432	0.427	30
113	6220	52.37	-7.04	199.172	0.204	0.329	0.148	1.373	0.198	0.208	0.559	0.562	0.441	0.438	30
114	6221	52.37	-6.79	199.633	0.199	0.326	0.147	1.394	0.19	0.201	0.556	0.559	0.444	0.441	30
115	6222	52.37	-6.54	199.787	0.177	0.325	0.147	1.417	0.196	0.206	0.55	0.552	0.45	0.448	30
116	6223	52.37	-4.04	199.037	0.195	0.337	0.147	1.319	0.184	0.191	0.557	0.556	0.443	0.444	30
117	6224	52.37	-3.79	194.94	0.215	0.334	0.134	1.248	0.171	0.173	0.528	0.527	0.472	0.473	30
118	6225	52.37	-3.54	196.398	0.219	0.338	0.142	1.287	0.184	0.19	0.573	0.575	0.427	0.425	30
119	6226	52.37	-3.29	199.43	0.216	0.337	0.15	1.323	0.203	0.21	0.619	0.622	0.381	0.378	30
120	6227	52.37	-3.04	199.401	0.214	0.332	0.153	1.366	0.206	0.215	0.621	0.622	0.379	0.378	30
121	6228	52.37	-2.79	199.511	0.195	0.325	0.157	1.414	0.213	0.223	0.62	0.619	0.38	0.381	30
122	6229	52.37	-2.54	199.654	0.189	0.325	0.159	1.425	0.22	0.232	0.616	0.615	0.384	0.386	30
123	6230	52.37	-2.29	199.631	0.173	0.321	0.159	1.444	0.223	0.237	0.591	0.585	0.409	0.415	30
124	6231	52.37	-2.04	199.753	0.164	0.322	0.162	1.453	0.226	0.24	0.602	0.594	0.398	0.406	30
125	6232	52.37	-1.79	199.924	0.16	0.321	0.164	1.453	0.233	0.249	0.602	0.593	0.398	0.407	30
126	6233	52.37	-1.54	199.955	0.162	0.318	0.167	1.457	0.243	0.26	0.616	0.606	0.384	0.394	30
127	6234	52.37	-1.29	199.912	0.166	0.327	0.18	1.452	0.268	0.288	0.666	0.659	0.335	0.341	30
128	6235	52.37	-1.04	199.956	0.168	0.331	0.184	1.455	0.277	0.296	0.682	0.677	0.318	0.323	30
129	6236	52.37	-0.789999999999999	199.99	0.17	0.333	0.185	1.459	0.28	0.299	0.673	0.666	0.327	0.334	30
130	6237	52.37	-0.539999999999999	199.997	0.17	0.338	0.184	1.454	0.286	0.302	0.659	0.648	0.341	0.352	30
131	6238	52.37	-0.289999999999999	199.997	0.151	0.337	0.176	1.437	0.285	0.291	0.631	0.61	0.369	0.39	30
132	6239	52.37	-0.0399999999999991	200	0.129	0.342	0.173	1.386	0.298	0.296	0.626	0.599	0.374	0.401	30
133	6240	52.37	0.210000000000001	199.999	0.109	0.339	0.166	1.372	0.286	0.282	0.606	0.578	0.394	0.422	30
134	6241	52.37	0.460000000000001	199.996	0.112	0.318	0.154	1.434	0.237	0.241	0.552	0.533	0.448	0.467	30
135	6242	52.37	0.710000000000001	199.983	0.133	0.3	0.146	1.473	0.2	0.219	0.495	0.488	0.505	0.512	30
136	6243	52.37	0.960000000000001	200	0.129	0.313	0.157	1.476	0.224	0.245	0.55	0.541	0.45	0.459	30
137	6244	52.37	1.21	200	0.118	0.321	0.16	1.467	0.231	0.248	0.549	0.539	0.451	0.462	30
138	6245	52.37	1.46	200	0.107	0.32	0.156	1.454	0.222	0.233	0.521	0.507	0.479	0.493	30
139	6246	52.37	1.71	200	0.102	0.322	0.151	1.453	0.206	0.211	0.51	0.493	0.49	0.507	30
140	6247	52.37	5.96	199.998	0.076	0.274	0.11	1.449	0.105	0.107	0.281	0.267	0.719	0.733	30
141	6248	52.37	6.21	199.999	0.055	0.268	0.109	1.465	0.109	0.111	0.282	0.263	0.718	0.736	30
142	6249	52.37	6.46	199.994	0.056	0.25	0.098	1.476	0.068	0.075	0.214	0.202	0.785	0.798	30
143	6250	52.37	6.71	199.999	0.055	0.246	0.097	1.486	0.065	0.073	0.217	0.205	0.783	0.794	30
144	6251	52.37	6.96	200	0.065	0.256	0.099	1.475	0.068	0.078	0.245	0.237	0.755	0.762	30
145	6252	52.37	7.21	200	0.07	0.257	0.099	1.471	0.07	0.081	0.253	0.25	0.747	0.75	30
146	6253	52.37	7.46	200	0.076	0.256	0.098	1.465	0.072	0.083	0.267	0.267	0.732	0.733	30
147	6254	52.37	7.71	199.998	0.092	0.274	0.107	1.473	0.096	0.112	0.383	0.384	0.617	0.616	30
148	6255	52.37	7.96	199.988	0.108	0.284	0.117	1.485	0.121	0.14	0.479	0.476	0.521	0.524	30
149	6256	52.37	8.21	199.995	0.115	0.295	0.124	1.482	0.132	0.15	0.517	0.513	0.483	0.487	30
150	6257	52.37	8.46	199.995	0.105	0.293	0.127	1.492	0.137	0.153	0.522	0.517	0.478	0.483	30
151	6258	52.37	8.71	199.997	0.098	0.286	0.124	1.496	0.13	0.145	0.483	0.48	0.517	0.52	30
152	6259	52.37	8.96	199.997	0.099	0.287	0.126	1.503	0.144	0.158	0.526	0.519	0.474	0.481	30
153	6260	52.37	9.21	199.922	0.119	0.298	0.135	1.507	0.154	0.171	0.59	0.582	0.41	0.418	30
154	6261	52.37	9.46	199.924	0.119	0.301	0.139	1.509	0.158	0.176	0.599	0.591	0.401	0.409	30
155	6262	52.37	9.71	199.986	0.099	0.288	0.132	1.505	0.149	0.164	0.542	0.536	0.458	0.464	30
156	6263	52.37	9.96	199.998	0.088	0.284	0.131	1.51	0.143	0.16	0.511	0.508	0.489	0.492	30
157	6264	52.37	10.21	199.999	0.081	0.279	0.129	1.513	0.133	0.15	0.495	0.491	0.505	0.509	30
158	6265	52.37	10.46	200	0.084	0.276	0.126	1.511	0.13	0.146	0.473	0.47	0.527	0.53	30
159	6266	52.37	10.71	200	0.105	0.293	0.136	1.507	0.151	0.169	0.556	0.554	0.444	0.446	30
160	6267	52.37	10.96	200	0.109	0.296	0.137	1.505	0.154	0.173	0.558	0.556	0.442	0.443	30
161	6268	52.37	11.21	200	0.102	0.283	0.123	1.499	0.125	0.143	0.463	0.466	0.536	0.533	30
162	6269	52.37	11.46	199.998	0.095	0.263	0.108	1.494	0.092	0.107	0.343	0.35	0.657	0.65	30
163	6270	52.37	11.71	199.994	0.081	0.256	0.106	1.5	0.095	0.11	0.309	0.316	0.69	0.684	30
164	6271	52.37	11.96	199.976	0.071	0.25	0.103	1.504	0.089	0.104	0.275	0.282	0.724	0.718	30
165	6272	52.37	12.21	199.961	0.075	0.246	0.1	1.495	0.077	0.093	0.242	0.25	0.757	0.75	30
166	6273	52.37	12.46	199.996	0.081	0.248	0.1	1.495	0.075	0.09	0.248	0.254	0.752	0.746	30
167	6274	52.37	12.71	199.964	0.078	0.249	0.102	1.497	0.08	0.095	0.262	0.268	0.737	0.732	30
168	6275	52.37	12.96	199.856	0.083	0.249	0.102	1.489	0.079	0.092	0.253	0.257	0.747	0.743	30
169	6276	52.37	13.21	199.959	0.08	0.254	0.107	1.486	0.092	0.103	0.267	0.269	0.733	0.731	30
170	6277	52.37	13.46	199.954	0.081	0.258	0.113	1.491	0.107	0.118	0.296	0.299	0.704	0.701	30
171	6278	52.37	13.71	199.911	0.094	0.241	0.099	1.492	0.068	0.08	0.211	0.213	0.789	0.787	30
172	6279	52.37	13.96	199.983	0.099	0.238	0.096	1.497	0.06	0.073	0.2	0.205	0.799	0.795	30
173	6280	52.37	14.21	199.998	0.094	0.245	0.1	1.51	0.079	0.094	0.26	0.267	0.739	0.732	30
174	6281	52.37	14.46	199.999	0.087	0.254	0.107	1.508	0.102	0.116	0.316	0.32	0.684	0.68	30
175	6282	52.37	14.71	199.996	0.085	0.249	0.102	1.508	0.091	0.105	0.278	0.282	0.721	0.717	30
176	6283	52.37	14.96	199.979	0.102	0.239	0.093	1.506	0.065	0.079	0.229	0.234	0.77	0.766	30
177	6284	52.37	15.21	199.988	0.11	0.243	0.094	1.492	0.066	0.08	0.25	0.254	0.749	0.745	30
178	6285	52.37	15.46	199.999	0.096	0.245	0.099	1.518	0.08	0.096	0.293	0.298	0.706	0.702	30
179	6286	52.37	15.71	199.999	0.081	0.237	0.096	1.524	0.07	0.086	0.238	0.244	0.761	0.755	30
180	6287	52.37	15.96	199.999	0.076	0.231	0.093	1.519	0.059	0.073	0.19	0.197	0.809	0.802	30
181	6288	52.37	16.21	200	0.066	0.232	0.097	1.54	0.078	0.096	0.251	0.261	0.749	0.738	30
182	6289	52.37	16.46	200	0.058	0.238	0.103	1.556	0.095	0.117	0.318	0.33	0.681	0.669	30
183	6290	52.37	16.71	200	0.062	0.238	0.103	1.553	0.1	0.119	0.322	0.332	0.677	0.668	30
184	6291	52.37	16.96	200	0.066	0.241	0.105	1.542	0.1	0.115	0.306	0.31	0.694	0.689	30
185	6292	52.37	17.21	200	0.057	0.236	0.102	1.557	0.082	0.102	0.286	0.295	0.713	0.705	30
186	6293	52.37	17.46	200	0.054	0.235	0.101	1.562	0.082	0.104	0.292	0.303	0.707	0.697	30
187	6294	52.37	17.71	200	0.054	0.237	0.102	1.564	0.089	0.112	0.314	0.326	0.685	0.673	30
188	6295	52.37	17.96	199.999	0.062	0.236	0.102	1.558	0.091	0.113	0.309	0.321	0.69	0.679	30
189	6296	52.37	18.21	199.998	0.066	0.239	0.104	1.552	0.097	0.116	0.323	0.334	0.676	0.666	30
190	6297	52.37	18.46	199.999	0.063	0.235	0.101	1.547	0.089	0.108	0.29	0.305	0.709	0.695	30
191	6298	52.37	18.71	200	0.058	0.235	0.101	1.552	0.086	0.107	0.296	0.313	0.704	0.687	30
192	6299	52.37	18.96	200	0.053	0.233	0.1	1.552	0.086	0.109	0.308	0.326	0.691	0.674	30
193	6300	52.37	19.21	200	0.055	0.234	0.1	1.545	0.087	0.109	0.316	0.331	0.684	0.668	30
194	6301	52.37	19.46	200	0.061	0.24	0.1	1.538	0.081	0.1	0.29	0.3	0.709	0.699	30
195	6302	52.37	19.71	200	0.06	0.248	0.103	1.543	0.085	0.104	0.312	0.32	0.687	0.68	30
196	6303	52.37	19.96	200	0.056	0.248	0.105	1.544	0.086	0.105	0.317	0.325	0.683	0.675	30
197	6304	52.37	20.21	200	0.054	0.247	0.103	1.545	0.083	0.1	0.302	0.309	0.697	0.691	30
198	6305	52.37	20.46	200	0.056	0.248	0.102	1.538	0.076	0.091	0.281	0.285	0.718	0.714	30
199	6306	52.37	20.71	200	0.058	0.249	0.102	1.53	0.081	0.095	0.276	0.278	0.723	0.722	30
200	6307	52.37	20.96	200	0.061	0.254	0.108	1.523	0.091	0.102	0.288	0.287	0.711	0.712	30
201	6308	52.37	21.21	200	0.055	0.252	0.104	1.529	0.077	0.09	0.256	0.258	0.743	0.741	30
202	6309	52.37	21.46	199.999	0.05	0.247	0.1	1.534	0.068	0.083	0.227	0.233	0.772	0.767	30
203	6310	52.37	21.71	199.999	0.052	0.246	0.099	1.535	0.068	0.084	0.239	0.245	0.76	0.754	30
204	6311	52.37	21.96	200	0.051	0.243	0.1	1.539	0.068	0.085	0.261	0.268	0.738	0.732	30
205	6312	52.37	22.21	200	0.05	0.244	0.1	1.543	0.07	0.087	0.282	0.288	0.718	0.712	30
206	6313	52.37	22.46	200	0.049	0.248	0.101	1.546	0.072	0.089	0.303	0.306	0.697	0.694	30
207	6314	52.37	22.71	200	0.048	0.245	0.099	1.548	0.071	0.088	0.308	0.31	0.692	0.69	30
208	6315	52.37	22.96	199.988	0.06	0.246	0.096	1.527	0.066	0.08	0.284	0.284	0.716	0.716	30
209	6316	52.37	23.21	199.96	0.058	0.254	0.1	1.519	0.069	0.083	0.296	0.295	0.703	0.705	30
210	6317	52.37	23.46	199.982	0.052	0.263	0.111	1.541	0.093	0.109	0.397	0.395	0.603	0.605	30
211	6318	52.37	23.71	199.892	0.054	0.26	0.11	1.546	0.096	0.111	0.4	0.398	0.599	0.602	30
212	6319	52.37	23.96	199.715	0.06	0.254	0.104	1.534	0.083	0.096	0.34	0.336	0.659	0.664	30
213	6320	52.37	24.21	199.944	0.054	0.255	0.104	1.529	0.081	0.094	0.329	0.324	0.67	0.676	30
214	6321	52.37	24.46	200	0.05	0.261	0.107	1.522	0.085	0.097	0.338	0.331	0.661	0.669	30
215	6322	52.37	24.71	199.999	0.044	0.258	0.106	1.528	0.088	0.1	0.335	0.329	0.665	0.671	30
216	6323	52.37	24.96	199.999	0.04	0.262	0.109	1.528	0.091	0.102	0.353	0.346	0.647	0.654	30
217	6324	52.37	25.21	199.976	0.046	0.278	0.114	1.5	0.098	0.108	0.357	0.348	0.643	0.652	30
218	6325	52.37	25.46	199.974	0.046	0.286	0.119	1.49	0.108	0.12	0.377	0.37	0.623	0.63	30
219	6326	52.37	25.71	199.982	0.049	0.273	0.113	1.508	0.092	0.107	0.345	0.339	0.654	0.661	30
220	6327	52.37	25.96	199.985	0.051	0.271	0.112	1.507	0.086	0.103	0.33	0.325	0.67	0.675	30
221	6328	52.37	26.21	199.989	0.049	0.267	0.109	1.505	0.084	0.097	0.32	0.312	0.68	0.688	30
222	6329	52.37	26.46	199.995	0.051	0.271	0.109	1.494	0.086	0.096	0.327	0.316	0.673	0.684	30
223	6330	52.37	26.71	199.996	0.051	0.276	0.109	1.483	0.087	0.097	0.329	0.319	0.671	0.682	30
224	6331	52.37	26.96	199.999	0.047	0.271	0.109	1.492	0.094	0.103	0.333	0.324	0.667	0.676	30
225	6332	52.37	27.21	199.998	0.045	0.28	0.112	1.48	0.105	0.115	0.351	0.342	0.649	0.658	30
226	6333	52.37	27.46	199.995	0.053	0.272	0.103	1.481	0.076	0.087	0.299	0.287	0.701	0.713	30
227	6334	52.37	27.71	199.976	0.052	0.276	0.104	1.462	0.073	0.083	0.292	0.278	0.708	0.722	30
228	6335	52.37	27.96	199.963	0.051	0.277	0.109	1.479	0.082	0.092	0.317	0.305	0.683	0.695	30
229	6336	52.37	28.21	199.998	0.062	0.263	0.099	1.482	0.057	0.069	0.258	0.247	0.742	0.753	30
230	6337	52.37	28.46	200	0.055	0.261	0.1	1.497	0.061	0.074	0.281	0.27	0.719	0.73	30
231	6338	52.37	28.71	199.998	0.053	0.268	0.105	1.495	0.073	0.085	0.316	0.303	0.684	0.697	30
232	6339	52.37	28.96	199.996	0.051	0.27	0.108	1.497	0.079	0.09	0.321	0.309	0.679	0.69	30
233	6340	52.37	29.21	200	0.057	0.262	0.105	1.5	0.068	0.081	0.298	0.289	0.702	0.71	30
234	6341	52.37	29.46	200	0.057	0.263	0.105	1.506	0.069	0.082	0.307	0.299	0.692	0.701	30
235	6342	52.37	29.71	199.999	0.049	0.281	0.112	1.503	0.085	0.098	0.353	0.343	0.647	0.657	30
236	6343	52.37	29.96	200	0.053	0.286	0.111	1.492	0.087	0.099	0.357	0.344	0.643	0.656	30
237	6344	52.37	30.21	200	0.052	0.289	0.115	1.495	0.1	0.112	0.393	0.381	0.607	0.619	30
238	6345	52.37	30.46	200	0.049	0.295	0.121	1.497	0.113	0.123	0.425	0.414	0.575	0.586	30
239	6346	52.37	30.71	200	0.054	0.287	0.116	1.51	0.106	0.116	0.405	0.393	0.595	0.607	30
240	6347	52.37	30.96	200	0.056	0.294	0.122	1.512	0.119	0.13	0.444	0.432	0.556	0.568	30
241	6348	52.37	31.21	199.999	0.053	0.294	0.12	1.516	0.115	0.127	0.448	0.437	0.552	0.563	30
242	6349	52.37	31.46	199.999	0.047	0.3	0.125	1.503	0.129	0.143	0.488	0.477	0.512	0.523	30
243	6350	52.37	31.71	199.999	0.048	0.3	0.122	1.493	0.12	0.133	0.458	0.445	0.542	0.554	30
244	6351	52.37	31.96	199.996	0.05	0.3	0.119	1.491	0.114	0.128	0.449	0.436	0.551	0.564	30
245	6352	52.37	32.21	199.996	0.044	0.305	0.125	1.495	0.134	0.148	0.506	0.496	0.494	0.504	30
246	6353	52.37	32.46	199.999	0.038	0.303	0.128	1.495	0.141	0.157	0.529	0.521	0.471	0.479	30
247	6354	52.37	32.71	199.998	0.041	0.305	0.127	1.486	0.14	0.154	0.527	0.516	0.473	0.484	30
248	6355	52.37	32.96	200	0.042	0.307	0.13	1.484	0.153	0.166	0.553	0.541	0.447	0.459	30
249	6356	52.37	33.21	200	0.041	0.302	0.13	1.481	0.15	0.165	0.545	0.536	0.454	0.464	30
250	6357	52.37	33.46	199.999	0.044	0.311	0.129	1.443	0.146	0.16	0.513	0.504	0.487	0.496	30
251	6358	52.37	33.71	199.999	0.05	0.307	0.121	1.443	0.123	0.139	0.458	0.443	0.542	0.557	30
252	6359	52.37	33.96	199.999	0.048	0.305	0.118	1.45	0.114	0.131	0.461	0.442	0.539	0.558	30
253	6360	52.37	34.21	199.998	0.046	0.307	0.122	1.453	0.13	0.148	0.517	0.499	0.483	0.501	30
254	6361	52.37	34.46	199.999	0.04	0.315	0.134	1.458	0.171	0.188	0.63	0.619	0.37	0.381	30
255	6362	52.37	34.71	200	0.036	0.319	0.145	1.453	0.204	0.221	0.707	0.699	0.293	0.301	30
256	6363	52.12	-9.54	197.218	0.216	0.336	0.142	1.274	0.178	0.186	0.533	0.53	0.467	0.47	30
257	6364	52.12	-9.29	198.306	0.223	0.335	0.14	1.266	0.174	0.182	0.527	0.528	0.473	0.471	30
258	6365	52.12	-9.04	198.896	0.226	0.336	0.145	1.307	0.18	0.19	0.548	0.555	0.451	0.445	30
259	6366	52.12	-8.79	198.125	0.22	0.333	0.146	1.345	0.19	0.201	0.563	0.572	0.437	0.428	30
260	6367	52.12	-8.54	197.94	0.216	0.33	0.146	1.356	0.188	0.2	0.562	0.571	0.438	0.429	30
261	6368	52.12	-8.29	197.827	0.214	0.33	0.147	1.365	0.187	0.197	0.559	0.566	0.441	0.434	30
262	6369	52.12	-8.04	198.127	0.217	0.33	0.146	1.362	0.183	0.192	0.544	0.551	0.456	0.449	30
263	6370	52.12	-7.79	198.535	0.214	0.331	0.144	1.359	0.182	0.191	0.542	0.547	0.458	0.453	30
264	6371	52.12	-4.54	199.335	0.195	0.34	0.157	1.359	0.192	0.204	0.583	0.586	0.417	0.414	30
265	6372	52.12	-4.29	199.662	0.203	0.34	0.155	1.341	0.191	0.202	0.582	0.587	0.418	0.413	30
266	6373	52.12	-4.04	199.453	0.203	0.339	0.149	1.314	0.187	0.195	0.576	0.577	0.424	0.423	30
267	6374	52.12	-3.79	196.462	0.21	0.335	0.137	1.263	0.173	0.176	0.548	0.545	0.452	0.455	30
268	6375	52.12	-3.54	197.495	0.21	0.338	0.144	1.296	0.184	0.188	0.585	0.584	0.415	0.416	30
269	6376	52.12	-3.29	199.442	0.211	0.337	0.15	1.332	0.198	0.203	0.614	0.616	0.386	0.384	30
270	6377	52.12	-3.04	199.318	0.206	0.33	0.152	1.38	0.201	0.209	0.612	0.611	0.388	0.389	30
271	6378	52.12	-2.79	199.777	0.182	0.322	0.156	1.441	0.213	0.223	0.615	0.611	0.385	0.389	30
272	6379	52.12	-2.54	199.878	0.178	0.322	0.16	1.444	0.22	0.231	0.613	0.608	0.387	0.392	30
273	6380	52.12	-2.29	199.823	0.161	0.321	0.162	1.448	0.234	0.244	0.586	0.576	0.414	0.424	30
274	6381	52.12	-2.04	199.775	0.157	0.324	0.171	1.456	0.249	0.262	0.608	0.597	0.392	0.403	30
275	6382	52.12	-1.79	199.903	0.172	0.329	0.179	1.456	0.258	0.277	0.642	0.632	0.358	0.368	30
276	6383	52.12	-1.54	199.917	0.178	0.332	0.186	1.452	0.272	0.293	0.666	0.657	0.334	0.343	30
277	6384	52.12	-1.29	199.922	0.174	0.334	0.189	1.449	0.282	0.303	0.68	0.672	0.32	0.328	30
278	6385	52.12	-1.04	199.966	0.169	0.333	0.189	1.45	0.281	0.303	0.674	0.668	0.327	0.333	30
279	6386	52.12	-0.789999999999999	199.98	0.167	0.333	0.185	1.461	0.279	0.299	0.669	0.661	0.332	0.339	30
280	6387	52.12	-0.539999999999999	199.994	0.163	0.33	0.182	1.465	0.279	0.296	0.657	0.647	0.343	0.353	30
281	6388	52.12	-0.289999999999999	199.997	0.153	0.328	0.179	1.463	0.28	0.294	0.641	0.626	0.36	0.374	30
282	6389	52.12	-0.0399999999999991	200	0.154	0.334	0.181	1.443	0.289	0.302	0.661	0.646	0.339	0.354	30
283	6390	52.12	0.210000000000001	199.999	0.146	0.328	0.178	1.443	0.278	0.292	0.655	0.64	0.345	0.36	30
284	6391	52.12	0.460000000000001	199.996	0.153	0.329	0.182	1.466	0.278	0.295	0.659	0.647	0.341	0.354	30
285	6392	52.12	0.710000000000001	199.999	0.146	0.324	0.175	1.48	0.261	0.279	0.622	0.612	0.378	0.389	30
286	6393	52.12	0.960000000000001	200	0.13	0.319	0.166	1.488	0.244	0.26	0.599	0.588	0.401	0.412	30
287	6394	52.12	1.21	200	0.114	0.314	0.159	1.482	0.227	0.24	0.56	0.547	0.44	0.453	30
288	6395	52.12	4.96	199.999	0.055	0.354	0.168	1.394	0.312	0.301	0.633	0.604	0.367	0.396	30
289	6396	52.12	5.21	199.999	0.063	0.293	0.127	1.459	0.17	0.167	0.393	0.371	0.607	0.629	30
290	6397	52.12	5.46	199.993	0.066	0.277	0.114	1.469	0.127	0.129	0.335	0.32	0.664	0.68	30
291	6398	52.12	5.71	199.998	0.074	0.251	0.098	1.489	0.062	0.07	0.21	0.205	0.79	0.795	30
292	6399	52.12	5.96	199.994	0.089	0.255	0.1	1.487	0.071	0.081	0.256	0.249	0.744	0.75	30
293	6400	52.12	6.21	199.998	0.06	0.257	0.106	1.49	0.097	0.105	0.296	0.281	0.704	0.718	30
294	6401	52.12	6.46	199.998	0.054	0.249	0.099	1.488	0.073	0.082	0.236	0.224	0.764	0.775	30
295	6402	52.12	6.71	200	0.056	0.248	0.097	1.505	0.071	0.081	0.242	0.234	0.757	0.766	30
296	6403	52.12	6.96	200	0.075	0.262	0.103	1.507	0.09	0.103	0.345	0.339	0.654	0.661	30
297	6404	52.12	7.21	200	0.086	0.277	0.117	1.501	0.123	0.139	0.466	0.46	0.534	0.54	30
298	6405	52.12	7.46	200	0.08	0.27	0.115	1.506	0.122	0.137	0.448	0.441	0.552	0.559	30
299	6406	52.12	7.71	199.998	0.079	0.261	0.106	1.509	0.104	0.118	0.373	0.369	0.627	0.631	30
300	6407	52.12	7.96	199.98	0.096	0.273	0.115	1.511	0.119	0.135	0.433	0.429	0.567	0.571	30
301	6408	52.12	8.21	199.987	0.114	0.288	0.128	1.513	0.14	0.157	0.525	0.519	0.475	0.481	30
302	6409	52.12	8.46	199.996	0.122	0.298	0.139	1.516	0.159	0.176	0.621	0.613	0.379	0.387	30
303	6410	52.12	8.71	199.986	0.127	0.302	0.143	1.518	0.168	0.185	0.654	0.648	0.346	0.352	30
304	6411	52.12	8.96	199.978	0.147	0.312	0.152	1.517	0.183	0.202	0.681	0.673	0.319	0.327	30
305	6412	52.12	9.21	199.877	0.161	0.316	0.155	1.51	0.187	0.206	0.689	0.679	0.311	0.321	30
306	6413	52.12	9.46	199.823	0.162	0.316	0.156	1.508	0.187	0.205	0.703	0.692	0.297	0.308	30
307	6414	52.12	9.71	199.851	0.145	0.314	0.153	1.508	0.179	0.198	0.711	0.702	0.289	0.298	30
308	6415	52.12	9.96	199.986	0.133	0.315	0.156	1.51	0.185	0.205	0.719	0.711	0.281	0.289	30
309	6416	52.12	10.21	199.888	0.124	0.315	0.156	1.512	0.184	0.204	0.725	0.717	0.275	0.282	30
310	6417	52.12	10.46	199.865	0.114	0.314	0.158	1.507	0.19	0.209	0.71	0.705	0.29	0.295	30
311	6418	52.12	10.71	199.953	0.119	0.322	0.165	1.505	0.201	0.222	0.73	0.727	0.269	0.273	30
312	6419	52.12	10.96	199.997	0.121	0.321	0.163	1.505	0.198	0.219	0.712	0.709	0.288	0.291	30
313	6420	52.12	11.21	200	0.113	0.316	0.154	1.509	0.179	0.198	0.685	0.684	0.315	0.316	30
314	6421	52.12	11.46	200	0.096	0.305	0.144	1.513	0.165	0.182	0.614	0.614	0.386	0.386	30
315	6422	52.12	11.71	199.997	0.08	0.281	0.129	1.513	0.153	0.167	0.468	0.469	0.532	0.531	30
316	6423	52.12	11.96	199.974	0.083	0.262	0.112	1.509	0.116	0.134	0.361	0.369	0.639	0.631	30
317	6424	52.12	12.21	199.933	0.092	0.247	0.099	1.497	0.078	0.095	0.275	0.285	0.724	0.715	30
318	6425	52.12	12.46	199.986	0.11	0.247	0.098	1.494	0.072	0.09	0.286	0.296	0.713	0.704	30
319	6426	52.12	12.71	199.975	0.097	0.251	0.102	1.503	0.08	0.097	0.299	0.308	0.701	0.692	30
320	6427	52.12	12.96	199.881	0.088	0.245	0.099	1.498	0.068	0.084	0.24	0.249	0.759	0.751	30
321	6428	52.12	13.21	199.808	0.084	0.244	0.099	1.491	0.068	0.082	0.22	0.229	0.779	0.771	30
322	6429	52.12	13.46	199.572	0.094	0.238	0.095	1.494	0.061	0.075	0.21	0.219	0.789	0.781	30
323	6430	52.12	13.71	199.536	0.092	0.234	0.093	1.494	0.051	0.065	0.175	0.18	0.824	0.819	30
324	6431	52.12	13.96	199.925	0.089	0.238	0.096	1.501	0.06	0.073	0.2	0.203	0.799	0.796	30
325	6432	52.12	14.21	199.97	0.088	0.239	0.097	1.507	0.065	0.079	0.223	0.229	0.776	0.77	30
326	6433	52.12	14.46	199.983	0.097	0.236	0.093	1.502	0.057	0.07	0.206	0.211	0.793	0.788	30
327	6434	52.12	14.71	199.99	0.087	0.245	0.1	1.506	0.076	0.088	0.244	0.248	0.755	0.751	30
328	6435	52.12	14.96	199.973	0.089	0.234	0.092	1.496	0.052	0.065	0.182	0.186	0.817	0.813	30
329	6436	52.12	15.21	199.974	0.092	0.234	0.091	1.494	0.053	0.066	0.192	0.195	0.807	0.804	30
330	6437	52.12	15.46	199.994	0.087	0.237	0.096	1.52	0.072	0.088	0.249	0.255	0.75	0.745	30
331	6438	52.12	15.71	199.978	0.082	0.241	0.099	1.528	0.083	0.101	0.279	0.286	0.72	0.714	30
332	6439	52.12	15.96	199.985	0.07	0.237	0.097	1.52	0.069	0.084	0.223	0.23	0.776	0.769	30
333	6440	52.12	16.21	199.998	0.066	0.239	0.1	1.529	0.08	0.098	0.258	0.267	0.742	0.732	30
334	6441	52.12	16.46	199.999	0.061	0.246	0.105	1.544	0.099	0.12	0.33	0.34	0.67	0.659	30
335	6442	52.12	16.71	200	0.058	0.243	0.105	1.556	0.099	0.12	0.336	0.345	0.664	0.655	30
336	6443	52.12	16.96	200	0.063	0.239	0.103	1.555	0.094	0.113	0.311	0.319	0.688	0.681	30
337	6444	52.12	17.21	200	0.06	0.235	0.101	1.553	0.084	0.103	0.286	0.295	0.714	0.705	30
338	6445	52.12	17.46	200	0.058	0.234	0.101	1.556	0.083	0.103	0.29	0.299	0.709	0.701	30
339	6446	52.12	17.71	199.994	0.056	0.234	0.1	1.549	0.088	0.108	0.297	0.304	0.703	0.695	30
340	6447	52.12	17.96	199.943	0.056	0.233	0.099	1.545	0.086	0.106	0.281	0.289	0.719	0.71	30
341	6448	52.12	18.21	199.985	0.063	0.23	0.098	1.543	0.087	0.106	0.284	0.294	0.715	0.705	30
342	6449	52.12	18.46	199.998	0.074	0.232	0.099	1.537	0.089	0.107	0.289	0.3	0.71	0.7	30
343	6450	52.12	18.71	199.997	0.061	0.233	0.101	1.539	0.088	0.108	0.287	0.301	0.712	0.699	30
344	6451	52.12	18.96	200	0.056	0.229	0.099	1.542	0.084	0.108	0.297	0.314	0.703	0.686	30
345	6452	52.12	19.21	200	0.056	0.232	0.101	1.536	0.091	0.114	0.33	0.346	0.669	0.654	30
346	6453	52.12	19.46	200	0.055	0.241	0.103	1.532	0.093	0.115	0.341	0.354	0.658	0.645	30
347	6454	52.12	19.71	200	0.056	0.245	0.104	1.537	0.087	0.109	0.325	0.338	0.674	0.661	30
348	6455	52.12	19.96	200	0.057	0.244	0.103	1.538	0.087	0.108	0.308	0.32	0.692	0.68	30
349	6456	52.12	20.21	200	0.055	0.235	0.099	1.54	0.076	0.094	0.277	0.284	0.722	0.715	30
350	6457	52.12	20.46	200	0.055	0.245	0.102	1.538	0.078	0.094	0.297	0.299	0.702	0.701	30
351	6458	52.12	20.71	200	0.057	0.244	0.102	1.536	0.082	0.096	0.3	0.299	0.7	0.701	30
352	6459	52.12	20.96	200	0.061	0.247	0.108	1.533	0.095	0.107	0.32	0.317	0.679	0.683	30
353	6460	52.12	21.21	200	0.059	0.248	0.104	1.534	0.081	0.094	0.276	0.272	0.724	0.727	30
354	6461	52.12	21.46	200	0.054	0.24	0.098	1.541	0.069	0.085	0.24	0.244	0.759	0.756	30
355	6462	52.12	21.71	200	0.052	0.242	0.099	1.538	0.072	0.089	0.262	0.269	0.737	0.731	30
356	6463	52.12	21.96	199.999	0.051	0.244	0.099	1.533	0.068	0.086	0.253	0.259	0.747	0.741	30
357	6464	52.12	22.21	199.996	0.05	0.243	0.099	1.536	0.069	0.085	0.259	0.265	0.74	0.734	30
358	6465	52.12	22.46	200	0.051	0.252	0.103	1.538	0.075	0.092	0.302	0.307	0.697	0.693	30
359	6466	52.12	22.71	200	0.052	0.256	0.104	1.542	0.076	0.094	0.324	0.327	0.676	0.673	30
360	6467	52.12	22.96	199.998	0.053	0.251	0.1	1.537	0.074	0.089	0.313	0.314	0.686	0.686	30
361	6468	52.12	23.21	199.991	0.055	0.25	0.1	1.538	0.074	0.089	0.317	0.315	0.683	0.684	30
362	6469	52.12	23.46	199.999	0.054	0.257	0.105	1.541	0.083	0.099	0.349	0.346	0.651	0.654	30
363	6470	52.12	23.71	199.996	0.053	0.26	0.111	1.538	0.094	0.108	0.36	0.355	0.639	0.645	30
364	6471	52.12	23.96	199.993	0.051	0.255	0.106	1.536	0.085	0.098	0.331	0.326	0.669	0.674	30
365	6472	52.12	24.21	199.997	0.043	0.26	0.109	1.531	0.09	0.103	0.34	0.333	0.66	0.666	30
366	6473	52.12	24.46	200	0.04	0.263	0.11	1.519	0.088	0.099	0.329	0.322	0.67	0.678	30
367	6474	52.12	24.71	199.998	0.041	0.275	0.114	1.509	0.094	0.104	0.337	0.328	0.662	0.672	30
368	6475	52.12	24.96	199.992	0.039	0.277	0.115	1.51	0.1	0.111	0.362	0.352	0.638	0.648	30
369	6476	52.12	25.21	199.978	0.042	0.27	0.113	1.515	0.092	0.103	0.355	0.346	0.645	0.654	30
370	6477	52.12	25.46	199.985	0.042	0.263	0.11	1.522	0.086	0.099	0.348	0.341	0.652	0.659	30
371	6478	52.12	25.71	199.997	0.045	0.263	0.107	1.514	0.083	0.096	0.331	0.323	0.669	0.677	30
372	6479	52.12	25.96	199.997	0.045	0.274	0.114	1.501	0.1	0.111	0.359	0.35	0.641	0.65	30
373	6480	52.12	26.21	199.997	0.043	0.288	0.12	1.482	0.12	0.128	0.386	0.375	0.614	0.625	30
374	6481	52.12	26.46	199.998	0.041	0.291	0.121	1.482	0.122	0.129	0.39	0.378	0.61	0.622	30
375	6482	52.12	26.71	199.999	0.045	0.286	0.118	1.469	0.109	0.116	0.371	0.359	0.629	0.641	30
376	6483	52.12	26.96	199.999	0.047	0.281	0.114	1.465	0.114	0.123	0.378	0.366	0.622	0.634	30
377	6484	52.12	27.21	199.982	0.043	0.285	0.116	1.462	0.126	0.136	0.399	0.387	0.601	0.613	30
378	6485	52.12	27.46	199.974	0.045	0.288	0.115	1.454	0.12	0.129	0.388	0.374	0.612	0.626	30
379	6486	52.12	27.71	199.994	0.05	0.284	0.111	1.449	0.103	0.112	0.351	0.338	0.649	0.662	30
380	6487	52.12	27.96	199.996	0.055	0.282	0.109	1.452	0.095	0.104	0.332	0.318	0.668	0.682	30
381	6488	52.12	28.21	199.998	0.058	0.276	0.105	1.455	0.084	0.094	0.308	0.295	0.691	0.705	30
382	6489	52.12	28.46	199.999	0.052	0.27	0.105	1.478	0.081	0.092	0.312	0.299	0.688	0.701	30
383	6490	52.12	28.71	199.997	0.051	0.275	0.107	1.474	0.086	0.097	0.326	0.313	0.673	0.687	30
384	6491	52.12	28.96	199.993	0.051	0.28	0.11	1.464	0.09	0.1	0.341	0.328	0.659	0.672	30
385	6492	52.12	29.21	199.997	0.057	0.274	0.111	1.484	0.084	0.094	0.345	0.334	0.655	0.666	30
386	6493	52.12	29.46	199.986	0.058	0.269	0.108	1.495	0.072	0.084	0.326	0.316	0.674	0.685	30
387	6494	52.12	29.71	199.959	0.053	0.279	0.11	1.484	0.083	0.096	0.356	0.344	0.644	0.656	30
388	6495	52.12	29.96	200	0.05	0.282	0.111	1.485	0.092	0.106	0.375	0.363	0.625	0.637	30
389	6496	52.12	30.21	200	0.047	0.281	0.113	1.507	0.106	0.12	0.407	0.396	0.593	0.604	30
390	6497	52.12	30.46	199.999	0.043	0.288	0.121	1.523	0.123	0.136	0.46	0.451	0.54	0.549	30
391	6498	52.12	30.71	199.998	0.047	0.29	0.117	1.503	0.106	0.118	0.405	0.395	0.595	0.605	30
392	6499	52.12	30.96	199.997	0.054	0.283	0.108	1.502	0.087	0.098	0.357	0.344	0.643	0.656	30
393	6500	52.12	31.21	199.996	0.056	0.284	0.112	1.517	0.092	0.105	0.392	0.38	0.608	0.62	30
394	6501	52.12	31.46	200	0.048	0.295	0.123	1.523	0.122	0.136	0.48	0.47	0.52	0.53	30
395	6502	52.12	31.71	200	0.045	0.296	0.126	1.516	0.131	0.144	0.492	0.482	0.507	0.518	30
396	6503	52.12	31.96	200	0.043	0.303	0.123	1.495	0.123	0.135	0.462	0.453	0.538	0.547	30
397	6504	52.12	32.21	200	0.049	0.3	0.119	1.493	0.115	0.128	0.446	0.436	0.554	0.564	30
398	6505	52.12	32.46	199.997	0.05	0.299	0.118	1.489	0.115	0.128	0.46	0.449	0.54	0.55	30
399	6506	52.12	32.71	199.999	0.047	0.3	0.121	1.489	0.125	0.137	0.495	0.484	0.505	0.516	30
400	6507	52.12	32.96	199.999	0.053	0.301	0.121	1.484	0.12	0.133	0.481	0.47	0.519	0.53	30
401	6508	52.12	33.21	199.995	0.053	0.3	0.123	1.466	0.127	0.14	0.497	0.487	0.503	0.513	30
402	6509	52.12	33.46	199.996	0.039	0.301	0.128	1.477	0.14	0.152	0.511	0.502	0.489	0.497	30
403	6510	52.12	33.71	199.999	0.041	0.294	0.122	1.49	0.125	0.143	0.494	0.485	0.506	0.515	30
404	6511	52.12	33.96	199.999	0.042	0.3	0.124	1.476	0.128	0.149	0.533	0.521	0.467	0.479	30
405	6512	52.12	34.21	199.999	0.041	0.305	0.131	1.462	0.157	0.177	0.614	0.601	0.386	0.399	30
406	6513	52.12	34.46	200	0.039	0.313	0.138	1.456	0.183	0.202	0.664	0.653	0.336	0.346	30
407	6514	52.12	34.71	200	0.036	0.314	0.145	1.454	0.205	0.223	0.703	0.694	0.297	0.306	30
408	6515	51.87	-9.54	196.327	0.23	0.332	0.133	1.226	0.149	0.154	0.501	0.491	0.499	0.509	30
409	6516	51.87	-9.29	197.738	0.231	0.333	0.134	1.244	0.15	0.157	0.509	0.507	0.49	0.492	30
410	6517	51.87	-9.04	199.375	0.231	0.336	0.143	1.301	0.162	0.171	0.538	0.545	0.462	0.455	30
411	6518	51.87	-8.79	199.357	0.227	0.334	0.146	1.341	0.177	0.189	0.561	0.573	0.439	0.427	30
412	6519	51.87	-8.54	198.657	0.213	0.33	0.146	1.37	0.185	0.196	0.566	0.575	0.434	0.425	30
413	6520	51.87	-8.04	199.247	0.197	0.329	0.148	1.392	0.191	0.201	0.555	0.558	0.445	0.442	30
414	6521	51.87	-4.54	199.782	0.203	0.343	0.159	1.351	0.206	0.216	0.6	0.602	0.4	0.398	30
415	6522	51.87	-4.29	199.819	0.198	0.34	0.156	1.344	0.206	0.214	0.59	0.591	0.41	0.409	30
416	6523	51.87	-4.04	199.816	0.193	0.339	0.153	1.333	0.196	0.203	0.583	0.584	0.417	0.416	30
417	6524	51.87	-3.79	198.859	0.2	0.337	0.146	1.306	0.182	0.187	0.568	0.566	0.432	0.434	30
418	6525	51.87	-3.54	197.489	0.207	0.338	0.144	1.298	0.179	0.184	0.569	0.566	0.431	0.434	30
419	6526	51.87	-3.29	198.308	0.212	0.335	0.145	1.328	0.184	0.191	0.577	0.577	0.423	0.423	30
420	6527	51.87	-3.04	198.526	0.211	0.331	0.148	1.369	0.197	0.205	0.592	0.59	0.407	0.41	30
421	6528	51.87	-2.79	199.617	0.187	0.328	0.157	1.43	0.216	0.227	0.618	0.612	0.382	0.388	30
422	6529	51.87	-2.54	199.321	0.17	0.324	0.157	1.437	0.217	0.228	0.601	0.589	0.399	0.411	30
423	6530	51.87	-2.29	199.738	0.151	0.326	0.166	1.45	0.238	0.248	0.6	0.588	0.4	0.412	30
424	6531	51.87	-2.04	199.703	0.17	0.33	0.177	1.444	0.251	0.268	0.657	0.649	0.343	0.351	30
425	6532	51.87	-1.79	199.821	0.179	0.333	0.186	1.452	0.268	0.288	0.684	0.676	0.316	0.324	30
426	6533	51.87	-1.54	199.935	0.175	0.332	0.187	1.457	0.271	0.293	0.678	0.669	0.322	0.331	30
427	6534	51.87	-1.29	199.97	0.167	0.329	0.182	1.458	0.263	0.285	0.653	0.643	0.347	0.358	30
428	6535	51.87	-1.04	199.97	0.165	0.332	0.184	1.455	0.265	0.286	0.655	0.645	0.345	0.355	30
429	6536	51.87	-0.789999999999999	199.975	0.17	0.333	0.185	1.457	0.266	0.289	0.676	0.669	0.324	0.332	30
430	6537	51.87	-0.539999999999999	199.99	0.174	0.332	0.186	1.463	0.269	0.295	0.692	0.686	0.308	0.315	30
431	6538	51.87	-0.289999999999999	199.989	0.168	0.328	0.184	1.47	0.271	0.296	0.678	0.672	0.322	0.328	30
432	6539	51.87	-0.0399999999999991	199.998	0.16	0.328	0.182	1.467	0.268	0.291	0.668	0.66	0.332	0.34	30
433	6540	51.87	0.210000000000001	199.999	0.153	0.329	0.182	1.472	0.272	0.29	0.659	0.648	0.341	0.352	30
434	6541	51.87	0.460000000000001	199.999	0.145	0.326	0.178	1.482	0.265	0.28	0.646	0.633	0.354	0.367	30
435	6542	51.87	0.710000000000001	200	0.133	0.321	0.171	1.483	0.252	0.266	0.616	0.602	0.384	0.398	30
436	6543	51.87	0.960000000000001	200	0.12	0.316	0.161	1.486	0.236	0.246	0.597	0.58	0.403	0.42	30
437	6544	51.87	1.21	200	0.11	0.317	0.158	1.485	0.23	0.234	0.587	0.564	0.413	0.436	30
438	6545	51.87	4.96	200	0.049	0.351	0.175	1.439	0.337	0.321	0.674	0.639	0.326	0.361	30
439	6546	51.87	5.21	200	0.048	0.31	0.149	1.486	0.238	0.233	0.532	0.504	0.468	0.496	30
440	6547	51.87	5.46	199.996	0.052	0.277	0.125	1.505	0.162	0.166	0.423	0.404	0.576	0.597	30
441	6548	51.87	5.71	199.999	0.057	0.259	0.113	1.521	0.124	0.13	0.358	0.343	0.642	0.657	30
442	6549	51.87	5.96	199.996	0.068	0.264	0.116	1.517	0.123	0.13	0.391	0.376	0.609	0.624	30
443	6550	51.87	6.21	199.995	0.061	0.261	0.115	1.516	0.118	0.127	0.394	0.376	0.606	0.624	30
444	6551	51.87	6.46	199.998	0.056	0.249	0.106	1.521	0.097	0.105	0.322	0.305	0.678	0.694	30
445	6552	51.87	6.71	200	0.063	0.242	0.099	1.525	0.081	0.092	0.28	0.273	0.72	0.727	30
446	6553	51.87	6.96	199.999	0.08	0.258	0.105	1.524	0.097	0.111	0.369	0.364	0.631	0.636	30
447	6554	51.87	7.21	199.995	0.091	0.281	0.124	1.52	0.137	0.153	0.497	0.49	0.502	0.51	30
448	6555	51.87	7.46	199.999	0.081	0.283	0.131	1.527	0.153	0.17	0.515	0.505	0.485	0.495	30
449	6556	51.87	7.71	200	0.072	0.274	0.126	1.53	0.145	0.158	0.46	0.449	0.54	0.551	30
450	6557	51.87	7.96	200	0.079	0.282	0.134	1.529	0.157	0.173	0.507	0.498	0.493	0.502	30
451	6558	51.87	8.21	199.999	0.077	0.274	0.124	1.526	0.137	0.152	0.475	0.466	0.525	0.533	30
452	6559	51.87	8.46	199.998	0.086	0.265	0.114	1.517	0.116	0.13	0.444	0.435	0.556	0.565	30
453	6560	51.87	8.71	199.945	0.122	0.285	0.128	1.504	0.139	0.154	0.529	0.522	0.471	0.478	30
454	6561	51.87	8.96	199.732	0.162	0.318	0.159	1.498	0.196	0.216	0.688	0.676	0.312	0.324	30
455	6562	51.87	9.21	199.877	0.17	0.323	0.164	1.504	0.203	0.223	0.718	0.706	0.282	0.294	30
456	6563	51.87	9.46	199.175	0.18	0.318	0.154	1.492	0.191	0.206	0.688	0.671	0.312	0.328	30
457	6564	51.87	9.71	199.144	0.182	0.316	0.151	1.483	0.185	0.202	0.684	0.669	0.315	0.331	30
458	6565	51.87	9.96	199.917	0.167	0.318	0.159	1.506	0.194	0.212	0.714	0.704	0.286	0.296	30
459	6566	51.87	10.21	198.093	0.182	0.317	0.149	1.467	0.185	0.199	0.691	0.675	0.309	0.325	30
460	6567	51.87	10.46	195.818	0.191	0.314	0.137	1.409	0.172	0.181	0.643	0.623	0.356	0.377	30
461	6568	51.87	10.71	197.608	0.166	0.318	0.147	1.441	0.182	0.197	0.675	0.659	0.324	0.341	30
462	6569	51.87	10.96	199.847	0.139	0.322	0.158	1.484	0.198	0.218	0.711	0.701	0.289	0.299	30
463	6570	51.87	11.21	199.996	0.117	0.32	0.161	1.504	0.201	0.22	0.724	0.719	0.276	0.281	30
464	6571	51.87	11.46	200	0.104	0.317	0.159	1.514	0.197	0.216	0.706	0.703	0.294	0.297	30
465	6572	51.87	11.71	200	0.088	0.303	0.15	1.515	0.191	0.207	0.615	0.611	0.385	0.389	30
466	6573	51.87	11.96	200	0.079	0.28	0.127	1.513	0.152	0.168	0.471	0.47	0.529	0.53	30
467	6574	51.87	12.21	199.997	0.082	0.258	0.109	1.509	0.108	0.124	0.349	0.352	0.651	0.648	30
468	6575	51.87	12.46	199.994	0.095	0.254	0.104	1.502	0.092	0.107	0.326	0.331	0.673	0.669	30
469	6576	51.87	12.71	199.99	0.089	0.257	0.107	1.509	0.101	0.118	0.359	0.365	0.641	0.635	30
470	6577	51.87	12.96	199.966	0.083	0.249	0.103	1.51	0.085	0.102	0.3	0.309	0.7	0.691	30
471	6578	51.87	13.21	199.937	0.085	0.242	0.099	1.505	0.074	0.091	0.264	0.274	0.736	0.726	30
472	6579	51.87	13.46	199.643	0.096	0.24	0.097	1.503	0.07	0.087	0.265	0.275	0.734	0.725	30
473	6580	51.87	13.71	199.818	0.084	0.243	0.099	1.506	0.08	0.096	0.275	0.282	0.724	0.717	30
474	6581	51.87	13.96	199.971	0.076	0.244	0.099	1.5	0.079	0.093	0.257	0.262	0.742	0.738	30
475	6582	51.87	14.21	199.879	0.076	0.239	0.097	1.503	0.071	0.084	0.231	0.235	0.769	0.764	30
476	6583	51.87	14.46	199.944	0.089	0.241	0.099	1.501	0.072	0.084	0.235	0.24	0.764	0.759	30
477	6584	51.87	14.71	199.952	0.089	0.237	0.096	1.507	0.068	0.082	0.237	0.241	0.762	0.758	30
478	6585	51.87	14.96	199.916	0.087	0.234	0.093	1.509	0.058	0.072	0.213	0.216	0.786	0.783	30
479	6586	51.87	15.21	199.893	0.09	0.235	0.093	1.511	0.06	0.073	0.229	0.231	0.77	0.768	30
480	6587	51.87	15.46	199.982	0.093	0.24	0.096	1.522	0.072	0.086	0.276	0.277	0.724	0.723	30
481	6588	51.87	15.71	199.935	0.083	0.24	0.099	1.524	0.08	0.095	0.275	0.278	0.724	0.722	30
482	6589	51.87	15.96	199.954	0.077	0.238	0.099	1.521	0.075	0.091	0.246	0.25	0.753	0.749	30
483	6590	51.87	16.21	199.992	0.071	0.237	0.1	1.533	0.087	0.105	0.278	0.286	0.722	0.714	30
484	6591	51.87	16.46	199.992	0.066	0.236	0.101	1.542	0.098	0.117	0.311	0.32	0.688	0.679	30
485	6592	51.87	16.71	199.991	0.062	0.24	0.103	1.551	0.1	0.12	0.342	0.35	0.658	0.65	30
486	6593	51.87	16.96	200	0.062	0.241	0.106	1.553	0.102	0.124	0.366	0.376	0.633	0.624	30
487	6594	51.87	17.21	200	0.059	0.237	0.104	1.552	0.094	0.116	0.335	0.346	0.665	0.654	30
488	6595	51.87	17.46	200	0.058	0.238	0.105	1.552	0.094	0.117	0.336	0.347	0.663	0.653	30
489	6596	51.87	17.71	199.997	0.062	0.238	0.104	1.55	0.094	0.115	0.342	0.351	0.657	0.649	30
490	6597	51.87	17.96	199.959	0.063	0.233	0.101	1.542	0.091	0.11	0.328	0.335	0.672	0.665	30
491	6598	51.87	18.21	199.985	0.062	0.23	0.099	1.542	0.088	0.107	0.302	0.312	0.697	0.688	30
492	6599	51.87	18.46	199.999	0.064	0.229	0.098	1.544	0.085	0.106	0.306	0.317	0.693	0.682	30
493	6600	51.87	18.71	199.998	0.065	0.233	0.098	1.539	0.087	0.107	0.29	0.301	0.709	0.699	30
494	6601	51.87	18.96	200	0.063	0.228	0.097	1.539	0.085	0.106	0.294	0.306	0.706	0.693	30
495	6602	51.87	19.21	200	0.069	0.233	0.098	1.536	0.087	0.107	0.324	0.335	0.676	0.665	30
496	6603	51.87	19.46	200	0.08	0.244	0.105	1.528	0.098	0.116	0.366	0.372	0.634	0.628	30
497	6604	51.87	19.71	200	0.077	0.247	0.104	1.536	0.089	0.109	0.367	0.375	0.632	0.625	30
498	6605	51.87	19.96	200	0.076	0.254	0.104	1.538	0.085	0.104	0.374	0.381	0.626	0.619	30
499	6606	51.87	20.21	199.999	0.067	0.243	0.1	1.539	0.076	0.095	0.329	0.334	0.671	0.665	30
500	6607	51.87	20.46	200	0.06	0.242	0.098	1.541	0.07	0.087	0.299	0.301	0.701	0.698	30
501	6608	51.87	20.71	200	0.055	0.247	0.1	1.537	0.074	0.091	0.299	0.301	0.701	0.699	30
502	6609	51.87	20.96	200	0.052	0.237	0.098	1.537	0.075	0.092	0.288	0.29	0.712	0.709	30
503	6610	51.87	21.21	200	0.052	0.237	0.098	1.537	0.079	0.095	0.272	0.271	0.728	0.728	30
504	6611	51.87	21.46	200	0.056	0.234	0.095	1.538	0.07	0.085	0.247	0.249	0.753	0.751	30
505	6612	51.87	21.71	200	0.054	0.233	0.096	1.545	0.07	0.088	0.274	0.282	0.725	0.717	30
506	6613	51.87	21.96	199.999	0.051	0.236	0.097	1.543	0.068	0.087	0.28	0.288	0.719	0.711	30
507	6614	51.87	22.21	199.994	0.048	0.24	0.098	1.534	0.064	0.081	0.272	0.278	0.727	0.721	30
508	6615	51.87	22.46	199.999	0.05	0.248	0.102	1.54	0.073	0.091	0.313	0.317	0.686	0.683	30
509	6616	51.87	22.71	200	0.051	0.254	0.103	1.535	0.081	0.098	0.333	0.333	0.666	0.666	30
510	6617	51.87	22.96	200	0.053	0.254	0.101	1.527	0.077	0.093	0.325	0.322	0.674	0.677	30
511	6618	51.87	23.21	199.997	0.054	0.249	0.099	1.535	0.073	0.089	0.32	0.318	0.679	0.682	30
512	6619	51.87	23.46	199.996	0.054	0.251	0.101	1.537	0.076	0.091	0.315	0.312	0.685	0.688	30
513	6620	51.87	23.71	199.971	0.059	0.265	0.108	1.517	0.08	0.098	0.304	0.301	0.695	0.699	30
514	6621	51.87	23.96	199.949	0.063	0.27	0.11	1.503	0.081	0.101	0.301	0.299	0.699	0.701	30
515	6622	51.87	24.21	199.967	0.057	0.276	0.115	1.506	0.088	0.109	0.319	0.318	0.681	0.682	30
516	6623	51.87	24.46	199.99	0.049	0.277	0.116	1.504	0.09	0.112	0.326	0.326	0.674	0.674	30
517	6624	51.87	24.71	199.993	0.048	0.285	0.118	1.499	0.091	0.111	0.328	0.326	0.672	0.673	30
518	6625	51.87	24.96	199.986	0.047	0.289	0.119	1.491	0.094	0.11	0.337	0.331	0.663	0.669	30
519	6626	51.87	25.21	199.998	0.047	0.284	0.117	1.488	0.09	0.103	0.321	0.312	0.679	0.688	30
520	6627	51.87	25.46	199.997	0.046	0.276	0.114	1.492	0.084	0.096	0.297	0.289	0.702	0.711	30
521	6628	51.87	25.71	199.996	0.048	0.279	0.112	1.479	0.085	0.097	0.294	0.284	0.706	0.716	30
522	6629	51.87	25.96	199.996	0.047	0.289	0.116	1.467	0.1	0.112	0.329	0.319	0.671	0.681	30
523	6630	51.87	26.21	199.995	0.046	0.29	0.121	1.485	0.107	0.119	0.347	0.338	0.653	0.662	30
524	6631	51.87	26.46	199.985	0.05	0.277	0.113	1.504	0.094	0.105	0.324	0.315	0.676	0.685	30
525	6632	51.87	26.71	199.995	0.048	0.272	0.114	1.509	0.095	0.104	0.34	0.329	0.66	0.671	30
526	6633	51.87	26.96	199.999	0.049	0.278	0.114	1.492	0.095	0.104	0.337	0.323	0.663	0.677	30
527	6634	51.87	27.21	199.995	0.052	0.287	0.114	1.475	0.094	0.104	0.318	0.302	0.682	0.698	30
528	6635	51.87	27.46	199.994	0.055	0.279	0.108	1.483	0.086	0.096	0.299	0.285	0.701	0.716	30
529	6636	51.87	27.71	199.999	0.059	0.273	0.105	1.487	0.078	0.088	0.291	0.278	0.709	0.722	30
530	6637	51.87	27.96	199.998	0.065	0.268	0.101	1.474	0.072	0.084	0.282	0.271	0.717	0.729	30
531	6638	51.87	28.21	199.998	0.063	0.265	0.1	1.479	0.069	0.08	0.281	0.27	0.719	0.731	30
532	6639	51.87	28.46	199.999	0.056	0.265	0.102	1.497	0.073	0.084	0.295	0.283	0.705	0.717	30
533	6640	51.87	28.71	199.999	0.06	0.263	0.101	1.5	0.07	0.081	0.288	0.277	0.712	0.723	30
534	6641	51.87	28.96	199.999	0.058	0.259	0.101	1.506	0.067	0.079	0.296	0.284	0.704	0.716	30
535	6642	51.87	29.21	199.995	0.061	0.261	0.105	1.504	0.074	0.087	0.326	0.317	0.674	0.684	30
536	6643	51.87	29.46	199.984	0.057	0.274	0.109	1.472	0.089	0.1	0.35	0.34	0.65	0.66	30
537	6644	51.87	29.71	199.971	0.044	0.281	0.114	1.473	0.103	0.114	0.381	0.37	0.619	0.63	30
538	6645	51.87	29.96	199.999	0.043	0.276	0.114	1.496	0.108	0.122	0.414	0.404	0.586	0.595	30
539	6646	51.87	30.21	200	0.043	0.276	0.115	1.512	0.111	0.125	0.416	0.408	0.584	0.592	30
540	6647	51.87	30.46	199.999	0.044	0.275	0.115	1.519	0.107	0.121	0.405	0.397	0.595	0.602	30
541	6648	51.87	30.71	199.993	0.043	0.286	0.117	1.499	0.112	0.125	0.417	0.408	0.583	0.592	30
542	6649	51.87	30.96	199.999	0.043	0.279	0.112	1.505	0.105	0.116	0.4	0.389	0.599	0.611	30
543	6650	51.87	31.21	199.998	0.048	0.287	0.115	1.498	0.106	0.119	0.415	0.405	0.585	0.595	30
544	6651	51.87	31.46	199.999	0.046	0.292	0.12	1.506	0.113	0.126	0.45	0.441	0.55	0.559	30
545	6652	51.87	31.71	200	0.044	0.297	0.126	1.508	0.127	0.14	0.492	0.484	0.508	0.516	30
546	6653	51.87	31.96	200	0.045	0.298	0.121	1.492	0.122	0.135	0.454	0.446	0.546	0.554	30
547	6654	51.87	32.21	200	0.045	0.297	0.119	1.503	0.118	0.131	0.446	0.437	0.554	0.563	30
548	6655	51.87	32.46	199.999	0.048	0.297	0.119	1.501	0.115	0.129	0.457	0.447	0.543	0.552	30
549	6656	51.87	32.71	199.999	0.052	0.299	0.12	1.492	0.114	0.127	0.473	0.463	0.527	0.537	30
550	6657	51.87	32.96	199.999	0.059	0.301	0.122	1.477	0.121	0.134	0.487	0.476	0.513	0.524	30
551	6658	51.87	33.21	199.991	0.052	0.304	0.127	1.465	0.134	0.148	0.51	0.501	0.489	0.499	30
552	6659	51.87	33.46	199.998	0.044	0.295	0.126	1.488	0.129	0.144	0.506	0.498	0.494	0.501	30
553	6660	51.87	33.71	199.999	0.05	0.292	0.122	1.485	0.121	0.139	0.512	0.503	0.488	0.497	30
554	6661	51.87	33.96	199.999	0.043	0.298	0.128	1.475	0.14	0.159	0.587	0.578	0.413	0.422	30
555	6662	51.87	34.21	200	0.038	0.303	0.133	1.463	0.163	0.182	0.644	0.633	0.356	0.367	30
556	6663	51.87	34.46	200	0.038	0.311	0.143	1.455	0.184	0.203	0.691	0.682	0.309	0.318	30
557	6664	51.87	34.71	200	0.043	0.311	0.144	1.46	0.191	0.208	0.69	0.68	0.31	0.32	30
558	6665	51.62	-3.54	198.063	0.192	0.333	0.145	1.34	0.179	0.186	0.562	0.555	0.438	0.444	30
559	6666	51.62	-3.29	198.805	0.187	0.331	0.147	1.378	0.188	0.196	0.573	0.568	0.427	0.432	30
560	6667	51.62	-2.54	199.397	0.148	0.325	0.16	1.453	0.223	0.234	0.603	0.588	0.397	0.412	30
561	6668	51.62	-2.29	199.34	0.161	0.331	0.176	1.45	0.243	0.26	0.654	0.644	0.346	0.356	30
562	6669	51.62	-2.04	199.621	0.166	0.331	0.178	1.45	0.254	0.271	0.672	0.663	0.328	0.337	30
563	6670	51.62	-1.79	199.743	0.167	0.33	0.18	1.46	0.262	0.28	0.676	0.666	0.324	0.334	30
564	6671	51.62	-1.54	199.883	0.173	0.332	0.183	1.46	0.264	0.286	0.681	0.67	0.319	0.33	30
565	6672	51.62	-1.29	199.926	0.169	0.329	0.177	1.46	0.25	0.272	0.656	0.644	0.344	0.356	30
566	6673	51.62	-1.04	199.938	0.169	0.331	0.179	1.46	0.245	0.27	0.663	0.652	0.337	0.348	30
567	6674	51.62	-0.789999999999999	199.955	0.171	0.33	0.178	1.456	0.242	0.271	0.661	0.653	0.339	0.347	30
568	6675	51.62	-0.539999999999999	199.983	0.158	0.321	0.169	1.467	0.23	0.256	0.627	0.619	0.373	0.381	30
569	6676	51.62	-0.289999999999999	199.99	0.141	0.311	0.162	1.48	0.223	0.246	0.608	0.6	0.392	0.4	30
570	6677	51.62	-0.0399999999999991	199.995	0.128	0.308	0.158	1.48	0.22	0.24	0.589	0.578	0.411	0.422	30
571	6678	51.62	0.210000000000001	199.999	0.125	0.314	0.167	1.487	0.239	0.259	0.622	0.61	0.378	0.39	30
572	6679	51.62	0.460000000000001	199.992	0.126	0.318	0.171	1.489	0.245	0.261	0.626	0.612	0.374	0.388	30
573	6680	51.62	0.710000000000001	199.995	0.119	0.324	0.171	1.474	0.256	0.265	0.629	0.608	0.371	0.392	30
574	6681	51.62	4.21	199.994	0.039	0.306	0.136	1.504	0.217	0.196	0.585	0.53	0.415	0.47	30
575	6682	51.62	4.46	200	0.035	0.279	0.122	1.513	0.182	0.169	0.504	0.462	0.496	0.538	30
576	6683	51.62	4.71	200	0.035	0.269	0.116	1.513	0.159	0.153	0.425	0.399	0.575	0.601	30
577	6684	51.62	4.96	200	0.038	0.254	0.11	1.516	0.134	0.134	0.352	0.334	0.648	0.666	30
578	6685	51.62	5.21	200	0.038	0.244	0.104	1.518	0.112	0.117	0.306	0.29	0.694	0.71	30
579	6686	51.62	5.46	200	0.042	0.23	0.095	1.525	0.086	0.092	0.264	0.249	0.736	0.751	30
580	6687	51.62	5.71	200	0.048	0.226	0.09	1.527	0.064	0.072	0.221	0.211	0.779	0.789	30
581	6688	51.62	5.96	200	0.056	0.235	0.095	1.529	0.075	0.083	0.276	0.265	0.724	0.735	30
582	6689	51.62	6.21	200	0.058	0.247	0.106	1.531	0.1	0.11	0.366	0.35	0.634	0.65	30
583	6690	51.62	6.46	200	0.062	0.259	0.117	1.534	0.126	0.135	0.432	0.412	0.568	0.588	30
584	6691	51.62	6.71	199.999	0.069	0.254	0.112	1.533	0.117	0.127	0.373	0.358	0.627	0.642	30
585	6692	51.62	6.96	199.998	0.089	0.264	0.115	1.532	0.121	0.135	0.416	0.407	0.584	0.593	30
586	6693	51.62	7.21	199.992	0.097	0.278	0.123	1.529	0.135	0.149	0.5	0.489	0.5	0.511	30
587	6694	51.62	7.46	199.994	0.09	0.286	0.132	1.531	0.153	0.168	0.548	0.535	0.452	0.465	30
588	6695	51.62	7.71	199.995	0.096	0.297	0.145	1.53	0.173	0.187	0.613	0.6	0.387	0.4	30
589	6696	51.62	7.96	199.945	0.107	0.307	0.154	1.528	0.188	0.204	0.68	0.668	0.319	0.332	30
590	6697	51.62	8.21	199.845	0.113	0.309	0.154	1.523	0.189	0.206	0.693	0.68	0.307	0.32	30
591	6698	51.62	8.46	199.9	0.124	0.305	0.151	1.512	0.181	0.198	0.658	0.645	0.342	0.355	30
592	6699	51.62	8.71	199.919	0.153	0.314	0.158	1.497	0.193	0.211	0.676	0.663	0.324	0.337	30
593	6700	51.62	8.96	199.382	0.178	0.322	0.161	1.485	0.207	0.225	0.705	0.69	0.294	0.31	30
594	6701	51.62	9.21	199.884	0.161	0.323	0.168	1.508	0.212	0.232	0.734	0.724	0.266	0.276	30
595	6702	51.62	9.46	199.239	0.182	0.315	0.151	1.493	0.186	0.201	0.673	0.655	0.327	0.345	30
596	6703	51.62	9.71	199.259	0.187	0.314	0.149	1.486	0.184	0.2	0.67	0.653	0.33	0.347	30
597	6704	51.62	9.96	199.956	0.161	0.317	0.159	1.507	0.198	0.215	0.708	0.697	0.292	0.303	30
598	6705	51.62	10.21	199.13	0.173	0.317	0.154	1.491	0.189	0.204	0.696	0.684	0.303	0.316	30
599	6706	51.62	10.46	196.526	0.206	0.315	0.143	1.43	0.18	0.19	0.644	0.623	0.356	0.377	30
600	6707	51.62	10.71	197.112	0.195	0.314	0.143	1.433	0.181	0.193	0.64	0.618	0.36	0.382	30
601	6708	51.62	10.96	199.609	0.187	0.313	0.144	1.459	0.18	0.194	0.649	0.629	0.351	0.371	30
602	6709	51.62	11.21	199.993	0.161	0.314	0.149	1.486	0.182	0.198	0.673	0.657	0.327	0.343	30
603	6710	51.62	11.46	200	0.133	0.317	0.16	1.513	0.192	0.211	0.723	0.717	0.277	0.283	30
604	6711	51.62	11.71	200	0.109	0.309	0.159	1.517	0.193	0.212	0.697	0.694	0.303	0.306	30
605	6712	51.62	11.96	200	0.087	0.29	0.141	1.519	0.172	0.189	0.574	0.57	0.426	0.43	30
606	6713	51.62	12.21	199.998	0.078	0.276	0.124	1.515	0.142	0.158	0.472	0.469	0.528	0.531	30
607	6714	51.62	12.46	199.992	0.086	0.261	0.111	1.507	0.112	0.128	0.391	0.389	0.609	0.611	30
608	6715	51.62	12.71	199.999	0.092	0.253	0.106	1.512	0.101	0.118	0.372	0.373	0.628	0.627	30
609	6716	51.62	12.96	199.972	0.088	0.252	0.107	1.514	0.103	0.121	0.36	0.364	0.639	0.636	30
610	6717	51.62	13.21	199.965	0.082	0.242	0.102	1.508	0.091	0.108	0.301	0.307	0.699	0.693	30
611	6718	51.62	13.46	199.852	0.089	0.237	0.098	1.507	0.08	0.096	0.281	0.288	0.718	0.712	30
612	6719	51.62	13.71	199.926	0.09	0.241	0.1	1.51	0.085	0.1	0.3	0.304	0.699	0.696	30
613	6720	51.62	13.96	199.974	0.089	0.244	0.099	1.506	0.083	0.098	0.301	0.302	0.699	0.698	30
614	6721	51.62	14.21	199.964	0.088	0.246	0.102	1.507	0.09	0.103	0.308	0.306	0.692	0.693	30
615	6722	51.62	14.46	199.969	0.094	0.241	0.098	1.501	0.077	0.089	0.28	0.279	0.719	0.72	30
616	6723	51.62	14.71	199.949	0.104	0.237	0.093	1.502	0.062	0.075	0.253	0.256	0.746	0.744	30
617	6724	51.62	14.96	199.967	0.101	0.239	0.094	1.515	0.066	0.08	0.269	0.272	0.731	0.728	30
618	6725	51.62	15.21	199.973	0.095	0.243	0.096	1.517	0.07	0.084	0.287	0.288	0.712	0.712	30
619	6726	51.62	15.46	199.992	0.089	0.251	0.102	1.522	0.081	0.097	0.329	0.329	0.67	0.67	30
620	6727	51.62	15.71	199.983	0.089	0.254	0.104	1.523	0.094	0.11	0.354	0.357	0.646	0.643	30
621	6728	51.62	15.96	199.99	0.089	0.254	0.109	1.526	0.109	0.126	0.385	0.386	0.614	0.613	30
622	6729	51.62	16.21	199.998	0.079	0.247	0.109	1.534	0.114	0.132	0.375	0.378	0.625	0.622	30
623	6730	51.62	16.46	199.984	0.071	0.238	0.103	1.538	0.102	0.12	0.33	0.336	0.67	0.664	30
624	6731	51.62	16.71	199.99	0.067	0.238	0.102	1.543	0.1	0.12	0.335	0.341	0.665	0.658	30
625	6732	51.62	16.96	199.994	0.059	0.238	0.105	1.543	0.105	0.125	0.344	0.35	0.656	0.649	30
626	6733	51.62	17.21	199.983	0.067	0.234	0.101	1.543	0.095	0.114	0.323	0.328	0.677	0.671	30
627	6734	51.62	17.46	199.989	0.07	0.238	0.102	1.542	0.095	0.114	0.326	0.331	0.674	0.669	30
628	6735	51.62	17.71	199.94	0.068	0.236	0.101	1.538	0.09	0.109	0.312	0.318	0.687	0.682	30
629	6736	51.62	17.96	199.986	0.074	0.239	0.104	1.536	0.095	0.114	0.344	0.351	0.656	0.649	30
630	6737	51.62	18.21	199.977	0.064	0.229	0.098	1.541	0.092	0.113	0.313	0.322	0.687	0.677	30
631	6738	51.62	18.46	199.932	0.062	0.232	0.098	1.546	0.086	0.107	0.335	0.344	0.664	0.656	30
632	6739	51.62	18.71	199.995	0.062	0.232	0.098	1.544	0.085	0.104	0.307	0.315	0.693	0.685	30
633	6740	51.62	18.96	199.999	0.066	0.229	0.096	1.543	0.084	0.104	0.301	0.309	0.698	0.691	30
634	6741	51.62	19.21	200	0.069	0.235	0.097	1.539	0.08	0.099	0.311	0.318	0.688	0.682	30
635	6742	51.62	19.46	200	0.078	0.247	0.106	1.535	0.093	0.111	0.369	0.374	0.631	0.626	30
636	6743	51.62	19.71	200	0.072	0.25	0.107	1.539	0.092	0.112	0.388	0.394	0.611	0.606	30
637	6744	51.62	19.96	199.998	0.072	0.248	0.101	1.536	0.081	0.1	0.34	0.344	0.659	0.656	30
638	6745	51.62	20.21	199.994	0.073	0.241	0.097	1.533	0.073	0.091	0.313	0.317	0.686	0.683	30
639	6746	51.62	20.46	200	0.064	0.239	0.097	1.536	0.072	0.09	0.299	0.302	0.7	0.697	30
640	6747	51.62	20.71	200	0.059	0.238	0.097	1.536	0.075	0.093	0.304	0.306	0.695	0.694	30
641	6748	51.62	20.96	200	0.054	0.232	0.096	1.536	0.08	0.098	0.302	0.307	0.697	0.693	30
642	6749	51.62	21.21	200	0.055	0.225	0.093	1.536	0.074	0.091	0.259	0.263	0.74	0.737	30
643	6750	51.62	21.46	200	0.058	0.228	0.093	1.531	0.07	0.085	0.254	0.254	0.745	0.746	30
644	6751	51.62	21.71	200	0.056	0.235	0.098	1.538	0.075	0.093	0.298	0.301	0.701	0.699	30
645	6752	51.62	21.96	200	0.052	0.235	0.097	1.54	0.075	0.093	0.308	0.311	0.692	0.689	30
646	6753	51.62	22.21	200	0.051	0.241	0.098	1.538	0.074	0.093	0.325	0.327	0.675	0.673	30
647	6754	51.62	22.46	200	0.051	0.243	0.1	1.538	0.074	0.093	0.331	0.331	0.668	0.668	30
648	6755	51.62	22.71	200	0.054	0.249	0.102	1.539	0.081	0.098	0.356	0.354	0.643	0.646	30
649	6756	51.62	22.96	199.999	0.055	0.256	0.103	1.531	0.082	0.099	0.356	0.35	0.643	0.649	30
650	6757	51.62	23.21	199.999	0.055	0.259	0.104	1.526	0.084	0.1	0.354	0.347	0.646	0.653	30
651	6758	51.62	23.46	199.99	0.057	0.257	0.104	1.519	0.078	0.094	0.329	0.323	0.671	0.677	30
652	6759	51.62	23.71	199.939	0.059	0.273	0.111	1.507	0.082	0.102	0.314	0.311	0.685	0.688	30
653	6760	51.62	23.96	199.964	0.058	0.28	0.116	1.503	0.087	0.11	0.321	0.321	0.679	0.678	30
654	6761	51.62	24.21	199.977	0.059	0.277	0.115	1.503	0.086	0.109	0.318	0.32	0.682	0.68	30
655	6762	51.62	24.46	199.985	0.053	0.274	0.116	1.505	0.09	0.113	0.332	0.334	0.667	0.666	30
656	6763	51.62	24.71	199.99	0.049	0.278	0.119	1.504	0.093	0.118	0.347	0.349	0.653	0.65	30
657	6764	51.62	24.96	199.882	0.053	0.277	0.118	1.504	0.091	0.112	0.336	0.336	0.664	0.664	30
658	6765	51.62	25.21	199.959	0.054	0.276	0.116	1.505	0.084	0.104	0.313	0.312	0.686	0.688	30
659	6766	51.62	25.46	199.992	0.056	0.279	0.114	1.497	0.082	0.101	0.301	0.299	0.698	0.7	30
660	6767	51.62	25.71	199.978	0.056	0.282	0.114	1.495	0.084	0.102	0.301	0.299	0.698	0.701	30
661	6768	51.62	25.96	199.983	0.055	0.281	0.114	1.497	0.086	0.102	0.305	0.302	0.695	0.698	30
662	6769	51.62	26.21	199.978	0.055	0.274	0.113	1.507	0.081	0.097	0.295	0.292	0.705	0.708	30
663	6770	51.62	26.46	199.952	0.057	0.273	0.112	1.504	0.087	0.099	0.315	0.308	0.685	0.692	30
664	6771	51.62	26.71	199.99	0.053	0.283	0.119	1.5	0.09	0.102	0.318	0.309	0.682	0.691	30
665	6772	51.62	26.96	199.993	0.054	0.287	0.113	1.48	0.084	0.094	0.291	0.281	0.709	0.719	30
666	6773	51.62	27.21	199.977	0.056	0.29	0.114	1.475	0.086	0.096	0.291	0.282	0.709	0.718	30
667	6774	51.62	27.46	199.977	0.054	0.28	0.111	1.498	0.082	0.093	0.288	0.28	0.712	0.72	30
668	6775	51.62	27.71	199.984	0.056	0.277	0.11	1.503	0.086	0.097	0.306	0.298	0.694	0.702	30
669	6776	51.62	27.96	199.984	0.064	0.269	0.104	1.501	0.076	0.087	0.295	0.287	0.704	0.713	30
670	6777	51.62	28.21	199.972	0.067	0.269	0.102	1.497	0.074	0.085	0.301	0.292	0.699	0.708	30
671	6778	51.62	28.46	199.985	0.061	0.27	0.104	1.494	0.074	0.086	0.302	0.294	0.698	0.707	30
672	6779	51.62	28.71	199.975	0.059	0.266	0.103	1.491	0.073	0.083	0.295	0.285	0.705	0.715	30
673	6780	51.62	28.96	199.961	0.061	0.263	0.1	1.494	0.064	0.075	0.281	0.27	0.719	0.73	30
674	6781	51.62	29.21	199.899	0.06	0.262	0.1	1.492	0.069	0.08	0.296	0.285	0.704	0.715	30
675	6782	51.62	29.46	199.973	0.053	0.266	0.102	1.474	0.08	0.089	0.308	0.294	0.692	0.705	30
676	6783	51.62	29.71	199.992	0.046	0.275	0.106	1.46	0.09	0.098	0.317	0.304	0.683	0.696	30
677	6784	51.62	29.96	199.992	0.042	0.277	0.11	1.485	0.097	0.107	0.343	0.331	0.657	0.669	30
678	6785	51.62	30.21	199.998	0.043	0.272	0.111	1.513	0.097	0.108	0.362	0.352	0.638	0.648	30
