# Command file for Castanea
# Generated on Rstudio by user vandermeersch, on the 2023-07-07

# The filenames below are relative to the folder containing this command file
castaneaFileName	=	fagus_cmaes_output_subset1_rep2.txt
inventoryFileName	=	C:/Users/vandermeersch/Documents/CEFE/phd/hindcasting/simulation/castanea/run/inventory.txt

climateBaseName	=	D:/climate/HadCM3B_60Kyr_Climate/2023_dataset/castanea_format/025deg/1500BP/
climateExtension	=	.txt
simulationName	=	ind1_


#	siteId	gridName	latitude	longitude	soilHeight	stone	wfc	wilt	bulk	SOLCLAYtop	SOLCLAYsol	SOLFINtop	SOLFINsol	SOLSANDtop	SOLSANDsol	numberOfYears
1	3394	59.87	14.21	195.641	0.172	0.294	0.093	1.379	0.065	0.072	0.422	0.394	0.579	0.606	30
2	3395	59.87	14.46	196.284	0.167	0.297	0.095	1.369	0.072	0.079	0.433	0.408	0.567	0.592	30
3	3396	59.87	14.71	197.029	0.166	0.296	0.094	1.368	0.075	0.083	0.441	0.416	0.559	0.584	30
4	3397	59.87	14.96	197.556	0.167	0.297	0.097	1.366	0.076	0.086	0.444	0.42	0.556	0.58	30
5	3398	59.87	15.21	198.088	0.166	0.296	0.096	1.356	0.072	0.082	0.435	0.409	0.565	0.59	30
6	3399	59.87	15.46	198.915	0.158	0.297	0.096	1.345	0.078	0.089	0.432	0.409	0.567	0.591	30
7	3400	59.87	15.71	199.329	0.15	0.304	0.103	1.348	0.096	0.107	0.449	0.427	0.55	0.573	30
8	3401	59.87	15.96	199.478	0.149	0.307	0.106	1.349	0.099	0.11	0.441	0.422	0.559	0.578	30
9	3402	59.87	16.21	199.695	0.14	0.312	0.117	1.367	0.126	0.136	0.47	0.453	0.53	0.547	30
10	3403	59.87	16.46	199.711	0.132	0.32	0.134	1.401	0.167	0.178	0.526	0.509	0.474	0.491	30
11	3404	59.87	16.71	199.705	0.128	0.323	0.141	1.409	0.186	0.197	0.546	0.529	0.454	0.471	30
12	3405	59.87	16.96	199.18	0.132	0.319	0.135	1.397	0.179	0.191	0.534	0.517	0.466	0.483	30
13	3406	59.87	17.21	196.796	0.135	0.316	0.13	1.381	0.173	0.186	0.512	0.497	0.488	0.503	30
14	3407	59.87	17.46	194.533	0.123	0.324	0.144	1.387	0.203	0.215	0.527	0.517	0.472	0.483	30
15	3408	59.87	17.71	192.546	0.122	0.324	0.144	1.37	0.204	0.216	0.511	0.502	0.489	0.498	30
16	3409	59.87	17.96	181.118	0.133	0.321	0.135	1.339	0.174	0.188	0.461	0.454	0.539	0.546	30
17	3410	59.87	18.21	166.128	0.135	0.319	0.132	1.314	0.157	0.171	0.431	0.425	0.569	0.575	30
18	3411	59.87	18.46	160.332	0.135	0.317	0.13	1.297	0.149	0.161	0.423	0.416	0.577	0.584	30
19	3412	59.87	18.71	154.646	0.127	0.319	0.132	1.296	0.164	0.174	0.432	0.426	0.568	0.574	30
20	3413	59.87	29.21	198.579	0.101	0.311	0.118	1.389	0.148	0.16	0.451	0.437	0.549	0.562	30
21	3414	59.87	29.46	199.73	0.1	0.312	0.118	1.383	0.143	0.154	0.46	0.446	0.54	0.554	30
22	3415	59.87	29.71	199.778	0.094	0.317	0.126	1.393	0.16	0.171	0.498	0.487	0.502	0.513	30
23	3416	59.87	30.46	199.995	0.064	0.322	0.134	1.418	0.191	0.199	0.537	0.532	0.463	0.468	30
24	3417	59.87	30.71	199.997	0.068	0.315	0.126	1.418	0.154	0.163	0.479	0.47	0.521	0.53	30
25	3418	59.87	30.96	199.861	0.069	0.313	0.12	1.4	0.134	0.144	0.445	0.435	0.555	0.565	30
26	3419	59.87	31.21	198.283	0.069	0.323	0.127	1.381	0.15	0.158	0.486	0.476	0.514	0.524	30
27	3420	59.87	31.96	199.981	0.055	0.314	0.123	1.405	0.138	0.151	0.478	0.47	0.522	0.53	30
28	3421	59.87	32.21	199.943	0.05	0.314	0.124	1.409	0.146	0.158	0.493	0.484	0.506	0.516	30
29	3422	59.87	32.46	199.991	0.047	0.315	0.126	1.405	0.151	0.164	0.501	0.491	0.499	0.509	30
30	3423	59.87	32.71	199.995	0.048	0.317	0.127	1.384	0.159	0.172	0.517	0.505	0.482	0.495	30
31	3424	59.87	32.96	199.983	0.055	0.319	0.128	1.374	0.159	0.172	0.518	0.505	0.481	0.495	30
32	3425	59.87	33.21	199.988	0.055	0.32	0.13	1.372	0.159	0.173	0.52	0.509	0.48	0.491	30
33	3426	59.87	33.46	199.995	0.05	0.308	0.121	1.398	0.135	0.149	0.481	0.469	0.519	0.531	30
34	3427	59.87	33.71	199.988	0.054	0.303	0.117	1.398	0.119	0.133	0.454	0.44	0.546	0.56	30
35	3428	59.87	33.96	199.968	0.063	0.3	0.117	1.404	0.119	0.131	0.469	0.451	0.53	0.549	30
36	3429	59.87	34.21	199.957	0.069	0.298	0.119	1.412	0.121	0.133	0.495	0.474	0.505	0.526	30
37	3430	59.87	34.46	199.974	0.068	0.303	0.121	1.415	0.125	0.138	0.502	0.483	0.498	0.517	30
38	3431	59.87	34.71	199.93	0.074	0.303	0.117	1.413	0.123	0.135	0.501	0.481	0.499	0.519	30
39	3432	59.62	5.46	170.212	0.208	0.305	0.108	1.262	0.111	0.114	0.431	0.4	0.569	0.6	30
40	3433	59.62	5.71	166.881	0.248	0.307	0.106	1.256	0.109	0.109	0.448	0.414	0.552	0.586	30
41	3434	59.62	5.96	153.023	0.268	0.308	0.105	1.221	0.108	0.104	0.45	0.416	0.55	0.584	30
42	3435	59.62	6.21	136.559	0.289	0.305	0.099	1.171	0.101	0.096	0.44	0.41	0.56	0.59	30
43	3436	59.62	6.46	128.553	0.299	0.301	0.094	1.17	0.092	0.087	0.422	0.396	0.578	0.604	30
44	3437	59.62	6.71	118.047	0.314	0.299	0.094	1.163	0.088	0.082	0.399	0.378	0.6	0.622	30
45	3438	59.62	6.96	110.091	0.315	0.3	0.098	1.139	0.089	0.083	0.393	0.374	0.607	0.626	30
46	3439	59.62	7.21	113.896	0.282	0.3	0.097	1.134	0.078	0.073	0.392	0.371	0.608	0.628	30
47	3440	59.62	7.46	124.374	0.242	0.298	0.095	1.189	0.065	0.06	0.39	0.368	0.609	0.632	30
48	3441	59.62	7.71	136.657	0.249	0.297	0.095	1.242	0.057	0.053	0.401	0.372	0.599	0.627	30
49	3442	59.62	7.96	159.493	0.245	0.298	0.096	1.306	0.06	0.059	0.436	0.396	0.564	0.603	30
50	3443	59.62	8.21	162.239	0.247	0.298	0.096	1.307	0.061	0.059	0.438	0.399	0.562	0.601	30
51	3444	59.62	8.46	161.479	0.26	0.298	0.096	1.318	0.062	0.059	0.438	0.399	0.561	0.6	30
52	3445	59.62	8.71	160.458	0.264	0.3	0.096	1.329	0.065	0.064	0.438	0.401	0.561	0.599	30
53	3446	59.62	8.96	170.501	0.253	0.301	0.1	1.342	0.074	0.076	0.44	0.405	0.56	0.595	30
54	3447	59.62	9.21	175.368	0.229	0.299	0.102	1.345	0.078	0.081	0.435	0.404	0.565	0.596	30
55	3448	59.62	9.46	171.483	0.226	0.295	0.098	1.338	0.066	0.07	0.408	0.377	0.593	0.623	30
56	3449	59.62	9.71	174.69	0.211	0.303	0.105	1.332	0.09	0.096	0.433	0.408	0.567	0.593	30
57	3450	59.62	9.96	172.818	0.198	0.306	0.109	1.321	0.105	0.114	0.457	0.435	0.543	0.565	30
58	3451	59.62	10.21	174.551	0.175	0.308	0.117	1.354	0.127	0.136	0.477	0.458	0.523	0.542	30
59	3452	59.62	10.46	167.227	0.166	0.303	0.111	1.354	0.12	0.125	0.451	0.431	0.549	0.569	30
60	3453	59.62	10.96	173.2	0.151	0.307	0.116	1.374	0.127	0.136	0.465	0.445	0.535	0.555	30
61	3454	59.62	11.21	177.139	0.146	0.312	0.123	1.379	0.139	0.149	0.499	0.478	0.501	0.522	30
62	3455	59.62	11.46	176.729	0.15	0.305	0.113	1.375	0.114	0.123	0.468	0.446	0.532	0.554	30
63	3456	59.62	11.71	170.662	0.162	0.297	0.099	1.357	0.081	0.089	0.425	0.401	0.575	0.599	30
64	3457	59.62	11.96	172.662	0.164	0.296	0.097	1.364	0.077	0.085	0.421	0.398	0.579	0.603	30
65	3458	59.62	12.21	174.542	0.161	0.297	0.098	1.365	0.082	0.09	0.431	0.408	0.569	0.592	30
66	3459	59.62	12.46	170.71	0.157	0.3	0.103	1.355	0.096	0.103	0.445	0.422	0.555	0.577	30
67	3460	59.62	12.71	171.991	0.157	0.299	0.105	1.361	0.103	0.11	0.452	0.429	0.548	0.571	30
68	3461	59.62	12.96	174.465	0.157	0.301	0.107	1.36	0.106	0.113	0.456	0.433	0.544	0.567	30
69	3462	59.62	13.21	179.739	0.149	0.306	0.116	1.38	0.128	0.137	0.479	0.458	0.521	0.541	30
70	3463	59.62	13.46	182.478	0.15	0.305	0.113	1.379	0.127	0.134	0.476	0.455	0.524	0.545	30
71	3464	59.62	13.71	186.433	0.149	0.303	0.109	1.381	0.116	0.125	0.467	0.444	0.533	0.555	30
72	3465	59.62	13.96	193.099	0.151	0.299	0.103	1.382	0.096	0.105	0.439	0.417	0.56	0.583	30
73	3466	59.62	14.21	193.679	0.153	0.298	0.098	1.373	0.083	0.09	0.432	0.408	0.568	0.592	30
74	3467	59.62	14.46	193.591	0.153	0.298	0.098	1.363	0.08	0.087	0.437	0.412	0.563	0.588	30
75	3468	59.62	14.71	195.562	0.156	0.299	0.097	1.359	0.084	0.092	0.45	0.425	0.55	0.575	30
76	3469	59.62	14.96	197.262	0.157	0.301	0.102	1.364	0.09	0.101	0.46	0.437	0.54	0.563	30
77	3470	59.62	15.21	198.312	0.147	0.303	0.109	1.373	0.105	0.116	0.467	0.446	0.533	0.554	30
78	3471	59.62	15.46	199.203	0.14	0.306	0.111	1.371	0.11	0.121	0.452	0.432	0.548	0.568	30
79	3472	59.62	15.71	198.993	0.137	0.312	0.119	1.376	0.13	0.141	0.47	0.452	0.53	0.548	30
80	3473	59.62	15.96	199.32	0.129	0.316	0.128	1.393	0.156	0.165	0.502	0.484	0.498	0.516	30
81	3474	59.62	16.21	199.387	0.122	0.321	0.137	1.411	0.178	0.187	0.522	0.504	0.477	0.496	30
82	3475	59.62	16.71	198.336	0.115	0.328	0.151	1.427	0.216	0.226	0.556	0.54	0.444	0.46	30
83	3476	59.62	17.21	193.339	0.113	0.331	0.155	1.392	0.225	0.234	0.55	0.538	0.45	0.462	30
84	3477	59.62	17.46	188.568	0.116	0.332	0.152	1.372	0.22	0.23	0.535	0.524	0.465	0.476	30
85	3478	59.62	17.71	184.623	0.121	0.327	0.144	1.345	0.203	0.214	0.507	0.497	0.493	0.503	30
86	3479	59.62	17.96	179.581	0.122	0.325	0.141	1.329	0.193	0.205	0.485	0.477	0.515	0.523	30
87	3480	59.62	18.21	159.735	0.13	0.324	0.137	1.303	0.174	0.185	0.456	0.448	0.544	0.552	30
88	3481	59.62	18.46	140.698	0.132	0.322	0.134	1.277	0.16	0.17	0.435	0.428	0.565	0.572	30
89	3482	59.62	25.96	194.357	0.137	0.301	0.114	1.428	0.126	0.133	0.361	0.355	0.639	0.645	30
90	3483	59.62	28.46	198.719	0.093	0.306	0.116	1.419	0.14	0.151	0.408	0.399	0.592	0.601	30
91	3484	59.62	28.71	198.787	0.094	0.304	0.115	1.428	0.129	0.141	0.428	0.42	0.571	0.58	30
92	3485	59.62	28.96	199.387	0.085	0.31	0.123	1.431	0.14	0.154	0.48	0.471	0.52	0.529	30
93	3486	59.62	29.21	199.65	0.076	0.317	0.127	1.417	0.139	0.151	0.498	0.489	0.502	0.511	30
94	3487	59.62	29.46	199.894	0.072	0.321	0.131	1.404	0.14	0.152	0.508	0.499	0.492	0.501	30
95	3488	59.62	29.71	199.958	0.071	0.321	0.132	1.404	0.144	0.156	0.513	0.504	0.487	0.496	30
96	3489	59.62	29.96	199.986	0.069	0.32	0.132	1.41	0.15	0.161	0.509	0.502	0.49	0.498	30
97	3490	59.62	30.21	199.988	0.063	0.318	0.131	1.4	0.153	0.163	0.508	0.502	0.492	0.498	30
98	3491	59.62	30.46	199.977	0.057	0.316	0.129	1.398	0.151	0.162	0.49	0.483	0.51	0.517	30
99	3492	59.62	30.71	199.981	0.058	0.312	0.123	1.399	0.133	0.144	0.454	0.445	0.546	0.555	30
100	3493	59.62	30.96	199.983	0.051	0.309	0.118	1.39	0.12	0.131	0.431	0.421	0.569	0.579	30
101	3494	59.62	31.21	199.992	0.05	0.309	0.118	1.395	0.122	0.133	0.444	0.435	0.556	0.565	30
102	3495	59.62	31.46	199.957	0.05	0.311	0.119	1.378	0.126	0.138	0.451	0.441	0.549	0.559	30
103	3496	59.62	31.71	199.872	0.051	0.316	0.122	1.374	0.13	0.142	0.46	0.451	0.539	0.549	30
104	3497	59.62	31.96	199.986	0.046	0.314	0.123	1.409	0.131	0.144	0.465	0.457	0.535	0.543	30
105	3498	59.62	32.21	199.999	0.043	0.313	0.124	1.41	0.139	0.151	0.471	0.461	0.529	0.539	30
106	3499	59.62	32.46	200	0.042	0.314	0.125	1.398	0.143	0.156	0.486	0.474	0.514	0.526	30
107	3500	59.62	32.71	199.988	0.05	0.326	0.13	1.339	0.171	0.185	0.523	0.51	0.477	0.49	30
108	3501	59.62	32.96	199.996	0.051	0.316	0.125	1.378	0.151	0.165	0.497	0.483	0.503	0.517	30
109	3502	59.62	33.21	199.996	0.05	0.306	0.119	1.401	0.131	0.144	0.472	0.459	0.527	0.541	30
110	3503	59.62	33.46	199.996	0.05	0.305	0.118	1.384	0.122	0.135	0.448	0.437	0.551	0.563	30
111	3504	59.62	33.71	199.992	0.056	0.305	0.119	1.39	0.125	0.138	0.465	0.452	0.535	0.548	30
112	3505	59.62	33.96	199.959	0.065	0.299	0.119	1.412	0.128	0.141	0.497	0.479	0.503	0.521	30
113	3506	59.62	34.21	199.953	0.069	0.303	0.122	1.416	0.132	0.145	0.512	0.494	0.488	0.506	30
114	3507	59.62	34.46	199.96	0.067	0.304	0.121	1.412	0.131	0.144	0.495	0.478	0.505	0.522	30
115	3508	59.62	34.71	199.912	0.065	0.31	0.124	1.405	0.137	0.148	0.509	0.492	0.491	0.508	30
116	3509	59.37	6.21	145.199	0.275	0.302	0.1	1.221	0.097	0.093	0.436	0.401	0.564	0.599	30
117	3510	59.37	6.46	138.053	0.284	0.3	0.096	1.192	0.09	0.085	0.411	0.381	0.589	0.619	30
118	3511	59.37	6.71	112.386	0.306	0.298	0.093	1.147	0.091	0.086	0.386	0.368	0.614	0.632	30
119	3512	59.37	6.96	106.299	0.315	0.3	0.097	1.135	0.096	0.089	0.386	0.37	0.613	0.63	30
120	3513	59.37	7.21	120.309	0.289	0.298	0.095	1.134	0.074	0.068	0.382	0.36	0.618	0.64	30
121	3514	59.37	7.46	131.755	0.264	0.296	0.095	1.22	0.06	0.054	0.375	0.35	0.624	0.65	30
122	3515	59.37	7.71	134.805	0.256	0.298	0.095	1.262	0.057	0.054	0.404	0.375	0.595	0.625	30
123	3516	59.37	7.96	157.554	0.253	0.297	0.095	1.332	0.059	0.059	0.435	0.395	0.565	0.604	30
124	3517	59.37	8.21	161.336	0.26	0.296	0.095	1.342	0.064	0.065	0.434	0.395	0.566	0.605	30
125	3518	59.37	8.46	162.771	0.258	0.298	0.097	1.334	0.07	0.071	0.435	0.399	0.565	0.6	30
126	3519	59.37	8.71	159.763	0.25	0.298	0.098	1.326	0.076	0.078	0.435	0.404	0.565	0.596	30
127	3520	59.37	8.96	164.463	0.229	0.3	0.102	1.329	0.085	0.088	0.436	0.409	0.564	0.591	30
128	3521	59.37	9.21	168.285	0.208	0.302	0.106	1.336	0.094	0.098	0.443	0.418	0.557	0.582	30
129	3522	59.37	9.46	158.411	0.211	0.3	0.104	1.319	0.085	0.089	0.429	0.403	0.572	0.598	30
130	3523	59.37	9.71	159.001	0.207	0.301	0.104	1.307	0.092	0.098	0.434	0.409	0.566	0.591	30
131	3524	59.37	9.96	163.246	0.196	0.305	0.109	1.318	0.112	0.119	0.46	0.441	0.539	0.559	30
132	3525	59.37	10.21	167.899	0.157	0.314	0.125	1.369	0.153	0.164	0.5	0.486	0.5	0.514	30
133	3526	59.37	10.46	167.278	0.155	0.309	0.12	1.37	0.144	0.151	0.47	0.453	0.53	0.546	30
134	3527	59.37	10.96	164.541	0.146	0.311	0.121	1.372	0.146	0.153	0.46	0.443	0.54	0.557	30
135	3528	59.37	11.21	168.487	0.148	0.311	0.123	1.375	0.145	0.153	0.484	0.465	0.516	0.534	30
136	3529	59.37	11.46	167.349	0.151	0.305	0.113	1.37	0.12	0.13	0.464	0.445	0.536	0.555	30
137	3530	59.37	11.71	158.902	0.158	0.299	0.103	1.351	0.096	0.104	0.432	0.411	0.567	0.589	30
138	3531	59.37	11.96	158.062	0.158	0.298	0.102	1.347	0.089	0.098	0.424	0.402	0.576	0.597	30
139	3532	59.37	12.21	165.616	0.158	0.298	0.099	1.352	0.084	0.093	0.422	0.401	0.578	0.599	30
140	3533	59.37	12.46	165.872	0.158	0.3	0.099	1.342	0.089	0.097	0.436	0.414	0.563	0.585	30
141	3534	59.37	12.71	168.097	0.155	0.304	0.108	1.354	0.113	0.12	0.463	0.442	0.537	0.558	30
142	3535	59.37	12.96	165.904	0.147	0.306	0.115	1.366	0.131	0.139	0.473	0.454	0.527	0.546	30
143	3536	59.37	13.21	163.344	0.136	0.312	0.121	1.38	0.146	0.154	0.475	0.458	0.524	0.542	30
144	3537	59.37	13.46	160.744	0.129	0.315	0.122	1.383	0.151	0.156	0.474	0.458	0.526	0.542	30
145	3538	59.37	13.71	155.643	0.143	0.317	0.122	1.364	0.152	0.157	0.481	0.467	0.518	0.533	30
146	3539	59.37	13.96	172.326	0.131	0.312	0.12	1.38	0.141	0.148	0.474	0.458	0.526	0.542	30
147	3540	59.37	14.21	188.902	0.144	0.301	0.105	1.371	0.107	0.115	0.443	0.424	0.557	0.576	30
148	3541	59.37	14.46	195.15	0.144	0.3	0.104	1.374	0.103	0.111	0.454	0.432	0.546	0.568	30
149	3542	59.37	14.71	196.871	0.149	0.298	0.099	1.369	0.089	0.098	0.444	0.422	0.556	0.578	30
150	3543	59.37	14.96	198.099	0.14	0.305	0.113	1.396	0.126	0.136	0.491	0.472	0.509	0.528	30
151	3544	59.37	15.21	198.674	0.121	0.312	0.129	1.422	0.163	0.173	0.522	0.506	0.477	0.494	30
152	3545	59.37	15.46	197.177	0.117	0.317	0.133	1.419	0.172	0.182	0.517	0.501	0.483	0.499	30
153	3546	59.37	15.71	195.978	0.117	0.322	0.137	1.411	0.181	0.191	0.514	0.498	0.486	0.502	30
154	3547	59.37	15.96	196.543	0.117	0.324	0.143	1.419	0.196	0.206	0.529	0.513	0.471	0.487	30
155	3548	59.37	16.21	196.992	0.119	0.324	0.142	1.413	0.199	0.21	0.534	0.518	0.466	0.482	30
156	3549	59.37	16.46	195.926	0.119	0.325	0.143	1.408	0.206	0.216	0.539	0.523	0.461	0.477	30
157	3550	59.37	16.71	194.52	0.121	0.325	0.143	1.396	0.212	0.223	0.544	0.529	0.456	0.471	30
158	3551	59.37	16.96	190.762	0.127	0.326	0.141	1.371	0.199	0.21	0.52	0.506	0.48	0.494	30
159	3552	59.37	17.21	187.738	0.125	0.328	0.143	1.361	0.201	0.211	0.511	0.498	0.489	0.502	30
160	3553	59.37	17.46	179.995	0.12	0.329	0.14	1.342	0.192	0.2	0.487	0.476	0.513	0.524	30
161	3554	59.37	17.71	178.324	0.117	0.331	0.143	1.338	0.201	0.209	0.499	0.488	0.501	0.512	30
162	3555	59.37	17.96	171.516	0.116	0.324	0.138	1.341	0.197	0.205	0.491	0.48	0.509	0.52	30
163	3556	59.37	25.96	199.399	0.116	0.305	0.119	1.491	0.132	0.143	0.415	0.412	0.585	0.588	30
164	3557	59.37	26.21	199.776	0.11	0.314	0.129	1.509	0.158	0.167	0.477	0.474	0.522	0.525	30
165	3558	59.37	28.46	199.769	0.079	0.31	0.119	1.407	0.137	0.148	0.417	0.407	0.583	0.592	30
166	3559	59.37	28.71	199.943	0.07	0.308	0.118	1.409	0.125	0.136	0.435	0.427	0.565	0.573	30
167	3560	59.37	28.96	199.933	0.068	0.313	0.126	1.424	0.134	0.148	0.484	0.477	0.516	0.523	30
168	3561	59.37	29.21	199.883	0.059	0.318	0.128	1.415	0.14	0.154	0.501	0.493	0.499	0.507	30
169	3562	59.37	29.46	199.966	0.06	0.317	0.127	1.407	0.133	0.145	0.493	0.485	0.507	0.516	30
170	3563	59.37	29.71	199.964	0.066	0.314	0.124	1.398	0.13	0.142	0.478	0.469	0.522	0.531	30
171	3564	59.37	29.96	199.955	0.067	0.314	0.124	1.407	0.137	0.148	0.483	0.473	0.517	0.527	30
172	3565	59.37	30.21	199.971	0.067	0.309	0.119	1.398	0.125	0.137	0.453	0.444	0.547	0.556	30
173	3566	59.37	30.46	199.938	0.061	0.306	0.115	1.383	0.113	0.126	0.421	0.411	0.579	0.589	30
174	3567	59.37	30.71	199.974	0.056	0.307	0.116	1.382	0.113	0.126	0.419	0.409	0.581	0.591	30
175	3568	59.37	30.96	199.995	0.047	0.31	0.119	1.384	0.124	0.136	0.44	0.429	0.56	0.571	30
176	3569	59.37	31.21	199.998	0.046	0.31	0.12	1.394	0.129	0.141	0.453	0.443	0.547	0.557	30
177	3570	59.37	31.46	199.999	0.049	0.31	0.121	1.406	0.132	0.145	0.455	0.446	0.545	0.554	30
178	3571	59.37	31.71	199.988	0.051	0.313	0.123	1.403	0.133	0.145	0.458	0.449	0.543	0.551	30
179	3572	59.37	31.96	199.968	0.05	0.315	0.124	1.4	0.138	0.149	0.465	0.456	0.535	0.544	30
180	3573	59.37	32.21	199.998	0.049	0.312	0.122	1.404	0.132	0.144	0.454	0.444	0.546	0.556	30
181	3574	59.37	32.46	200	0.047	0.309	0.121	1.411	0.128	0.141	0.457	0.446	0.542	0.554	30
182	3575	59.37	32.71	199.999	0.049	0.312	0.123	1.393	0.14	0.154	0.483	0.47	0.517	0.53	30
183	3576	59.37	32.96	199.999	0.053	0.312	0.124	1.408	0.148	0.162	0.496	0.482	0.504	0.518	30
184	3577	59.37	33.21	199.998	0.048	0.305	0.12	1.415	0.138	0.151	0.483	0.467	0.517	0.533	30
185	3578	59.37	33.46	199.923	0.051	0.306	0.12	1.376	0.132	0.145	0.483	0.467	0.516	0.533	30
186	3579	59.37	33.71	199.897	0.064	0.304	0.123	1.397	0.135	0.148	0.508	0.491	0.492	0.509	30
187	3580	59.37	33.96	199.892	0.067	0.304	0.127	1.422	0.137	0.15	0.513	0.495	0.487	0.505	30
188	3581	59.37	34.21	199.946	0.06	0.308	0.126	1.41	0.142	0.153	0.507	0.491	0.493	0.509	30
189	3582	59.37	34.46	199.86	0.059	0.309	0.124	1.385	0.144	0.156	0.505	0.49	0.494	0.51	30
190	3583	59.37	34.71	199.831	0.062	0.313	0.128	1.393	0.148	0.159	0.525	0.509	0.475	0.491	30
191	3584	59.12	5.96	159.68	0.229	0.309	0.109	1.266	0.114	0.114	0.448	0.418	0.552	0.582	30
192	3585	59.12	6.21	147.476	0.265	0.306	0.103	1.225	0.103	0.1	0.43	0.4	0.57	0.6	30
193	3586	59.12	6.46	129.849	0.284	0.302	0.098	1.151	0.094	0.089	0.404	0.379	0.595	0.621	30
194	3587	59.12	6.71	110.354	0.285	0.299	0.094	1.115	0.088	0.083	0.383	0.363	0.617	0.637	30
195	3588	59.12	6.96	108.985	0.281	0.299	0.095	1.113	0.083	0.078	0.375	0.356	0.625	0.644	30
196	3589	59.12	7.21	115.062	0.27	0.298	0.095	1.119	0.073	0.067	0.368	0.349	0.631	0.651	30
197	3590	59.12	7.46	133.327	0.264	0.298	0.096	1.218	0.061	0.056	0.388	0.36	0.611	0.64	30
198	3591	59.12	7.71	134.858	0.258	0.301	0.098	1.27	0.068	0.065	0.419	0.386	0.581	0.614	30
199	3592	59.12	7.96	143.543	0.261	0.298	0.097	1.321	0.067	0.067	0.422	0.387	0.578	0.612	30
200	3593	59.12	8.21	145.114	0.26	0.296	0.097	1.327	0.07	0.072	0.413	0.382	0.587	0.618	30
201	3594	59.12	8.46	147.066	0.243	0.299	0.1	1.314	0.079	0.083	0.427	0.4	0.573	0.6	30
202	3595	59.12	8.71	149.016	0.233	0.299	0.102	1.315	0.082	0.086	0.423	0.399	0.577	0.601	30
203	3596	59.12	8.96	151.899	0.218	0.299	0.102	1.318	0.086	0.089	0.417	0.396	0.584	0.604	30
204	3597	59.12	9.21	150.973	0.202	0.3	0.103	1.329	0.092	0.095	0.423	0.403	0.577	0.597	30
205	3598	59.12	9.46	149.308	0.192	0.303	0.107	1.334	0.106	0.111	0.438	0.418	0.562	0.582	30
206	3599	59.12	9.96	151.62	0.165	0.307	0.114	1.347	0.128	0.134	0.447	0.431	0.553	0.569	30
207	3600	59.12	10.21	158.841	0.142	0.313	0.126	1.379	0.164	0.172	0.479	0.465	0.521	0.535	30
208	3601	59.12	11.46	156.373	0.16	0.3	0.106	1.354	0.114	0.121	0.44	0.421	0.56	0.579	30
209	3602	59.12	11.71	152.77	0.164	0.298	0.1	1.342	0.095	0.103	0.427	0.405	0.572	0.594	30
210	3603	59.12	11.96	152.34	0.161	0.3	0.102	1.334	0.095	0.103	0.43	0.408	0.569	0.592	30
211	3604	59.12	12.21	158.275	0.16	0.302	0.105	1.346	0.098	0.105	0.438	0.416	0.562	0.584	30
212	3605	59.12	12.46	163.287	0.159	0.302	0.105	1.357	0.103	0.11	0.449	0.427	0.551	0.573	30
213	3606	59.12	12.71	163.85	0.142	0.309	0.116	1.373	0.132	0.141	0.471	0.454	0.529	0.546	30
214	3607	59.12	12.96	159.152	0.13	0.316	0.124	1.374	0.15	0.158	0.475	0.459	0.525	0.541	30
215	3608	59.12	13.21	143.742	0.133	0.315	0.12	1.351	0.135	0.141	0.444	0.427	0.556	0.572	30
216	3609	59.12	13.46	147.189	0.151	0.316	0.12	1.341	0.137	0.142	0.445	0.43	0.555	0.569	30
217	3610	59.12	13.71	155.729	0.149	0.315	0.12	1.343	0.137	0.141	0.445	0.43	0.554	0.57	30
218	3611	59.12	13.96	152.748	0.142	0.314	0.119	1.337	0.129	0.133	0.434	0.418	0.566	0.581	30
219	3612	59.12	14.21	187.136	0.137	0.306	0.113	1.372	0.127	0.136	0.438	0.423	0.561	0.577	30
220	3613	59.12	14.46	193.262	0.149	0.302	0.106	1.362	0.107	0.116	0.435	0.417	0.565	0.583	30
221	3614	59.12	14.71	196.759	0.139	0.305	0.109	1.371	0.115	0.124	0.463	0.444	0.537	0.556	30
222	3615	59.12	14.96	198.442	0.12	0.311	0.128	1.429	0.173	0.183	0.538	0.523	0.462	0.477	30
223	3616	59.12	15.21	197.878	0.114	0.311	0.127	1.429	0.175	0.185	0.525	0.511	0.475	0.489	30
224	3617	59.12	15.46	197.735	0.116	0.313	0.125	1.406	0.167	0.177	0.505	0.491	0.495	0.509	30
225	3618	59.12	15.71	196.854	0.126	0.314	0.124	1.388	0.157	0.168	0.482	0.467	0.518	0.533	30
226	3619	59.12	15.96	195.305	0.127	0.319	0.132	1.392	0.173	0.184	0.502	0.486	0.498	0.514	30
227	3620	59.12	16.21	194.197	0.132	0.322	0.134	1.387	0.175	0.187	0.508	0.491	0.492	0.509	30
228	3621	59.12	16.46	193.137	0.133	0.323	0.136	1.383	0.18	0.19	0.515	0.498	0.485	0.502	30
229	3622	59.12	16.71	191.733	0.132	0.326	0.139	1.386	0.191	0.202	0.525	0.509	0.475	0.491	30
230	3623	59.12	16.96	184.974	0.136	0.328	0.137	1.363	0.184	0.195	0.506	0.49	0.494	0.51	30
231	3624	59.12	17.46	174.744	0.134	0.329	0.141	1.342	0.196	0.206	0.492	0.482	0.508	0.518	30
232	3625	59.12	17.96	154.065	0.131	0.326	0.138	1.312	0.184	0.192	0.47	0.459	0.53	0.541	30
233	3626	59.12	23.96	191.237	0.12	0.314	0.126	1.432	0.182	0.199	0.447	0.451	0.553	0.549	30
234	3627	59.12	24.21	198.442	0.122	0.315	0.127	1.465	0.181	0.199	0.462	0.466	0.538	0.534	30
235	3628	59.12	24.46	199.777	0.119	0.314	0.127	1.49	0.173	0.19	0.471	0.473	0.528	0.527	30
236	3629	59.12	24.71	199.907	0.116	0.314	0.127	1.502	0.169	0.184	0.484	0.484	0.516	0.516	30
237	3630	59.12	24.96	199.976	0.113	0.317	0.127	1.494	0.165	0.179	0.492	0.491	0.508	0.509	30
238	3631	59.12	25.21	199.996	0.112	0.315	0.124	1.481	0.146	0.162	0.467	0.465	0.533	0.535	30
239	3632	59.12	25.46	199.996	0.116	0.311	0.119	1.463	0.123	0.14	0.421	0.419	0.579	0.581	30
240	3633	59.12	25.71	199.995	0.113	0.316	0.125	1.489	0.137	0.152	0.468	0.465	0.532	0.534	30
241	3634	59.12	25.96	199.992	0.112	0.317	0.128	1.523	0.152	0.165	0.505	0.502	0.495	0.498	30
242	3635	59.12	26.21	199.997	0.11	0.315	0.127	1.52	0.152	0.163	0.505	0.501	0.494	0.499	30
243	3636	59.12	26.46	199.993	0.106	0.313	0.125	1.512	0.143	0.154	0.484	0.477	0.516	0.522	30
244	3637	59.12	26.71	199.994	0.101	0.308	0.119	1.506	0.127	0.138	0.437	0.431	0.563	0.569	30
245	3638	59.12	26.96	199.988	0.092	0.307	0.116	1.493	0.123	0.133	0.424	0.417	0.575	0.582	30
246	3639	59.12	27.21	199.942	0.091	0.304	0.113	1.46	0.115	0.125	0.401	0.395	0.599	0.605	30
247	3640	59.12	27.46	199.864	0.094	0.304	0.112	1.465	0.119	0.13	0.407	0.4	0.593	0.6	30
248	3641	59.12	27.71	199.89	0.086	0.307	0.113	1.423	0.122	0.131	0.403	0.394	0.597	0.606	30
249	3642	59.12	27.96	199.899	0.082	0.304	0.114	1.423	0.118	0.128	0.4	0.392	0.6	0.608	30
250	3643	59.12	28.21	199.728	0.082	0.305	0.116	1.43	0.116	0.129	0.421	0.413	0.579	0.587	30
251	3644	59.12	28.46	199.915	0.079	0.31	0.118	1.415	0.118	0.131	0.433	0.424	0.567	0.576	30
252	3645	59.12	28.71	199.964	0.072	0.311	0.118	1.409	0.116	0.128	0.435	0.425	0.565	0.575	30
253	3646	59.12	28.96	199.987	0.072	0.308	0.117	1.405	0.111	0.124	0.429	0.42	0.571	0.58	30
254	3647	59.12	29.21	199.961	0.071	0.307	0.117	1.396	0.12	0.133	0.443	0.433	0.557	0.567	30
255	3648	59.12	29.46	199.932	0.067	0.306	0.115	1.379	0.113	0.126	0.436	0.424	0.564	0.576	30
256	3649	59.12	29.71	199.942	0.066	0.306	0.114	1.371	0.114	0.126	0.433	0.421	0.568	0.579	30
257	3650	59.12	29.96	199.965	0.067	0.308	0.115	1.384	0.122	0.134	0.446	0.434	0.555	0.566	30
258	3651	59.12	30.21	199.912	0.066	0.314	0.118	1.365	0.129	0.142	0.449	0.44	0.551	0.561	30
259	3652	59.12	30.46	199.973	0.064	0.31	0.117	1.387	0.123	0.136	0.437	0.427	0.563	0.573	30
260	3653	59.12	30.71	199.995	0.054	0.313	0.12	1.386	0.126	0.14	0.44	0.43	0.56	0.569	30
261	3654	59.12	30.96	199.983	0.05	0.311	0.118	1.396	0.121	0.134	0.435	0.425	0.565	0.575	30
262	3655	59.12	31.21	199.998	0.047	0.308	0.119	1.409	0.12	0.133	0.429	0.419	0.571	0.581	30
263	3656	59.12	31.46	200	0.045	0.31	0.121	1.419	0.131	0.143	0.449	0.441	0.551	0.559	30
264	3657	59.12	31.71	199.978	0.045	0.317	0.125	1.406	0.141	0.153	0.478	0.471	0.522	0.529	30
265	3658	59.12	31.96	199.967	0.045	0.315	0.124	1.397	0.137	0.149	0.478	0.469	0.522	0.531	30
266	3659	59.12	32.21	199.999	0.046	0.309	0.12	1.393	0.121	0.134	0.45	0.439	0.55	0.561	30
267	3660	59.12	32.46	199.998	0.046	0.314	0.124	1.37	0.138	0.152	0.482	0.469	0.518	0.531	30
268	3661	59.12	32.71	199.998	0.045	0.313	0.125	1.382	0.144	0.157	0.494	0.48	0.505	0.52	30
269	3662	59.12	32.96	199.967	0.052	0.307	0.124	1.413	0.137	0.151	0.487	0.471	0.513	0.529	30
270	3663	59.12	33.21	199.952	0.063	0.301	0.123	1.427	0.131	0.145	0.491	0.473	0.509	0.527	30
271	3664	59.12	33.46	199.742	0.072	0.296	0.121	1.41	0.123	0.135	0.493	0.473	0.507	0.527	30
272	3665	59.12	33.71	199.679	0.073	0.301	0.126	1.417	0.129	0.14	0.499	0.478	0.501	0.522	30
273	3666	59.12	33.96	199.95	0.063	0.309	0.13	1.405	0.138	0.149	0.5	0.48	0.5	0.52	30
274	3667	59.12	34.21	199.955	0.059	0.309	0.127	1.382	0.144	0.154	0.498	0.481	0.502	0.519	30
275	3668	59.12	34.46	199.86	0.057	0.315	0.127	1.357	0.149	0.16	0.506	0.491	0.494	0.509	30
276	3669	59.12	34.71	199.908	0.054	0.315	0.128	1.352	0.149	0.16	0.522	0.506	0.478	0.494	30
277	3670	58.87	5.71	182.036	0.159	0.32	0.125	1.32	0.139	0.145	0.454	0.435	0.546	0.565	30
278	3671	58.87	5.96	169.012	0.229	0.313	0.114	1.275	0.118	0.121	0.445	0.418	0.555	0.582	30
279	3672	58.87	6.21	151.112	0.28	0.308	0.105	1.225	0.101	0.099	0.426	0.397	0.574	0.603	30
280	3673	58.87	6.46	132.899	0.287	0.304	0.099	1.168	0.09	0.085	0.403	0.377	0.596	0.623	30
281	3674	58.87	6.71	123.534	0.274	0.3	0.094	1.148	0.081	0.077	0.395	0.371	0.604	0.629	30
282	3675	58.87	6.96	118.341	0.262	0.299	0.094	1.164	0.072	0.068	0.383	0.36	0.616	0.64	30
283	3676	58.87	7.21	107.69	0.252	0.301	0.098	1.142	0.073	0.07	0.375	0.355	0.625	0.644	30
284	3677	58.87	7.46	123.875	0.266	0.301	0.099	1.204	0.072	0.07	0.401	0.374	0.599	0.625	30
285	3678	58.87	7.71	134.958	0.268	0.3	0.1	1.289	0.078	0.077	0.413	0.382	0.587	0.618	30
286	3679	58.87	7.96	133.018	0.253	0.3	0.101	1.298	0.081	0.081	0.416	0.387	0.584	0.613	30
287	3680	58.87	8.21	139.92	0.243	0.3	0.103	1.303	0.082	0.084	0.418	0.392	0.582	0.608	30
288	3681	58.87	8.46	143.495	0.225	0.301	0.105	1.304	0.085	0.089	0.417	0.396	0.584	0.604	30
289	3682	58.87	8.71	143.369	0.215	0.303	0.107	1.302	0.089	0.094	0.418	0.4	0.583	0.601	30
290	3683	58.87	8.96	144.964	0.2	0.303	0.107	1.311	0.095	0.1	0.418	0.401	0.583	0.599	30
291	3684	58.87	9.21	140.44	0.188	0.304	0.108	1.313	0.106	0.111	0.426	0.41	0.574	0.59	30
292	3685	58.87	11.46	144.423	0.156	0.299	0.105	1.332	0.112	0.118	0.42	0.403	0.579	0.596	30
293	3686	58.87	11.71	144.932	0.159	0.299	0.102	1.333	0.099	0.106	0.427	0.406	0.572	0.593	30
294	3687	58.87	11.96	157.939	0.154	0.304	0.108	1.346	0.107	0.116	0.445	0.422	0.555	0.577	30
295	3688	58.87	12.21	162.261	0.157	0.304	0.107	1.354	0.108	0.116	0.453	0.431	0.547	0.569	30
296	3689	58.87	12.46	154.833	0.146	0.309	0.114	1.367	0.128	0.135	0.465	0.447	0.535	0.553	30
297	3690	58.87	12.71	148.273	0.133	0.315	0.118	1.366	0.142	0.148	0.458	0.443	0.542	0.557	30
298	3691	58.87	12.96	150.782	0.133	0.316	0.123	1.371	0.15	0.157	0.467	0.453	0.533	0.547	30
299	3692	58.87	13.21	130.38	0.158	0.317	0.12	1.322	0.131	0.136	0.424	0.412	0.576	0.587	30
300	3693	58.87	13.46	125.212	0.197	0.316	0.117	1.28	0.121	0.123	0.403	0.393	0.597	0.607	30
301	3694	58.87	13.71	151.255	0.156	0.316	0.121	1.308	0.125	0.129	0.415	0.398	0.585	0.602	30
302	3695	58.87	13.96	172.177	0.14	0.313	0.122	1.35	0.136	0.141	0.436	0.419	0.564	0.58	30
303	3696	58.87	14.21	192.292	0.135	0.307	0.117	1.38	0.134	0.143	0.442	0.426	0.558	0.573	30
304	3697	58.87	14.46	190.031	0.153	0.299	0.102	1.355	0.099	0.108	0.414	0.398	0.586	0.602	30
305	3698	58.87	14.71	192.049	0.147	0.302	0.103	1.358	0.101	0.11	0.43	0.414	0.569	0.586	30
306	3699	58.87	14.96	192.586	0.142	0.305	0.111	1.386	0.13	0.138	0.473	0.457	0.527	0.542	30
307	3700	58.87	15.21	194.735	0.142	0.304	0.107	1.37	0.119	0.129	0.458	0.443	0.542	0.557	30
308	3701	58.87	15.46	196.354	0.137	0.308	0.112	1.36	0.125	0.135	0.458	0.442	0.542	0.558	30
309	3702	58.87	15.71	194.839	0.137	0.312	0.117	1.358	0.13	0.141	0.457	0.439	0.543	0.561	30
310	3703	58.87	15.96	190.704	0.136	0.318	0.124	1.36	0.142	0.152	0.467	0.449	0.533	0.551	30
311	3704	58.87	16.21	189.2	0.14	0.32	0.126	1.359	0.146	0.156	0.474	0.456	0.526	0.544	30
312	3705	58.87	16.96	179.371	0.128	0.335	0.148	1.373	0.212	0.222	0.523	0.511	0.476	0.489	30
313	3706	58.87	17.21	167.686	0.131	0.333	0.144	1.353	0.203	0.213	0.509	0.498	0.49	0.502	30
314	3707	58.87	23.96	198.882	0.112	0.32	0.13	1.457	0.196	0.21	0.485	0.487	0.515	0.513	30
315	3708	58.87	24.21	199.927	0.114	0.319	0.132	1.475	0.191	0.206	0.485	0.485	0.515	0.514	30
316	3709	58.87	24.46	199.974	0.111	0.316	0.131	1.496	0.176	0.192	0.478	0.475	0.522	0.525	30
317	3710	58.87	24.71	199.988	0.114	0.315	0.128	1.487	0.156	0.174	0.47	0.467	0.53	0.533	30
318	3711	58.87	24.96	199.995	0.111	0.313	0.124	1.488	0.151	0.167	0.48	0.475	0.52	0.525	30
319	3712	58.87	25.21	199.999	0.108	0.309	0.12	1.482	0.14	0.156	0.467	0.461	0.533	0.539	30
320	3713	58.87	25.46	200	0.109	0.312	0.121	1.488	0.14	0.155	0.477	0.471	0.523	0.529	30
321	3714	58.87	25.71	199.999	0.107	0.313	0.122	1.498	0.145	0.16	0.496	0.488	0.504	0.511	30
322	3715	58.87	25.96	199.997	0.108	0.312	0.122	1.508	0.145	0.16	0.496	0.488	0.504	0.512	30
323	3716	58.87	26.21	199.99	0.105	0.31	0.119	1.495	0.137	0.15	0.475	0.467	0.524	0.533	30
324	3717	58.87	26.46	199.998	0.099	0.309	0.12	1.507	0.136	0.149	0.475	0.467	0.524	0.533	30
325	3718	58.87	26.71	199.999	0.093	0.309	0.121	1.52	0.138	0.15	0.473	0.464	0.527	0.535	30
326	3719	58.87	26.96	199.992	0.089	0.309	0.12	1.501	0.13	0.141	0.441	0.433	0.559	0.567	30
327	3720	58.87	27.21	199.882	0.1	0.306	0.117	1.474	0.119	0.129	0.404	0.395	0.596	0.605	30
328	3721	58.87	27.46	199.597	0.1	0.305	0.114	1.465	0.119	0.127	0.408	0.398	0.591	0.602	30
329	3722	58.87	27.71	199.467	0.082	0.314	0.12	1.434	0.131	0.138	0.438	0.43	0.562	0.57	30
330	3723	58.87	27.96	199.866	0.077	0.306	0.114	1.429	0.121	0.132	0.42	0.413	0.58	0.587	30
331	3724	58.87	28.21	199.965	0.086	0.306	0.114	1.425	0.112	0.125	0.43	0.421	0.57	0.579	30
332	3725	58.87	28.46	199.993	0.083	0.308	0.115	1.432	0.114	0.129	0.442	0.433	0.558	0.567	30
333	3726	58.87	28.71	199.981	0.08	0.308	0.115	1.424	0.112	0.127	0.438	0.428	0.563	0.572	30
334	3727	58.87	28.96	199.962	0.078	0.307	0.114	1.401	0.106	0.12	0.419	0.41	0.581	0.59	30
335	3728	58.87	29.21	199.954	0.076	0.305	0.113	1.397	0.107	0.121	0.417	0.408	0.583	0.592	30
336	3729	58.87	29.46	199.919	0.073	0.306	0.114	1.388	0.113	0.127	0.426	0.415	0.574	0.585	30
337	3730	58.87	29.71	199.945	0.071	0.306	0.114	1.398	0.117	0.13	0.43	0.419	0.57	0.581	30
338	3731	58.87	29.96	199.972	0.075	0.308	0.116	1.4	0.122	0.134	0.438	0.427	0.562	0.573	30
339	3732	58.87	30.21	199.939	0.076	0.315	0.121	1.38	0.132	0.145	0.454	0.444	0.547	0.556	30
340	3733	58.87	30.46	199.982	0.067	0.314	0.121	1.4	0.128	0.141	0.453	0.443	0.548	0.557	30
341	3734	58.87	30.71	199.985	0.055	0.318	0.124	1.403	0.133	0.145	0.467	0.458	0.533	0.542	30
342	3735	58.87	30.96	199.942	0.055	0.317	0.121	1.384	0.123	0.133	0.449	0.439	0.551	0.561	30
343	3736	58.87	31.21	199.994	0.055	0.312	0.12	1.401	0.117	0.128	0.43	0.42	0.57	0.58	30
344	3737	58.87	31.46	200	0.049	0.315	0.123	1.417	0.127	0.139	0.453	0.444	0.547	0.556	30
345	3738	58.87	31.71	199.998	0.048	0.318	0.125	1.394	0.133	0.146	0.47	0.461	0.53	0.539	30
346	3739	58.87	31.96	199.998	0.044	0.315	0.122	1.364	0.128	0.14	0.464	0.452	0.536	0.548	30
347	3740	58.87	32.21	200	0.042	0.314	0.123	1.372	0.127	0.14	0.469	0.458	0.531	0.542	30
348	3741	58.87	32.46	199.997	0.047	0.317	0.126	1.35	0.142	0.156	0.493	0.48	0.507	0.52	30
349	3742	58.87	32.71	199.987	0.051	0.318	0.13	1.362	0.144	0.157	0.495	0.48	0.504	0.52	30
350	3743	58.87	32.96	199.959	0.062	0.306	0.125	1.389	0.124	0.137	0.466	0.448	0.534	0.551	30
351	3744	58.87	33.21	199.933	0.065	0.302	0.126	1.409	0.127	0.14	0.48	0.463	0.52	0.537	30
352	3745	58.87	33.46	199.7	0.075	0.302	0.128	1.413	0.132	0.146	0.511	0.491	0.489	0.509	30
353	3746	58.87	33.71	199.836	0.069	0.304	0.13	1.423	0.136	0.146	0.51	0.488	0.49	0.512	30
354	3747	58.87	33.96	199.825	0.066	0.307	0.128	1.405	0.138	0.146	0.495	0.474	0.505	0.526	30
355	3748	58.87	34.21	199.911	0.061	0.306	0.124	1.37	0.137	0.147	0.477	0.46	0.523	0.54	30
356	3749	58.87	34.46	199.962	0.053	0.311	0.125	1.34	0.141	0.152	0.478	0.465	0.522	0.535	30
357	3750	58.87	34.71	199.952	0.045	0.317	0.13	1.321	0.153	0.164	0.516	0.501	0.484	0.499	30
358	3751	58.62	-3.54	191.131	0.185	0.319	0.124	1.317	0.119	0.126	0.455	0.454	0.544	0.546	30
359	3752	58.62	-3.29	191.243	0.175	0.316	0.121	1.314	0.115	0.124	0.439	0.435	0.561	0.565	30
360	3753	58.62	5.96	171.345	0.207	0.318	0.119	1.278	0.131	0.135	0.452	0.43	0.548	0.57	30
361	3754	58.62	6.21	162.45	0.259	0.311	0.11	1.255	0.11	0.111	0.433	0.408	0.567	0.592	30
362	3755	58.62	6.46	151.539	0.274	0.305	0.104	1.231	0.095	0.092	0.413	0.386	0.587	0.614	30
363	3756	58.62	6.71	143.845	0.267	0.301	0.1	1.236	0.09	0.086	0.406	0.377	0.594	0.623	30
364	3757	58.62	6.96	137.424	0.257	0.299	0.1	1.245	0.084	0.081	0.395	0.367	0.605	0.633	30
365	3758	58.62	7.21	128.447	0.257	0.301	0.101	1.211	0.083	0.081	0.393	0.368	0.607	0.632	30
366	3759	58.62	7.46	134.978	0.258	0.301	0.102	1.256	0.084	0.084	0.404	0.379	0.596	0.621	30
367	3760	58.62	7.71	138.22	0.239	0.301	0.103	1.288	0.087	0.087	0.411	0.385	0.59	0.615	30
368	3761	58.62	7.96	139.399	0.223	0.302	0.104	1.288	0.09	0.092	0.421	0.397	0.579	0.603	30
369	3762	58.62	8.21	142.069	0.216	0.305	0.108	1.297	0.096	0.1	0.425	0.406	0.575	0.594	30
370	3763	58.62	8.46	142.57	0.201	0.305	0.11	1.296	0.1	0.104	0.425	0.41	0.575	0.591	30
371	3764	58.62	8.71	143.589	0.184	0.304	0.111	1.31	0.107	0.113	0.424	0.41	0.576	0.59	30
372	3765	58.62	11.46	147.799	0.143	0.305	0.114	1.339	0.131	0.137	0.433	0.417	0.567	0.583	30
373	3766	58.62	11.71	147.025	0.148	0.302	0.108	1.339	0.111	0.118	0.438	0.419	0.561	0.581	30
374	3767	58.62	11.96	151.027	0.142	0.305	0.112	1.354	0.115	0.123	0.452	0.432	0.548	0.568	30
375	3768	58.62	12.21	160.675	0.133	0.308	0.119	1.379	0.133	0.142	0.476	0.459	0.524	0.541	30
376	3769	58.62	12.46	166.626	0.114	0.318	0.134	1.422	0.174	0.182	0.519	0.505	0.481	0.495	30
377	3770	58.62	12.71	153.061	0.116	0.319	0.125	1.401	0.165	0.173	0.484	0.471	0.516	0.529	30
378	3771	58.62	12.96	153.497	0.118	0.319	0.131	1.39	0.175	0.182	0.496	0.483	0.504	0.517	30
379	3772	58.62	13.21	154.298	0.135	0.316	0.128	1.388	0.17	0.178	0.485	0.474	0.514	0.525	30
380	3773	58.62	13.46	171.733	0.143	0.312	0.126	1.383	0.159	0.168	0.473	0.461	0.527	0.539	30
381	3774	58.62	13.71	186.203	0.13	0.311	0.125	1.387	0.157	0.165	0.47	0.456	0.529	0.544	30
382	3775	58.62	13.96	195.864	0.117	0.316	0.134	1.416	0.173	0.181	0.497	0.483	0.503	0.517	30
383	3776	58.62	14.21	197.327	0.13	0.307	0.12	1.399	0.134	0.143	0.453	0.437	0.547	0.562	30
384	3777	58.62	14.46	190.995	0.148	0.301	0.106	1.371	0.109	0.116	0.426	0.409	0.574	0.591	30
385	3778	58.62	14.71	182.746	0.149	0.31	0.111	1.359	0.117	0.123	0.433	0.416	0.567	0.584	30
386	3779	58.62	14.96	191.642	0.134	0.311	0.12	1.397	0.152	0.16	0.482	0.466	0.518	0.534	30
387	3780	58.62	15.21	197.178	0.129	0.31	0.122	1.397	0.158	0.168	0.492	0.479	0.508	0.52	30
388	3781	58.62	15.46	197.665	0.13	0.313	0.125	1.386	0.163	0.173	0.492	0.478	0.508	0.522	30
389	3782	58.62	15.71	195.2	0.135	0.315	0.126	1.37	0.161	0.171	0.477	0.462	0.523	0.538	30
390	3783	58.62	15.96	192.984	0.132	0.323	0.135	1.384	0.183	0.192	0.497	0.483	0.503	0.517	30
391	3784	58.62	16.21	192.281	0.133	0.321	0.138	1.389	0.186	0.194	0.5	0.485	0.5	0.515	30
392	3785	58.62	16.46	187.715	0.137	0.327	0.145	1.385	0.2	0.208	0.501	0.488	0.499	0.512	30
393	3786	58.62	16.71	174.601	0.136	0.329	0.144	1.371	0.201	0.21	0.488	0.476	0.512	0.524	30
394	3787	58.62	22.96	180.034	0.114	0.311	0.125	1.399	0.183	0.196	0.442	0.44	0.558	0.56	30
395	3788	58.62	23.21	180.182	0.118	0.314	0.128	1.395	0.19	0.2	0.462	0.458	0.538	0.542	30
396	3789	58.62	23.71	196.563	0.1	0.314	0.126	1.454	0.186	0.2	0.463	0.462	0.537	0.538	30
397	3790	58.62	23.96	199.713	0.105	0.318	0.129	1.442	0.195	0.209	0.479	0.48	0.521	0.52	30
398	3791	58.62	24.21	199.674	0.101	0.321	0.131	1.426	0.198	0.209	0.489	0.487	0.511	0.513	30
399	3792	58.62	24.46	199.674	0.097	0.319	0.131	1.451	0.187	0.199	0.476	0.472	0.524	0.528	30
400	3793	58.62	24.71	199.936	0.102	0.314	0.126	1.477	0.165	0.181	0.456	0.452	0.544	0.548	30
401	3794	58.62	24.96	199.989	0.096	0.314	0.126	1.48	0.161	0.175	0.465	0.458	0.534	0.542	30
402	3795	58.62	25.21	199.995	0.097	0.308	0.121	1.469	0.142	0.156	0.444	0.436	0.556	0.564	30
403	3796	58.62	25.46	199.999	0.1	0.308	0.121	1.504	0.136	0.152	0.468	0.462	0.531	0.538	30
404	3797	58.62	25.71	199.999	0.097	0.313	0.122	1.5	0.141	0.156	0.489	0.481	0.511	0.519	30
405	3798	58.62	25.96	199.999	0.094	0.314	0.122	1.494	0.138	0.152	0.483	0.475	0.517	0.524	30
406	3799	58.62	26.21	199.997	0.089	0.312	0.12	1.491	0.135	0.149	0.47	0.463	0.529	0.537	30
407	3800	58.62	26.46	199.993	0.09	0.311	0.121	1.518	0.141	0.156	0.49	0.482	0.51	0.518	30
408	3801	58.62	26.71	199.998	0.089	0.31	0.123	1.527	0.147	0.16	0.495	0.486	0.505	0.514	30
409	3802	58.62	26.96	199.998	0.09	0.306	0.12	1.508	0.138	0.152	0.457	0.451	0.542	0.549	30
410	3803	58.62	27.21	199.996	0.089	0.317	0.127	1.47	0.161	0.17	0.486	0.477	0.514	0.523	30
411	3804	58.62	27.46	199.427	0.089	0.314	0.121	1.439	0.135	0.142	0.434	0.425	0.566	0.575	30
412	3805	58.62	27.71	199.342	0.084	0.312	0.118	1.418	0.124	0.132	0.418	0.409	0.582	0.591	30
413	3806	58.62	27.96	199.664	0.077	0.31	0.116	1.428	0.116	0.127	0.416	0.409	0.584	0.59	30
414	3807	58.62	28.21	199.978	0.085	0.305	0.112	1.423	0.1	0.112	0.407	0.397	0.593	0.603	30
415	3808	58.62	28.46	199.998	0.09	0.302	0.111	1.433	0.099	0.111	0.407	0.395	0.593	0.605	30
416	3809	58.62	28.71	199.99	0.092	0.302	0.112	1.435	0.105	0.117	0.422	0.409	0.578	0.591	30
417	3810	58.62	28.96	199.974	0.081	0.304	0.114	1.429	0.11	0.122	0.425	0.412	0.575	0.587	30
418	3811	58.62	29.21	199.967	0.072	0.307	0.115	1.425	0.113	0.125	0.429	0.418	0.571	0.582	30
419	3812	58.62	29.46	199.885	0.076	0.304	0.114	1.412	0.11	0.123	0.426	0.415	0.575	0.585	30
420	3813	58.62	29.71	199.961	0.079	0.308	0.118	1.423	0.121	0.134	0.448	0.437	0.552	0.563	30
421	3814	58.62	29.96	199.993	0.076	0.314	0.123	1.414	0.137	0.15	0.476	0.467	0.524	0.533	30
422	3815	58.62	30.21	199.999	0.066	0.315	0.121	1.418	0.134	0.147	0.471	0.462	0.53	0.538	30
423	3816	58.62	30.46	200	0.063	0.315	0.12	1.418	0.124	0.137	0.449	0.44	0.551	0.56	30
424	3817	58.62	30.71	199.996	0.061	0.316	0.12	1.407	0.126	0.138	0.453	0.443	0.547	0.557	30
425	3818	58.62	30.96	199.995	0.06	0.314	0.12	1.402	0.124	0.136	0.449	0.439	0.551	0.561	30
426	3819	58.62	31.21	199.884	0.056	0.319	0.127	1.398	0.139	0.151	0.472	0.465	0.528	0.535	30
427	3820	58.62	31.46	199.736	0.046	0.322	0.13	1.388	0.15	0.161	0.488	0.483	0.512	0.517	30
428	3821	58.62	31.71	199.97	0.051	0.314	0.123	1.381	0.125	0.136	0.436	0.428	0.564	0.572	30
429	3822	58.62	31.96	200	0.05	0.312	0.122	1.357	0.12	0.131	0.431	0.42	0.569	0.58	30
430	3823	58.62	32.21	200	0.047	0.308	0.119	1.363	0.118	0.128	0.436	0.424	0.563	0.576	30
431	3824	58.62	32.46	199.978	0.056	0.304	0.119	1.366	0.116	0.125	0.452	0.436	0.548	0.564	30
432	3825	58.62	32.71	199.821	0.068	0.304	0.123	1.391	0.12	0.133	0.478	0.46	0.522	0.54	30
433	3826	58.62	32.96	199.878	0.066	0.304	0.126	1.403	0.12	0.134	0.471	0.452	0.529	0.548	30
434	3827	58.62	33.21	199.975	0.062	0.305	0.126	1.409	0.124	0.137	0.472	0.455	0.528	0.545	30
435	3828	58.62	33.46	199.948	0.059	0.306	0.128	1.404	0.129	0.142	0.483	0.466	0.517	0.534	30
436	3829	58.62	33.71	199.921	0.059	0.307	0.131	1.412	0.137	0.149	0.503	0.486	0.497	0.514	30
437	3830	58.62	33.96	199.913	0.057	0.31	0.133	1.405	0.143	0.153	0.511	0.493	0.488	0.507	30
438	3831	58.62	34.21	199.957	0.049	0.311	0.132	1.401	0.143	0.152	0.497	0.48	0.503	0.52	30
439	3832	58.62	34.46	199.986	0.042	0.314	0.134	1.383	0.152	0.162	0.51	0.494	0.49	0.506	30
440	3833	58.62	34.71	199.998	0.038	0.317	0.133	1.345	0.15	0.161	0.51	0.494	0.49	0.506	30
441	3834	58.37	-3.54	189.928	0.191	0.316	0.118	1.283	0.109	0.115	0.409	0.405	0.59	0.595	30
442	3835	58.37	-3.29	192.253	0.184	0.317	0.121	1.297	0.114	0.121	0.428	0.424	0.572	0.575	30
443	3836	58.37	6.21	168.352	0.217	0.315	0.115	1.283	0.136	0.139	0.448	0.427	0.552	0.573	30
444	3837	58.37	6.46	162.875	0.235	0.308	0.109	1.273	0.123	0.124	0.435	0.412	0.565	0.588	30
445	3838	58.37	6.71	158.037	0.237	0.302	0.104	1.284	0.104	0.104	0.42	0.393	0.58	0.608	30
446	3839	58.37	6.96	157.214	0.232	0.301	0.104	1.288	0.099	0.099	0.406	0.379	0.595	0.621	30
447	3840	58.37	7.21	151.601	0.226	0.302	0.105	1.287	0.096	0.097	0.407	0.383	0.593	0.618	30
448	3841	58.37	7.46	148.577	0.217	0.302	0.105	1.299	0.095	0.096	0.411	0.388	0.59	0.612	30
449	3842	58.37	7.71	146.664	0.204	0.303	0.106	1.298	0.098	0.101	0.415	0.395	0.585	0.606	30
450	3843	58.37	7.96	144.385	0.196	0.304	0.108	1.298	0.105	0.108	0.421	0.404	0.578	0.596	30
451	3844	58.37	8.21	141.906	0.187	0.305	0.109	1.297	0.109	0.114	0.42	0.406	0.58	0.594	30
452	3845	58.37	8.46	141.582	0.175	0.307	0.114	1.302	0.121	0.126	0.425	0.413	0.575	0.587	30
453	3846	58.37	8.71	141.86	0.184	0.306	0.112	1.305	0.11	0.115	0.425	0.411	0.575	0.589	30
454	3847	58.37	11.46	140.09	0.132	0.306	0.119	1.353	0.147	0.151	0.43	0.414	0.57	0.586	30
455	3848	58.37	11.96	145.332	0.139	0.303	0.11	1.329	0.116	0.123	0.438	0.42	0.562	0.58	30
456	3849	58.37	12.21	152.676	0.124	0.309	0.121	1.362	0.14	0.149	0.463	0.45	0.537	0.55	30
457	3850	58.37	12.46	162.07	0.121	0.311	0.126	1.401	0.156	0.165	0.485	0.47	0.515	0.529	30
458	3851	58.37	12.71	173.737	0.106	0.316	0.135	1.451	0.179	0.19	0.516	0.502	0.484	0.497	30
459	3852	58.37	12.96	186.324	0.1	0.316	0.143	1.479	0.2	0.211	0.541	0.529	0.459	0.471	30
460	3853	58.37	13.21	195.412	0.106	0.312	0.137	1.474	0.187	0.198	0.524	0.512	0.476	0.488	30
461	3854	58.37	13.46	196.978	0.122	0.307	0.125	1.442	0.153	0.165	0.482	0.469	0.518	0.53	30
462	3855	58.37	13.71	194.008	0.133	0.309	0.124	1.431	0.145	0.157	0.484	0.471	0.516	0.529	30
463	3856	58.37	13.96	198.673	0.127	0.309	0.126	1.429	0.144	0.154	0.486	0.473	0.514	0.526	30
464	3857	58.37	14.21	197.457	0.135	0.303	0.117	1.407	0.125	0.135	0.457	0.443	0.542	0.557	30
465	3858	58.37	14.46	192.756	0.139	0.305	0.115	1.391	0.131	0.139	0.455	0.44	0.545	0.56	30
466	3859	58.37	14.71	192.436	0.117	0.318	0.129	1.422	0.188	0.198	0.519	0.508	0.481	0.492	30
467	3860	58.37	14.96	198.506	0.109	0.316	0.132	1.434	0.192	0.204	0.529	0.519	0.471	0.481	30
468	3861	58.37	15.21	199.684	0.115	0.312	0.132	1.424	0.187	0.198	0.53	0.519	0.47	0.48	30
469	3862	58.37	15.46	199.348	0.118	0.31	0.133	1.419	0.192	0.201	0.529	0.518	0.47	0.481	30
470	3863	58.37	15.71	197.592	0.123	0.314	0.134	1.399	0.192	0.201	0.519	0.507	0.481	0.493	30
471	3864	58.37	15.96	193.487	0.132	0.322	0.138	1.383	0.191	0.199	0.51	0.5	0.49	0.5	30
472	3865	58.37	16.21	182.189	0.139	0.323	0.136	1.364	0.179	0.188	0.494	0.483	0.505	0.517	30
473	3866	58.37	16.46	173.029	0.136	0.327	0.142	1.359	0.195	0.204	0.495	0.485	0.505	0.515	30
474	3867	58.37	16.71	160.022	0.132	0.331	0.145	1.331	0.198	0.206	0.478	0.468	0.522	0.532	30
475	3868	58.37	22.46	183.392	0.104	0.303	0.121	1.408	0.174	0.189	0.402	0.401	0.598	0.599	30
476	3869	58.37	22.71	189.643	0.105	0.307	0.123	1.427	0.177	0.193	0.421	0.423	0.579	0.577	30
477	3870	58.37	22.96	189.363	0.106	0.311	0.124	1.429	0.18	0.194	0.437	0.438	0.563	0.562	30
478	3871	58.37	23.96	199.078	0.107	0.312	0.124	1.456	0.181	0.197	0.439	0.443	0.561	0.557	30
479	3872	58.37	24.21	199.368	0.102	0.316	0.126	1.433	0.187	0.2	0.458	0.458	0.542	0.542	30
480	3873	58.37	24.71	199.884	0.093	0.31	0.125	1.47	0.174	0.187	0.44	0.437	0.56	0.563	30
481	3874	58.37	24.96	199.984	0.091	0.309	0.121	1.459	0.151	0.163	0.419	0.411	0.581	0.589	30
482	3875	58.37	25.21	199.992	0.096	0.308	0.12	1.467	0.138	0.151	0.427	0.419	0.573	0.581	30
483	3876	58.37	25.46	199.998	0.095	0.308	0.123	1.533	0.142	0.157	0.477	0.47	0.523	0.53	30
484	3877	58.37	25.71	199.998	0.092	0.31	0.122	1.531	0.143	0.159	0.49	0.485	0.509	0.515	30
485	3878	58.37	25.96	199.99	0.087	0.316	0.123	1.501	0.131	0.147	0.469	0.464	0.531	0.536	30
486	3879	58.37	26.21	199.944	0.083	0.315	0.123	1.474	0.135	0.149	0.456	0.451	0.543	0.549	30
487	3880	58.37	26.46	199.942	0.086	0.309	0.122	1.505	0.143	0.155	0.475	0.467	0.525	0.533	30
488	3881	58.37	26.71	199.995	0.085	0.307	0.124	1.529	0.148	0.16	0.489	0.481	0.511	0.519	30
489	3882	58.37	26.96	199.995	0.083	0.307	0.121	1.521	0.138	0.151	0.467	0.459	0.533	0.541	30
490	3883	58.37	27.21	199.979	0.078	0.313	0.122	1.453	0.141	0.149	0.447	0.437	0.553	0.563	30
491	3884	58.37	27.46	198.875	0.086	0.321	0.125	1.403	0.14	0.145	0.44	0.431	0.56	0.569	30
492	3885	58.37	27.71	198.196	0.087	0.318	0.122	1.373	0.132	0.137	0.416	0.406	0.584	0.594	30
493	3886	58.37	27.96	199.726	0.08	0.311	0.117	1.392	0.109	0.117	0.386	0.376	0.614	0.624	30
494	3887	58.37	28.21	199.919	0.091	0.301	0.112	1.424	0.087	0.097	0.377	0.365	0.624	0.635	30
495	3888	58.37	28.46	199.858	0.097	0.302	0.112	1.439	0.099	0.11	0.413	0.398	0.588	0.602	30
496	3889	58.37	28.71	199.96	0.097	0.306	0.115	1.44	0.11	0.123	0.44	0.425	0.56	0.575	30
497	3890	58.37	28.96	199.962	0.09	0.307	0.116	1.434	0.116	0.13	0.447	0.434	0.553	0.566	30
498	3891	58.37	29.21	199.988	0.075	0.306	0.115	1.427	0.111	0.124	0.426	0.414	0.574	0.586	30
499	3892	58.37	29.46	199.996	0.078	0.307	0.116	1.417	0.116	0.128	0.437	0.426	0.563	0.574	30
500	3893	58.37	29.71	199.992	0.074	0.315	0.12	1.407	0.127	0.139	0.465	0.454	0.535	0.546	30
501	3894	58.37	29.96	200	0.066	0.317	0.121	1.409	0.127	0.138	0.46	0.449	0.54	0.551	30
502	3895	58.37	30.21	200	0.061	0.32	0.123	1.434	0.128	0.139	0.464	0.454	0.536	0.546	30
503	3896	58.37	30.46	200	0.06	0.32	0.125	1.429	0.129	0.141	0.46	0.451	0.54	0.549	30
504	3897	58.37	30.71	199.973	0.06	0.321	0.126	1.403	0.138	0.151	0.461	0.454	0.539	0.546	30
505	3898	58.37	30.96	199.889	0.056	0.327	0.134	1.392	0.161	0.172	0.498	0.493	0.502	0.507	30
506	3899	58.37	31.21	198.922	0.055	0.334	0.141	1.351	0.187	0.196	0.546	0.544	0.454	0.456	30
507	3900	58.37	31.46	196.397	0.066	0.339	0.139	1.28	0.185	0.188	0.537	0.534	0.463	0.466	30
508	3901	58.37	31.71	199.305	0.048	0.323	0.129	1.361	0.149	0.159	0.471	0.465	0.529	0.535	30
509	3902	58.37	31.96	199.995	0.049	0.31	0.122	1.396	0.119	0.13	0.425	0.414	0.575	0.585	30
510	3903	58.37	32.21	200	0.049	0.309	0.121	1.376	0.115	0.125	0.423	0.411	0.577	0.589	30
511	3904	58.37	32.46	199.989	0.06	0.305	0.118	1.366	0.111	0.119	0.434	0.418	0.566	0.582	30
512	3905	58.37	32.71	199.862	0.072	0.304	0.123	1.399	0.116	0.129	0.478	0.459	0.522	0.541	30
513	3906	58.37	32.96	199.796	0.071	0.305	0.127	1.412	0.126	0.14	0.493	0.475	0.507	0.525	30
514	3907	58.37	33.21	199.886	0.066	0.305	0.124	1.401	0.123	0.136	0.475	0.458	0.525	0.542	30
515	3908	58.37	33.46	199.982	0.052	0.304	0.127	1.409	0.123	0.137	0.47	0.454	0.53	0.546	30
516	3909	58.37	33.71	199.989	0.047	0.306	0.129	1.401	0.129	0.141	0.479	0.463	0.521	0.537	30
517	3910	58.37	33.96	199.99	0.043	0.314	0.135	1.385	0.152	0.164	0.524	0.51	0.476	0.49	30
518	3911	58.37	34.21	199.997	0.041	0.314	0.134	1.396	0.144	0.154	0.498	0.483	0.502	0.517	30
519	3912	58.37	34.46	199.996	0.036	0.317	0.135	1.379	0.148	0.157	0.501	0.484	0.499	0.516	30
520	3913	58.37	34.71	199.998	0.035	0.313	0.13	1.367	0.143	0.152	0.491	0.475	0.509	0.525	30
521	3914	58.12	-7.04	184.682	0.244	0.318	0.115	1.19	0.078	0.083	0.358	0.354	0.642	0.647	30
522	3915	58.12	-6.79	185.855	0.217	0.317	0.116	1.219	0.07	0.077	0.35	0.345	0.65	0.655	30
523	3916	58.12	-5.04	191.674	0.256	0.315	0.113	1.151	0.099	0.099	0.375	0.366	0.624	0.634	30
524	3917	58.12	-4.79	193.015	0.257	0.314	0.112	1.137	0.096	0.096	0.357	0.35	0.643	0.65	30
525	3918	58.12	-4.54	188.732	0.236	0.312	0.111	1.196	0.1	0.101	0.353	0.347	0.647	0.652	30
526	3919	58.12	-4.29	187.272	0.231	0.311	0.11	1.216	0.105	0.106	0.355	0.35	0.645	0.65	30
527	3920	58.12	-4.04	188.687	0.227	0.313	0.112	1.25	0.112	0.113	0.366	0.363	0.634	0.637	30
528	3921	58.12	-3.79	187.283	0.23	0.313	0.114	1.235	0.112	0.114	0.374	0.372	0.626	0.627	30
529	3922	58.12	6.71	164.121	0.184	0.31	0.113	1.301	0.131	0.132	0.437	0.415	0.563	0.585	30
530	3923	58.12	6.96	164.243	0.191	0.306	0.109	1.299	0.124	0.126	0.424	0.403	0.576	0.597	30
531	3924	58.12	7.21	162.533	0.19	0.305	0.11	1.305	0.12	0.124	0.426	0.406	0.574	0.594	30
532	3925	58.12	7.46	158.368	0.186	0.304	0.11	1.311	0.115	0.118	0.421	0.401	0.579	0.599	30
533	3926	58.12	11.96	144.503	0.141	0.303	0.111	1.337	0.122	0.127	0.437	0.417	0.563	0.583	30
534	3927	58.12	12.21	150.085	0.135	0.302	0.113	1.358	0.119	0.126	0.446	0.427	0.553	0.573	30
535	3928	58.12	12.46	155.677	0.134	0.3	0.111	1.367	0.115	0.123	0.442	0.425	0.558	0.575	30
536	3929	58.12	12.71	179.972	0.122	0.3	0.117	1.414	0.13	0.14	0.459	0.445	0.541	0.555	30
537	3930	58.12	12.96	192.537	0.123	0.3	0.119	1.434	0.135	0.146	0.467	0.453	0.533	0.547	30
538	3931	58.12	13.21	196.765	0.13	0.3	0.114	1.413	0.115	0.127	0.444	0.43	0.556	0.571	30
539	3932	58.12	13.46	198.576	0.127	0.305	0.119	1.424	0.124	0.135	0.456	0.445	0.544	0.555	30
540	3933	58.12	13.71	198.432	0.132	0.305	0.121	1.438	0.13	0.142	0.466	0.456	0.534	0.544	30
541	3934	58.12	13.96	197.32	0.154	0.297	0.11	1.404	0.098	0.109	0.421	0.406	0.579	0.594	30
542	3935	58.12	14.21	194.811	0.148	0.3	0.113	1.396	0.12	0.129	0.444	0.43	0.556	0.57	30
543	3936	58.12	14.46	190.267	0.144	0.305	0.116	1.385	0.136	0.143	0.469	0.454	0.531	0.546	30
544	3937	58.12	14.71	196.006	0.14	0.299	0.109	1.386	0.116	0.126	0.44	0.425	0.56	0.575	30
545	3938	58.12	14.96	198.93	0.144	0.3	0.108	1.383	0.111	0.121	0.441	0.426	0.558	0.574	30
546	3939	58.12	15.21	197.433	0.156	0.301	0.107	1.368	0.101	0.111	0.432	0.417	0.567	0.583	30
547	3940	58.12	15.46	197.787	0.156	0.301	0.108	1.368	0.108	0.118	0.443	0.428	0.557	0.572	30
548	3941	58.12	15.71	194.262	0.15	0.308	0.118	1.365	0.138	0.147	0.473	0.462	0.526	0.538	30
549	3942	58.12	15.96	182.079	0.153	0.31	0.117	1.349	0.135	0.144	0.466	0.456	0.534	0.543	30
550	3943	58.12	16.21	171.678	0.153	0.314	0.121	1.34	0.15	0.159	0.477	0.468	0.523	0.532	30
551	3944	58.12	16.46	165.97	0.14	0.325	0.137	1.328	0.181	0.19	0.486	0.477	0.514	0.523	30
552	3945	58.12	16.71	152.997	0.135	0.33	0.143	1.309	0.188	0.195	0.455	0.445	0.545	0.555	30
553	3946	58.12	24.71	199.747	0.096	0.307	0.12	1.474	0.146	0.163	0.413	0.413	0.587	0.587	30
554	3947	58.12	24.96	199.993	0.098	0.306	0.118	1.485	0.128	0.144	0.414	0.409	0.586	0.591	30
555	3948	58.12	25.21	199.999	0.095	0.308	0.119	1.509	0.133	0.149	0.45	0.445	0.549	0.555	30
556	3949	58.12	25.46	199.998	0.091	0.307	0.121	1.529	0.141	0.158	0.473	0.469	0.526	0.531	30
557	3950	58.12	25.71	199.999	0.094	0.305	0.119	1.529	0.136	0.152	0.462	0.457	0.538	0.543	30
558	3951	58.12	25.96	199.988	0.09	0.307	0.121	1.517	0.133	0.147	0.457	0.451	0.543	0.549	30
559	3952	58.12	26.21	199.964	0.091	0.306	0.121	1.523	0.133	0.147	0.454	0.447	0.546	0.553	30
560	3953	58.12	26.46	199.982	0.097	0.304	0.12	1.528	0.131	0.145	0.454	0.447	0.546	0.553	30
561	3954	58.12	26.71	199.996	0.097	0.303	0.12	1.521	0.13	0.143	0.449	0.441	0.551	0.559	30
562	3955	58.12	26.96	199.998	0.091	0.302	0.12	1.522	0.123	0.135	0.438	0.429	0.562	0.571	30
563	3956	58.12	27.21	199.999	0.082	0.303	0.119	1.503	0.118	0.131	0.428	0.419	0.572	0.581	30
564	3957	58.12	27.46	199.816	0.08	0.311	0.122	1.456	0.132	0.141	0.44	0.431	0.56	0.568	30
565	3958	58.12	27.71	199.522	0.081	0.321	0.125	1.374	0.15	0.154	0.451	0.442	0.549	0.558	30
566	3959	58.12	27.96	199.146	0.079	0.32	0.124	1.364	0.132	0.138	0.425	0.416	0.575	0.584	30
567	3960	58.12	28.21	199.749	0.085	0.308	0.117	1.41	0.105	0.115	0.41	0.401	0.59	0.599	30
568	3961	58.12	28.46	199.865	0.093	0.306	0.115	1.427	0.107	0.12	0.433	0.421	0.567	0.579	30
569	3962	58.12	28.71	199.973	0.093	0.307	0.116	1.422	0.112	0.126	0.441	0.428	0.559	0.572	30
570	3963	58.12	28.96	199.972	0.09	0.306	0.115	1.425	0.112	0.127	0.435	0.423	0.564	0.577	30
571	3964	58.12	29.21	199.988	0.08	0.304	0.114	1.423	0.11	0.123	0.422	0.41	0.577	0.59	30
572	3965	58.12	29.46	199.998	0.072	0.313	0.118	1.418	0.118	0.131	0.446	0.435	0.554	0.565	30
573	3966	58.12	29.71	200	0.071	0.317	0.12	1.417	0.125	0.137	0.457	0.446	0.543	0.554	30
574	3967	58.12	29.96	200	0.061	0.319	0.123	1.428	0.13	0.142	0.466	0.456	0.534	0.544	30
575	3968	58.12	30.21	200	0.053	0.32	0.126	1.433	0.14	0.151	0.479	0.471	0.521	0.529	30
576	3969	58.12	30.46	200	0.049	0.321	0.13	1.437	0.148	0.16	0.484	0.475	0.516	0.525	30
577	3970	58.12	30.71	199.963	0.045	0.324	0.135	1.43	0.163	0.175	0.504	0.497	0.496	0.503	30
578	3971	58.12	30.96	199.868	0.045	0.328	0.138	1.415	0.18	0.19	0.53	0.523	0.47	0.477	30
579	3972	58.12	31.21	199.349	0.049	0.332	0.142	1.36	0.198	0.206	0.547	0.544	0.453	0.456	30
580	3973	58.12	31.46	197.429	0.067	0.336	0.137	1.29	0.181	0.184	0.515	0.511	0.485	0.489	30
581	3974	58.12	31.71	199.011	0.057	0.323	0.129	1.351	0.146	0.153	0.453	0.446	0.547	0.553	30
582	3975	58.12	31.96	199.981	0.053	0.314	0.125	1.391	0.128	0.14	0.433	0.423	0.567	0.577	30
583	3976	58.12	32.21	199.999	0.05	0.315	0.126	1.364	0.126	0.137	0.434	0.423	0.566	0.577	30
584	3977	58.12	32.46	199.985	0.055	0.31	0.122	1.357	0.118	0.128	0.439	0.426	0.561	0.574	30
585	3978	58.12	32.71	199.928	0.064	0.31	0.127	1.382	0.131	0.144	0.492	0.475	0.508	0.525	30
586	3979	58.12	32.96	199.8	0.073	0.307	0.128	1.406	0.13	0.145	0.512	0.493	0.488	0.507	30
587	3980	58.12	33.21	199.799	0.08	0.304	0.123	1.392	0.123	0.134	0.496	0.476	0.504	0.524	30
588	3981	58.12	33.46	199.891	0.064	0.308	0.126	1.393	0.127	0.139	0.483	0.463	0.517	0.537	30
589	3982	58.12	33.71	199.98	0.052	0.307	0.129	1.407	0.13	0.142	0.481	0.462	0.519	0.538	30
590	3983	58.12	33.96	199.986	0.045	0.313	0.133	1.39	0.141	0.152	0.491	0.474	0.509	0.526	30
591	3984	58.12	34.21	199.986	0.043	0.316	0.135	1.381	0.142	0.151	0.487	0.47	0.514	0.53	30
592	3985	58.12	34.46	199.997	0.039	0.317	0.135	1.375	0.139	0.148	0.479	0.463	0.521	0.537	30
593	3986	58.12	34.71	199.998	0.034	0.312	0.129	1.368	0.134	0.144	0.466	0.45	0.534	0.55	30
594	3987	57.87	-5.04	190.054	0.262	0.314	0.112	1.145	0.098	0.098	0.355	0.347	0.645	0.653	30
595	3988	57.87	-4.79	184.513	0.27	0.312	0.111	1.153	0.097	0.098	0.342	0.34	0.658	0.66	30
596	3989	57.87	-4.54	182.7	0.252	0.307	0.11	1.192	0.103	0.103	0.351	0.347	0.649	0.652	30
597	3990	57.87	-4.29	182.671	0.228	0.307	0.111	1.244	0.106	0.109	0.377	0.369	0.623	0.631	30
598	3991	57.87	12.21	150.45	0.139	0.299	0.108	1.348	0.106	0.112	0.433	0.411	0.567	0.589	30
599	3992	57.87	12.46	148.657	0.149	0.296	0.102	1.338	0.093	0.098	0.419	0.395	0.581	0.605	30
600	3993	57.87	12.71	162.481	0.147	0.291	0.098	1.354	0.083	0.09	0.408	0.386	0.592	0.615	30
601	3994	57.87	12.96	184.751	0.147	0.292	0.099	1.377	0.085	0.094	0.415	0.393	0.586	0.607	30
602	3995	57.87	13.21	192.93	0.144	0.293	0.103	1.391	0.088	0.098	0.414	0.397	0.587	0.603	30
603	3996	57.87	13.46	195.904	0.145	0.295	0.105	1.395	0.089	0.099	0.411	0.397	0.589	0.603	30
604	3997	57.87	13.71	195.676	0.153	0.294	0.102	1.386	0.074	0.084	0.39	0.375	0.61	0.626	30
605	3998	57.87	13.96	197.057	0.156	0.291	0.102	1.395	0.08	0.091	0.387	0.372	0.614	0.628	30
606	3999	57.87	14.21	194.753	0.154	0.298	0.111	1.404	0.116	0.125	0.443	0.429	0.557	0.571	30
607	4000	57.87	14.46	193.752	0.151	0.298	0.109	1.39	0.106	0.117	0.43	0.418	0.57	0.582	30
608	4001	57.87	14.71	198.331	0.148	0.298	0.107	1.385	0.098	0.11	0.42	0.41	0.58	0.59	30
609	4002	57.87	14.96	198.727	0.155	0.301	0.108	1.385	0.102	0.113	0.432	0.42	0.567	0.58	30
610	4003	57.87	15.21	196.811	0.162	0.3	0.105	1.369	0.096	0.105	0.426	0.412	0.574	0.588	30
611	4004	57.87	15.46	196.673	0.164	0.298	0.102	1.365	0.096	0.105	0.432	0.417	0.568	0.583	30
612	4005	57.87	15.71	192.048	0.157	0.302	0.108	1.362	0.113	0.122	0.447	0.435	0.553	0.565	30
613	4006	57.87	15.96	178.555	0.153	0.305	0.112	1.345	0.118	0.126	0.444	0.435	0.556	0.565	30
614	4007	57.87	16.21	172.183	0.147	0.311	0.12	1.334	0.141	0.15	0.461	0.453	0.539	0.547	30
615	4008	57.87	24.46	197.282	0.096	0.311	0.122	1.452	0.155	0.167	0.414	0.413	0.586	0.587	30
616	4009	57.87	24.71	199.851	0.1	0.314	0.122	1.468	0.143	0.159	0.444	0.445	0.555	0.555	30
617	4010	57.87	24.96	199.995	0.1	0.313	0.123	1.478	0.14	0.156	0.452	0.451	0.547	0.549	30
618	4011	57.87	25.21	199.969	0.086	0.313	0.124	1.492	0.151	0.166	0.478	0.474	0.522	0.525	30
619	4012	57.87	25.46	199.992	0.087	0.307	0.121	1.503	0.139	0.155	0.46	0.456	0.54	0.544	30
620	4013	57.87	25.71	199.936	0.097	0.305	0.117	1.495	0.125	0.139	0.428	0.423	0.572	0.577	30
621	4014	57.87	25.96	199.974	0.096	0.303	0.117	1.499	0.121	0.135	0.422	0.415	0.578	0.584	30
622	4015	57.87	26.21	199.991	0.092	0.304	0.119	1.525	0.128	0.142	0.44	0.433	0.56	0.567	30
623	4016	57.87	26.46	199.985	0.093	0.305	0.12	1.527	0.132	0.147	0.45	0.443	0.55	0.557	30
624	4017	57.87	26.71	199.997	0.092	0.303	0.119	1.523	0.124	0.138	0.438	0.429	0.562	0.571	30
625	4018	57.87	26.96	199.995	0.092	0.302	0.119	1.521	0.123	0.136	0.441	0.433	0.559	0.567	30
626	4019	57.87	27.21	199.997	0.091	0.301	0.117	1.51	0.119	0.132	0.425	0.416	0.575	0.584	30
627	4020	57.87	27.46	199.992	0.086	0.299	0.116	1.489	0.111	0.124	0.401	0.394	0.599	0.606	30
628	4021	57.87	27.71	199.917	0.085	0.304	0.118	1.429	0.119	0.129	0.406	0.399	0.594	0.6	30
629	4022	57.87	27.96	199.162	0.082	0.319	0.127	1.382	0.156	0.164	0.479	0.472	0.521	0.528	30
630	4023	57.87	28.21	199.747	0.07	0.317	0.125	1.404	0.145	0.155	0.471	0.466	0.529	0.534	30
631	4024	57.87	28.46	199.999	0.069	0.308	0.116	1.42	0.116	0.128	0.428	0.422	0.572	0.578	30
632	4025	57.87	28.71	199.999	0.076	0.305	0.115	1.417	0.112	0.126	0.42	0.412	0.58	0.588	30
633	4026	57.87	28.96	199.984	0.077	0.31	0.118	1.418	0.123	0.134	0.444	0.434	0.555	0.566	30
634	4027	57.87	29.21	199.984	0.075	0.309	0.116	1.413	0.12	0.132	0.435	0.424	0.565	0.576	30
635	4028	57.87	29.46	199.999	0.066	0.315	0.12	1.431	0.129	0.141	0.462	0.452	0.538	0.548	30
636	4029	57.87	29.71	200	0.059	0.318	0.123	1.44	0.134	0.146	0.473	0.464	0.527	0.536	30
637	4030	57.87	29.96	200	0.052	0.319	0.126	1.437	0.138	0.15	0.478	0.469	0.522	0.531	30
638	4031	57.87	30.21	200	0.05	0.319	0.126	1.422	0.142	0.153	0.481	0.471	0.519	0.529	30
639	4032	57.87	30.46	199.998	0.051	0.32	0.126	1.413	0.14	0.151	0.478	0.467	0.522	0.533	30
640	4033	57.87	30.71	199.999	0.048	0.325	0.133	1.407	0.16	0.17	0.507	0.495	0.493	0.505	30
641	4034	57.87	30.96	199.999	0.043	0.326	0.134	1.424	0.164	0.174	0.508	0.495	0.492	0.505	30
642	4035	57.87	31.21	199.99	0.039	0.324	0.135	1.419	0.173	0.185	0.507	0.5	0.493	0.5	30
643	4036	57.87	31.46	199.953	0.043	0.323	0.13	1.415	0.151	0.162	0.463	0.455	0.537	0.545	30
644	4037	57.87	31.71	199.968	0.047	0.317	0.125	1.399	0.131	0.142	0.427	0.416	0.573	0.584	30
645	4038	57.87	31.96	199.999	0.052	0.315	0.125	1.402	0.134	0.145	0.448	0.437	0.552	0.563	30
646	4039	57.87	32.21	199.998	0.05	0.314	0.125	1.393	0.132	0.143	0.45	0.439	0.55	0.561	30
647	4040	57.87	32.46	199.979	0.052	0.316	0.129	1.373	0.139	0.151	0.479	0.467	0.522	0.533	30
648	4041	57.87	32.71	199.807	0.067	0.315	0.132	1.386	0.142	0.157	0.52	0.503	0.48	0.497	30
649	4042	57.87	32.96	199.555	0.076	0.309	0.129	1.396	0.128	0.141	0.504	0.482	0.496	0.518	30
650	4043	57.87	33.21	199.474	0.078	0.305	0.123	1.378	0.123	0.134	0.511	0.489	0.489	0.511	30
651	4044	57.87	33.46	199.85	0.069	0.306	0.123	1.371	0.126	0.137	0.502	0.48	0.498	0.52	30
652	4045	57.87	33.71	199.972	0.058	0.309	0.128	1.388	0.133	0.144	0.479	0.46	0.521	0.54	30
653	4046	57.87	33.96	199.993	0.051	0.314	0.133	1.393	0.141	0.152	0.485	0.468	0.515	0.532	30
654	4047	57.87	34.21	199.966	0.046	0.317	0.136	1.382	0.143	0.152	0.499	0.484	0.501	0.517	30
655	4048	57.87	34.46	199.988	0.04	0.317	0.136	1.373	0.145	0.154	0.5	0.485	0.5	0.515	30
656	4049	57.87	34.71	199.998	0.038	0.312	0.131	1.362	0.149	0.161	0.498	0.483	0.502	0.517	30
657	4050	57.62	-7.54	186.407	0.163	0.317	0.119	1.273	0.086	0.089	0.388	0.368	0.612	0.632	30
658	4051	57.62	-7.29	185.197	0.166	0.316	0.119	1.268	0.082	0.087	0.383	0.363	0.618	0.637	30
659	4052	57.62	-5.54	187.081	0.265	0.317	0.113	1.14	0.109	0.108	0.387	0.37	0.613	0.629	30
660	4053	57.62	-5.29	191.17	0.28	0.316	0.113	1.122	0.101	0.1	0.366	0.354	0.634	0.646	30
661	4054	57.62	-5.04	188.267	0.28	0.313	0.111	1.146	0.097	0.096	0.361	0.351	0.639	0.649	30
662	4055	57.62	-4.79	184.423	0.279	0.311	0.111	1.177	0.094	0.095	0.352	0.347	0.648	0.653	30
663	4056	57.62	-4.54	183.459	0.259	0.31	0.114	1.223	0.111	0.114	0.386	0.381	0.614	0.619	30
664	4057	57.62	-4.29	186.103	0.216	0.31	0.118	1.289	0.128	0.133	0.435	0.427	0.565	0.573	30
665	4058	57.62	-3.54	188.44	0.197	0.305	0.119	1.323	0.119	0.125	0.392	0.386	0.608	0.614	30
666	4059	57.62	-3.29	190.796	0.189	0.304	0.12	1.337	0.123	0.13	0.406	0.398	0.593	0.602	30
667	4060	57.62	-3.04	190.453	0.193	0.308	0.122	1.329	0.131	0.138	0.433	0.426	0.567	0.574	30
668	4061	57.62	-2.79	192.831	0.197	0.312	0.127	1.341	0.146	0.154	0.47	0.462	0.529	0.538	30
669	4062	57.62	-2.54	195.863	0.192	0.313	0.131	1.364	0.154	0.163	0.489	0.482	0.51	0.518	30
670	4063	57.62	-2.29	194.096	0.184	0.313	0.13	1.363	0.152	0.161	0.488	0.485	0.511	0.515	30
671	4064	57.62	-2.04	196.62	0.173	0.31	0.13	1.375	0.151	0.16	0.468	0.463	0.533	0.537	30
672	4065	57.62	9.96	198.423	0.079	0.288	0.116	1.432	0.125	0.135	0.352	0.348	0.648	0.652	30
673	4066	57.62	10.21	196.077	0.08	0.289	0.116	1.426	0.125	0.133	0.34	0.332	0.66	0.668	30
674	4067	57.62	11.96	162.776	0.132	0.295	0.114	1.393	0.135	0.139	0.426	0.406	0.574	0.594	30
675	4068	57.62	12.21	149.34	0.14	0.295	0.107	1.349	0.104	0.109	0.418	0.394	0.582	0.605	30
676	4069	57.62	12.46	149.685	0.152	0.294	0.101	1.334	0.088	0.094	0.412	0.388	0.588	0.612	30
677	4070	57.62	12.71	156.73	0.155	0.29	0.096	1.344	0.076	0.084	0.398	0.375	0.603	0.625	30
678	4071	57.62	12.96	176.886	0.155	0.29	0.096	1.36	0.074	0.082	0.395	0.374	0.605	0.626	30
