# Command file for Castanea
# Generated on Rstudio by user vandermeersch, on the 2023-06-23

# The filenames below are relative to the folder containing this command file
castaneaFileName	=	CastaneaSpecies_08_2021.txt
inventoryFileName	=	C:/Users/vandermeersch/Documents/CEFE/phd/hindcasting/simulation/castanea/run/inventory.txt

climateBaseName	=	D:/climate/HadCM3B_60Kyr_Climate/2023_dataset/castanea_format/025deg/5500BP/
climateExtension	=	.txt
simulationName	=	ind1_


#	siteId	gridName	latitude	longitude	soilHeight	stone	wfc	wilt	bulk	SOLCLAYtop	SOLCLAYsol	SOLFINtop	SOLFINsol	SOLSANDtop	SOLSANDsol	numberOfYears
1	1342	65.62	13.21	147.637	0.261	0.301	0.097	1.252	0.083	0.083	0.421	0.394	0.579	0.606	30
2	1343	65.62	13.46	144.403	0.238	0.303	0.097	1.231	0.078	0.079	0.423	0.393	0.577	0.606	30
3	1344	65.62	13.71	132.767	0.246	0.304	0.099	1.218	0.079	0.079	0.429	0.402	0.571	0.598	30
4	1345	65.62	13.96	143.893	0.23	0.302	0.099	1.255	0.08	0.08	0.442	0.412	0.558	0.588	30
5	1346	65.62	14.21	128.687	0.235	0.299	0.094	1.23	0.071	0.068	0.437	0.403	0.563	0.597	30
6	1347	65.62	14.46	116.071	0.251	0.299	0.094	1.198	0.066	0.062	0.43	0.403	0.57	0.597	30
7	1348	65.62	14.71	128.981	0.24	0.3	0.095	1.187	0.066	0.062	0.439	0.412	0.561	0.587	30
8	1349	65.62	14.96	152.8	0.225	0.3	0.096	1.196	0.068	0.064	0.456	0.424	0.544	0.576	30
9	1350	65.62	15.21	165.217	0.227	0.3	0.096	1.234	0.066	0.062	0.463	0.425	0.538	0.574	30
10	1351	65.62	15.46	170.689	0.231	0.301	0.097	1.249	0.063	0.059	0.461	0.419	0.539	0.581	30
11	1352	65.62	15.71	170.175	0.23	0.3	0.097	1.248	0.066	0.063	0.453	0.414	0.547	0.586	30
12	1353	65.62	15.96	179.409	0.214	0.3	0.097	1.266	0.065	0.062	0.461	0.422	0.54	0.578	30
13	1354	65.62	16.21	182.48	0.204	0.3	0.095	1.272	0.063	0.062	0.461	0.426	0.539	0.574	30
14	1355	65.62	16.46	187.873	0.198	0.299	0.094	1.303	0.065	0.065	0.463	0.432	0.537	0.569	30
15	1356	65.62	16.71	193.231	0.188	0.299	0.092	1.322	0.068	0.068	0.468	0.438	0.532	0.563	30
16	1357	65.62	16.96	196.955	0.178	0.298	0.091	1.322	0.068	0.069	0.461	0.433	0.539	0.567	30
17	1358	65.62	17.21	197.744	0.179	0.295	0.091	1.321	0.058	0.06	0.443	0.417	0.557	0.583	30
18	1359	65.62	17.46	196.669	0.184	0.296	0.092	1.318	0.062	0.063	0.449	0.421	0.552	0.579	30
19	1360	65.62	17.71	197.65	0.17	0.3	0.092	1.298	0.066	0.066	0.46	0.43	0.54	0.57	30
20	1361	65.62	17.96	197.614	0.161	0.305	0.093	1.264	0.068	0.069	0.465	0.435	0.535	0.565	30
21	1362	65.62	18.21	195	0.166	0.305	0.095	1.272	0.063	0.064	0.462	0.432	0.538	0.568	30
22	1363	65.62	18.46	193.891	0.174	0.299	0.092	1.306	0.055	0.057	0.445	0.416	0.555	0.584	30
23	1364	65.62	18.71	196.22	0.173	0.297	0.09	1.311	0.051	0.055	0.43	0.404	0.57	0.596	30
24	1365	65.62	18.96	196.239	0.167	0.298	0.09	1.314	0.052	0.058	0.43	0.405	0.57	0.595	30
25	1366	65.62	19.21	197.353	0.162	0.297	0.089	1.318	0.05	0.057	0.423	0.4	0.577	0.6	30
26	1367	65.62	19.46	199.355	0.158	0.299	0.089	1.309	0.05	0.056	0.416	0.393	0.584	0.606	30
27	1368	65.62	19.71	199.058	0.164	0.301	0.09	1.32	0.05	0.056	0.419	0.397	0.58	0.603	30
28	1369	65.62	19.96	198.395	0.171	0.299	0.09	1.334	0.049	0.055	0.422	0.401	0.578	0.599	30
29	1370	65.62	20.21	198.668	0.179	0.299	0.089	1.339	0.05	0.057	0.418	0.399	0.581	0.601	30
30	1371	65.62	20.46	199.248	0.174	0.3	0.09	1.335	0.057	0.064	0.418	0.398	0.582	0.601	30
31	1372	65.62	20.71	199.363	0.171	0.301	0.091	1.336	0.063	0.071	0.423	0.403	0.577	0.597	30
32	1373	65.62	20.96	199.554	0.169	0.299	0.092	1.33	0.067	0.075	0.42	0.398	0.58	0.602	30
33	1374	65.62	25.96	199.667	0.132	0.299	0.099	1.325	0.061	0.074	0.38	0.357	0.62	0.643	30
34	1375	65.62	26.21	199.62	0.12	0.302	0.098	1.308	0.068	0.079	0.408	0.389	0.592	0.611	30
35	1376	65.62	26.46	199.415	0.125	0.299	0.096	1.316	0.061	0.073	0.394	0.377	0.606	0.623	30
36	1377	65.62	26.71	199.547	0.132	0.296	0.094	1.326	0.056	0.068	0.382	0.368	0.618	0.632	30
37	1378	65.62	26.96	199.555	0.133	0.296	0.093	1.323	0.053	0.064	0.371	0.36	0.629	0.64	30
38	1379	65.62	27.21	199.779	0.133	0.298	0.094	1.333	0.05	0.06	0.375	0.363	0.625	0.637	30
39	1380	65.62	27.46	199.394	0.148	0.296	0.089	1.358	0.051	0.06	0.399	0.384	0.601	0.616	30
40	1381	65.62	27.71	198.886	0.159	0.293	0.086	1.362	0.054	0.061	0.41	0.394	0.59	0.606	30
41	1382	65.62	27.96	198.554	0.159	0.293	0.086	1.362	0.053	0.059	0.405	0.387	0.596	0.614	30
42	1383	65.62	28.21	198.41	0.155	0.295	0.087	1.354	0.054	0.06	0.408	0.39	0.592	0.61	30
43	1384	65.62	28.46	197.51	0.153	0.297	0.09	1.353	0.053	0.06	0.407	0.389	0.593	0.611	30
44	1385	65.62	28.71	192.298	0.151	0.298	0.092	1.313	0.052	0.059	0.394	0.377	0.606	0.623	30
45	1386	65.62	28.96	186.491	0.148	0.298	0.093	1.304	0.051	0.058	0.392	0.376	0.608	0.624	30
46	1387	65.62	29.21	183.994	0.149	0.296	0.091	1.316	0.048	0.056	0.391	0.376	0.609	0.624	30
47	1388	65.62	29.46	189.701	0.152	0.293	0.089	1.331	0.045	0.054	0.386	0.372	0.614	0.628	30
48	1389	65.62	29.71	191.002	0.149	0.292	0.088	1.338	0.045	0.054	0.382	0.367	0.617	0.633	30
49	1390	65.62	29.96	191.554	0.137	0.291	0.089	1.329	0.044	0.054	0.388	0.37	0.611	0.63	30
50	1391	65.62	30.21	194.752	0.132	0.291	0.092	1.323	0.046	0.055	0.402	0.383	0.598	0.617	30
51	1392	65.62	30.46	197.589	0.136	0.293	0.093	1.331	0.05	0.059	0.405	0.387	0.594	0.613	30
52	1393	65.62	30.71	196.894	0.141	0.294	0.095	1.34	0.051	0.06	0.401	0.385	0.599	0.615	30
53	1394	65.62	30.96	195.372	0.134	0.295	0.095	1.334	0.054	0.063	0.403	0.388	0.597	0.612	30
54	1395	65.62	31.21	197.047	0.128	0.298	0.096	1.332	0.058	0.066	0.413	0.398	0.586	0.602	30
55	1396	65.62	31.46	197.808	0.126	0.301	0.097	1.336	0.057	0.065	0.413	0.397	0.586	0.603	30
56	1397	65.62	31.71	193.773	0.133	0.31	0.106	1.336	0.068	0.075	0.421	0.402	0.579	0.598	30
57	1398	65.62	31.96	187.548	0.136	0.32	0.117	1.329	0.087	0.094	0.443	0.424	0.557	0.575	30
58	1399	65.62	32.21	185.927	0.136	0.319	0.116	1.317	0.088	0.094	0.441	0.422	0.559	0.577	30
59	1400	65.62	32.46	195.718	0.12	0.307	0.101	1.321	0.054	0.063	0.384	0.371	0.616	0.629	30
60	1401	65.62	32.71	198.317	0.12	0.308	0.102	1.315	0.054	0.065	0.382	0.372	0.618	0.627	30
61	1402	65.62	32.96	198.627	0.129	0.311	0.105	1.319	0.061	0.07	0.376	0.368	0.624	0.632	30
62	1403	65.62	33.21	199.478	0.127	0.31	0.104	1.301	0.065	0.073	0.364	0.357	0.636	0.643	30
63	1404	65.62	33.46	199.446	0.125	0.314	0.108	1.257	0.073	0.079	0.367	0.36	0.633	0.64	30
64	1405	65.62	33.71	199.654	0.112	0.314	0.108	1.216	0.07	0.076	0.37	0.363	0.63	0.637	30
65	1406	65.62	33.96	199.697	0.103	0.315	0.108	1.206	0.068	0.075	0.374	0.366	0.626	0.634	30
66	1407	65.62	34.21	199.627	0.097	0.315	0.111	1.205	0.069	0.075	0.375	0.366	0.625	0.634	30
67	1408	65.37	12.96	115.428	0.289	0.303	0.098	1.221	0.082	0.081	0.418	0.395	0.582	0.605	30
68	1409	65.37	13.21	132.042	0.272	0.301	0.097	1.241	0.075	0.074	0.414	0.389	0.586	0.61	30
69	1410	65.37	13.46	139.897	0.249	0.301	0.096	1.243	0.074	0.074	0.421	0.393	0.578	0.606	30
70	1411	65.37	13.71	123.613	0.268	0.302	0.099	1.232	0.078	0.077	0.421	0.397	0.579	0.603	30
71	1412	65.37	13.96	130.774	0.249	0.3	0.097	1.247	0.076	0.074	0.433	0.409	0.567	0.591	30
72	1413	65.37	14.21	133.122	0.247	0.298	0.095	1.231	0.071	0.067	0.437	0.407	0.563	0.592	30
73	1414	65.37	14.46	132.594	0.246	0.299	0.094	1.189	0.067	0.063	0.436	0.409	0.564	0.591	30
74	1415	65.37	14.71	144.112	0.232	0.3	0.094	1.187	0.066	0.061	0.444	0.415	0.556	0.584	30
75	1416	65.37	14.96	161.623	0.221	0.301	0.095	1.197	0.062	0.058	0.452	0.419	0.548	0.581	30
76	1417	65.37	15.21	169.081	0.223	0.301	0.096	1.224	0.061	0.058	0.451	0.414	0.549	0.585	30
77	1418	65.37	15.46	174.52	0.234	0.3	0.097	1.251	0.061	0.058	0.446	0.407	0.554	0.592	30
78	1419	65.37	15.71	178.965	0.231	0.3	0.097	1.276	0.064	0.062	0.45	0.413	0.55	0.587	30
79	1420	65.37	15.96	192.678	0.202	0.3	0.093	1.323	0.062	0.062	0.462	0.427	0.538	0.573	30
80	1421	65.37	16.21	194.743	0.191	0.3	0.091	1.335	0.064	0.065	0.469	0.44	0.531	0.56	30
81	1422	65.37	16.46	196.123	0.184	0.301	0.092	1.33	0.07	0.072	0.473	0.447	0.527	0.553	30
82	1423	65.37	16.71	196.429	0.18	0.301	0.092	1.33	0.071	0.073	0.469	0.443	0.531	0.557	30
83	1424	65.37	16.96	194.778	0.18	0.299	0.092	1.322	0.071	0.072	0.463	0.438	0.537	0.562	30
84	1425	65.37	17.21	194.193	0.184	0.297	0.091	1.319	0.066	0.067	0.454	0.429	0.546	0.571	30
85	1426	65.37	17.46	198.545	0.174	0.299	0.091	1.308	0.065	0.066	0.458	0.432	0.542	0.568	30
86	1427	65.37	17.71	199.243	0.164	0.3	0.091	1.309	0.063	0.065	0.458	0.429	0.542	0.571	30
87	1428	65.37	17.96	199.197	0.164	0.301	0.091	1.307	0.065	0.068	0.46	0.432	0.54	0.568	30
88	1429	65.37	18.21	199.074	0.163	0.303	0.091	1.297	0.063	0.067	0.467	0.44	0.533	0.56	30
89	1430	65.37	18.46	198.606	0.165	0.302	0.091	1.304	0.061	0.066	0.461	0.435	0.539	0.565	30
90	1431	65.37	18.71	198.607	0.167	0.3	0.09	1.308	0.052	0.057	0.436	0.411	0.564	0.589	30
91	1432	65.37	18.96	197.389	0.165	0.301	0.09	1.312	0.051	0.056	0.428	0.401	0.572	0.598	30
92	1433	65.37	19.21	198.272	0.159	0.303	0.089	1.307	0.053	0.058	0.421	0.399	0.579	0.601	30
93	1434	65.37	19.46	199.473	0.161	0.303	0.089	1.312	0.059	0.064	0.425	0.403	0.575	0.597	30
94	1435	65.37	19.71	199.711	0.161	0.303	0.089	1.316	0.055	0.06	0.428	0.405	0.572	0.595	30
95	1436	65.37	19.96	199.372	0.163	0.301	0.088	1.326	0.047	0.053	0.415	0.391	0.585	0.609	30
96	1437	65.37	20.21	199.654	0.171	0.299	0.088	1.326	0.049	0.055	0.402	0.38	0.598	0.62	30
97	1438	65.37	20.46	199.832	0.173	0.301	0.088	1.323	0.051	0.058	0.401	0.382	0.599	0.618	30
98	1439	65.37	20.71	199.889	0.171	0.301	0.088	1.326	0.051	0.059	0.403	0.386	0.597	0.614	30
99	1440	65.37	20.96	199.79	0.165	0.297	0.09	1.314	0.057	0.066	0.381	0.365	0.619	0.635	30
100	1441	65.37	26.21	199.594	0.135	0.297	0.099	1.316	0.063	0.075	0.368	0.347	0.632	0.653	30
101	1442	65.37	26.46	199.291	0.128	0.299	0.099	1.317	0.066	0.077	0.378	0.36	0.622	0.64	30
102	1443	65.37	26.71	199.248	0.124	0.3	0.1	1.311	0.068	0.078	0.384	0.372	0.616	0.628	30
103	1444	65.37	26.96	199.687	0.124	0.3	0.1	1.31	0.062	0.072	0.372	0.363	0.628	0.637	30
104	1445	65.37	27.21	199.783	0.123	0.302	0.099	1.314	0.06	0.068	0.372	0.364	0.627	0.636	30
105	1446	65.37	27.46	199.623	0.137	0.298	0.092	1.357	0.054	0.062	0.382	0.371	0.618	0.629	30
106	1447	65.37	27.71	199.439	0.152	0.295	0.088	1.38	0.055	0.063	0.399	0.388	0.601	0.612	30
107	1448	65.37	27.96	199.52	0.151	0.298	0.089	1.379	0.055	0.062	0.402	0.389	0.598	0.611	30
108	1449	65.37	28.21	199.548	0.149	0.299	0.089	1.356	0.058	0.065	0.411	0.398	0.589	0.602	30
109	1450	65.37	28.46	197.379	0.154	0.298	0.09	1.358	0.057	0.064	0.406	0.394	0.594	0.606	30
110	1451	65.37	28.71	191.952	0.153	0.3	0.093	1.331	0.057	0.064	0.397	0.384	0.603	0.616	30
111	1452	65.37	28.96	191.553	0.154	0.298	0.092	1.331	0.052	0.06	0.388	0.374	0.612	0.626	30
112	1453	65.37	29.21	194.447	0.154	0.295	0.091	1.344	0.046	0.055	0.374	0.362	0.626	0.638	30
113	1454	65.37	29.46	197.578	0.151	0.296	0.092	1.347	0.046	0.055	0.373	0.361	0.626	0.639	30
114	1455	65.37	29.71	196.057	0.144	0.293	0.09	1.345	0.048	0.056	0.381	0.366	0.619	0.634	30
115	1456	65.37	29.96	195.058	0.137	0.29	0.089	1.341	0.048	0.057	0.394	0.375	0.606	0.624	30
116	1457	65.37	30.21	197.033	0.139	0.289	0.089	1.355	0.049	0.058	0.397	0.377	0.602	0.623	30
117	1458	65.37	30.46	197.575	0.142	0.291	0.092	1.362	0.052	0.062	0.393	0.371	0.607	0.629	30
118	1459	65.37	30.71	197.124	0.146	0.295	0.095	1.359	0.053	0.062	0.387	0.371	0.613	0.629	30
119	1460	65.37	30.96	197.047	0.142	0.295	0.094	1.354	0.053	0.062	0.389	0.375	0.611	0.624	30
120	1461	65.37	31.21	196.973	0.139	0.295	0.095	1.354	0.053	0.061	0.391	0.38	0.608	0.62	30
121	1462	65.37	31.46	196.959	0.132	0.3	0.097	1.339	0.055	0.064	0.403	0.392	0.597	0.608	30
122	1463	65.37	31.71	195.745	0.126	0.303	0.098	1.323	0.054	0.063	0.4	0.388	0.6	0.612	30
123	1464	65.37	31.96	196.567	0.123	0.305	0.099	1.325	0.056	0.067	0.402	0.389	0.598	0.611	30
124	1465	65.37	32.21	195.889	0.119	0.308	0.101	1.312	0.062	0.072	0.408	0.395	0.592	0.605	30
125	1466	65.37	32.46	195.511	0.116	0.308	0.102	1.318	0.056	0.065	0.388	0.376	0.612	0.624	30
126	1467	65.37	32.71	196.438	0.117	0.308	0.103	1.315	0.055	0.065	0.382	0.37	0.618	0.63	30
127	1468	65.37	32.96	198.157	0.126	0.309	0.104	1.319	0.057	0.067	0.379	0.37	0.62	0.63	30
128	1469	65.37	33.21	198.606	0.116	0.31	0.104	1.303	0.059	0.066	0.373	0.365	0.627	0.635	30
129	1470	65.37	33.46	198.929	0.11	0.312	0.106	1.279	0.065	0.072	0.37	0.364	0.63	0.636	30
130	1471	65.37	33.71	199.473	0.104	0.315	0.107	1.241	0.072	0.079	0.38	0.372	0.619	0.628	30
131	1472	65.37	33.96	199.332	0.096	0.317	0.11	1.212	0.073	0.078	0.377	0.366	0.623	0.634	30
132	1473	65.12	11.96	156.48	0.227	0.304	0.103	1.242	0.09	0.091	0.435	0.406	0.565	0.594	30
133	1474	65.12	12.21	153.462	0.236	0.305	0.101	1.244	0.09	0.09	0.44	0.411	0.56	0.589	30
134	1475	65.12	12.46	148.738	0.245	0.304	0.1	1.261	0.089	0.088	0.441	0.41	0.559	0.59	30
135	1476	65.12	12.71	135.275	0.256	0.304	0.099	1.251	0.088	0.088	0.439	0.41	0.561	0.59	30
136	1477	65.12	12.96	117.689	0.267	0.303	0.097	1.215	0.076	0.076	0.419	0.396	0.581	0.604	30
137	1478	65.12	13.21	134.777	0.241	0.3	0.094	1.239	0.07	0.069	0.419	0.392	0.581	0.608	30
138	1479	65.12	13.46	126.621	0.237	0.299	0.093	1.213	0.072	0.071	0.432	0.403	0.568	0.597	30
139	1480	65.12	13.71	110.232	0.247	0.301	0.095	1.191	0.07	0.067	0.433	0.408	0.568	0.592	30
140	1481	65.12	13.96	113.508	0.249	0.299	0.096	1.215	0.068	0.064	0.428	0.407	0.572	0.593	30
141	1482	65.12	14.21	121.363	0.253	0.299	0.097	1.207	0.07	0.065	0.428	0.407	0.572	0.593	30
142	1483	65.12	14.46	137.949	0.239	0.299	0.095	1.183	0.069	0.065	0.436	0.412	0.564	0.588	30
143	1484	65.12	14.71	151.82	0.23	0.3	0.095	1.197	0.068	0.063	0.442	0.413	0.558	0.587	30
144	1485	65.12	14.96	166.075	0.228	0.3	0.095	1.227	0.064	0.059	0.448	0.412	0.552	0.588	30
145	1486	65.12	15.21	168.531	0.234	0.3	0.096	1.252	0.062	0.057	0.446	0.408	0.554	0.591	30
146	1487	65.12	15.46	175.519	0.23	0.301	0.096	1.265	0.063	0.06	0.448	0.413	0.552	0.587	30
147	1488	65.12	15.71	191.129	0.203	0.3	0.092	1.313	0.063	0.063	0.465	0.435	0.535	0.565	30
148	1489	65.12	15.96	196.073	0.192	0.299	0.09	1.348	0.062	0.063	0.468	0.44	0.532	0.56	30
149	1490	65.12	16.21	196.924	0.189	0.301	0.091	1.341	0.071	0.072	0.474	0.448	0.526	0.552	30
150	1491	65.12	16.46	198.433	0.182	0.303	0.093	1.328	0.079	0.081	0.484	0.456	0.516	0.544	30
151	1492	65.12	16.71	198.248	0.178	0.3	0.092	1.325	0.072	0.076	0.466	0.44	0.534	0.56	30
152	1493	65.12	16.96	197.076	0.173	0.298	0.092	1.329	0.061	0.064	0.445	0.422	0.555	0.578	30
153	1494	65.12	17.21	196.607	0.182	0.298	0.091	1.337	0.062	0.066	0.454	0.43	0.546	0.57	30
154	1495	65.12	17.46	199.173	0.183	0.3	0.091	1.333	0.066	0.07	0.471	0.444	0.529	0.555	30
155	1496	65.12	17.71	199.563	0.164	0.3	0.091	1.323	0.062	0.067	0.459	0.431	0.54	0.568	30
156	1497	65.12	17.96	199.644	0.161	0.299	0.09	1.316	0.058	0.064	0.45	0.421	0.55	0.579	30
157	1498	65.12	18.21	199.763	0.169	0.298	0.089	1.339	0.057	0.062	0.448	0.421	0.552	0.579	30
158	1499	65.12	18.46	199.731	0.168	0.301	0.09	1.329	0.06	0.065	0.457	0.429	0.543	0.57	30
159	1500	65.12	18.71	199.764	0.169	0.301	0.09	1.321	0.055	0.061	0.449	0.423	0.551	0.577	30
160	1501	65.12	18.96	199.773	0.169	0.301	0.09	1.329	0.054	0.06	0.433	0.407	0.567	0.593	30
161	1502	65.12	19.21	199.834	0.168	0.302	0.09	1.333	0.057	0.063	0.43	0.404	0.57	0.596	30
162	1503	65.12	19.46	199.617	0.169	0.301	0.089	1.343	0.054	0.061	0.433	0.408	0.567	0.591	30
163	1504	65.12	19.71	199.848	0.162	0.299	0.088	1.328	0.046	0.054	0.41	0.386	0.59	0.613	30
164	1505	65.12	19.96	199.882	0.161	0.296	0.088	1.321	0.041	0.05	0.391	0.367	0.609	0.633	30
165	1506	65.12	20.21	199.82	0.175	0.295	0.088	1.334	0.045	0.054	0.391	0.368	0.609	0.632	30
166	1507	65.12	20.46	199.878	0.179	0.298	0.089	1.336	0.053	0.062	0.404	0.382	0.596	0.618	30
167	1508	65.12	20.71	199.8	0.175	0.296	0.089	1.324	0.051	0.061	0.388	0.368	0.612	0.632	30
168	1509	65.12	20.96	199.616	0.169	0.295	0.092	1.285	0.051	0.063	0.331	0.315	0.669	0.685	30
169	1510	65.12	26.46	199.523	0.13	0.299	0.1	1.316	0.07	0.081	0.383	0.366	0.617	0.634	30
170	1511	65.12	26.71	199.731	0.129	0.299	0.099	1.312	0.064	0.075	0.374	0.361	0.626	0.639	30
171	1512	65.12	26.96	199.779	0.126	0.301	0.099	1.303	0.065	0.075	0.372	0.362	0.628	0.637	30
172	1513	65.12	27.21	199.672	0.123	0.305	0.101	1.306	0.067	0.075	0.385	0.376	0.615	0.624	30
173	1514	65.12	27.46	199.803	0.132	0.302	0.095	1.345	0.058	0.067	0.379	0.37	0.621	0.629	30
174	1515	65.12	27.71	199.356	0.149	0.298	0.09	1.375	0.059	0.068	0.395	0.385	0.605	0.615	30
175	1516	65.12	27.96	199.222	0.151	0.299	0.091	1.376	0.06	0.069	0.408	0.396	0.592	0.604	30
176	1517	65.12	28.21	199.65	0.148	0.299	0.09	1.376	0.058	0.067	0.408	0.396	0.592	0.604	30
177	1518	65.12	28.46	199.174	0.154	0.297	0.089	1.377	0.055	0.063	0.403	0.391	0.597	0.609	30
178	1519	65.12	28.71	197.976	0.156	0.297	0.089	1.361	0.052	0.06	0.396	0.383	0.604	0.617	30
179	1520	65.12	28.96	197.987	0.157	0.297	0.091	1.362	0.052	0.06	0.387	0.374	0.612	0.626	30
180	1521	65.12	29.21	198.068	0.157	0.299	0.095	1.354	0.053	0.062	0.383	0.369	0.616	0.631	30
181	1522	65.12	29.46	198.669	0.15	0.298	0.093	1.336	0.049	0.058	0.373	0.359	0.627	0.641	30
182	1523	65.12	29.71	199.21	0.148	0.297	0.091	1.345	0.05	0.058	0.387	0.373	0.613	0.627	30
183	1524	65.12	29.96	199.515	0.149	0.293	0.089	1.37	0.049	0.058	0.387	0.372	0.612	0.627	30
184	1525	65.12	30.21	199.555	0.154	0.292	0.09	1.381	0.055	0.063	0.393	0.374	0.607	0.625	30
185	1526	65.12	30.46	199.225	0.15	0.296	0.095	1.372	0.061	0.07	0.399	0.378	0.601	0.622	30
186	1527	65.12	30.71	195.829	0.153	0.3	0.101	1.361	0.066	0.075	0.402	0.383	0.597	0.617	30
187	1528	65.12	30.96	197.636	0.147	0.3	0.102	1.362	0.062	0.072	0.392	0.373	0.608	0.627	30
188	1529	65.12	31.21	195.779	0.146	0.303	0.104	1.357	0.062	0.071	0.391	0.376	0.609	0.624	30
189	1530	65.12	31.46	197.209	0.146	0.303	0.102	1.354	0.059	0.068	0.388	0.376	0.612	0.624	30
190	1531	65.12	31.71	196.364	0.138	0.302	0.1	1.347	0.055	0.065	0.388	0.376	0.611	0.624	30
191	1532	65.12	31.96	196.743	0.129	0.302	0.098	1.338	0.054	0.064	0.391	0.378	0.608	0.622	30
192	1533	65.12	32.21	195.814	0.12	0.309	0.104	1.309	0.064	0.073	0.416	0.402	0.584	0.598	30
193	1534	65.12	32.46	194.121	0.108	0.307	0.102	1.313	0.061	0.071	0.409	0.395	0.591	0.605	30
194	1535	65.12	32.71	195.736	0.104	0.305	0.1	1.316	0.061	0.071	0.405	0.39	0.595	0.61	30
195	1536	65.12	32.96	198.717	0.111	0.304	0.099	1.328	0.063	0.074	0.4	0.387	0.6	0.613	30
196	1537	65.12	33.21	198.013	0.115	0.305	0.1	1.325	0.061	0.072	0.375	0.365	0.625	0.635	30
197	1538	65.12	33.46	198.496	0.117	0.308	0.103	1.312	0.067	0.077	0.372	0.363	0.628	0.637	30
198	1539	65.12	33.71	198.597	0.107	0.311	0.106	1.282	0.075	0.083	0.374	0.365	0.626	0.635	30
199	1540	65.12	33.96	199.145	0.1	0.318	0.113	1.225	0.082	0.089	0.381	0.371	0.619	0.629	30
200	1541	65.12	34.21	197.833	0.097	0.325	0.124	1.199	0.09	0.097	0.389	0.382	0.61	0.618	30
201	1542	64.87	11.96	151.48	0.23	0.303	0.099	1.246	0.087	0.088	0.432	0.402	0.568	0.598	30
202	1543	64.87	12.21	148.319	0.239	0.304	0.098	1.256	0.086	0.086	0.441	0.409	0.559	0.59	30
203	1544	64.87	12.46	137.642	0.244	0.304	0.098	1.248	0.085	0.086	0.437	0.408	0.563	0.591	30
204	1545	64.87	12.71	128.346	0.247	0.303	0.097	1.236	0.078	0.079	0.422	0.4	0.577	0.6	30
205	1546	64.87	12.96	145.728	0.235	0.3	0.094	1.262	0.066	0.066	0.418	0.389	0.582	0.611	30
206	1547	64.87	13.21	139.483	0.225	0.299	0.093	1.251	0.068	0.068	0.43	0.399	0.57	0.6	30
207	1548	64.87	13.46	129.072	0.218	0.3	0.093	1.231	0.069	0.067	0.446	0.413	0.554	0.587	30
208	1549	64.87	13.71	128.503	0.227	0.3	0.093	1.226	0.065	0.061	0.449	0.415	0.551	0.585	30
209	1550	64.87	13.96	136.973	0.24	0.298	0.092	1.221	0.063	0.058	0.451	0.419	0.549	0.581	30
210	1551	64.87	14.21	146.302	0.229	0.298	0.093	1.229	0.06	0.055	0.452	0.418	0.548	0.582	30
211	1552	64.87	14.46	148.619	0.23	0.3	0.094	1.189	0.062	0.058	0.443	0.412	0.557	0.587	30
212	1553	64.87	14.71	157.93	0.23	0.299	0.093	1.214	0.06	0.057	0.437	0.404	0.562	0.596	30
213	1554	64.87	14.96	169.078	0.234	0.299	0.095	1.245	0.063	0.059	0.449	0.412	0.551	0.587	30
214	1555	64.87	15.21	183.057	0.223	0.302	0.095	1.267	0.064	0.061	0.463	0.426	0.537	0.574	30
215	1556	64.87	15.46	186.806	0.213	0.301	0.095	1.286	0.064	0.062	0.463	0.428	0.537	0.572	30
216	1557	64.87	15.71	193.152	0.2	0.3	0.092	1.321	0.068	0.069	0.47	0.439	0.53	0.561	30
217	1558	64.87	15.96	197.56	0.189	0.302	0.092	1.339	0.073	0.074	0.479	0.451	0.521	0.549	30
218	1559	64.87	16.21	197.986	0.18	0.303	0.093	1.343	0.076	0.077	0.477	0.45	0.523	0.55	30
219	1560	64.87	16.46	198.334	0.18	0.304	0.093	1.332	0.075	0.076	0.472	0.443	0.528	0.557	30
220	1561	64.87	16.71	198.707	0.178	0.299	0.092	1.326	0.063	0.067	0.449	0.424	0.551	0.576	30
221	1562	64.87	16.96	199.353	0.167	0.3	0.091	1.314	0.059	0.064	0.439	0.421	0.561	0.579	30
222	1563	64.87	17.21	199.443	0.171	0.301	0.093	1.325	0.067	0.073	0.459	0.439	0.541	0.561	30
223	1564	64.87	17.46	199.303	0.179	0.299	0.092	1.343	0.069	0.076	0.472	0.451	0.528	0.549	30
224	1565	64.87	17.71	199.591	0.173	0.3	0.091	1.342	0.066	0.074	0.469	0.446	0.531	0.554	30
225	1566	64.87	17.96	199.732	0.17	0.3	0.091	1.341	0.059	0.068	0.455	0.428	0.545	0.572	30
226	1567	64.87	18.21	199.903	0.169	0.298	0.09	1.352	0.055	0.063	0.439	0.412	0.561	0.588	30
227	1568	64.87	18.46	199.806	0.172	0.297	0.09	1.36	0.052	0.06	0.438	0.411	0.562	0.589	30
228	1569	64.87	18.71	199.741	0.17	0.297	0.09	1.351	0.05	0.058	0.435	0.408	0.565	0.591	30
229	1570	64.87	18.96	199.759	0.168	0.298	0.09	1.348	0.053	0.061	0.428	0.403	0.571	0.597	30
230	1571	64.87	19.21	199.89	0.171	0.299	0.091	1.351	0.058	0.067	0.435	0.409	0.565	0.59	30
231	1572	64.87	19.46	199.868	0.175	0.3	0.09	1.357	0.06	0.068	0.441	0.417	0.558	0.583	30
232	1573	64.87	19.71	199.868	0.177	0.296	0.09	1.356	0.052	0.063	0.42	0.396	0.58	0.604	30
233	1574	64.87	19.96	199.93	0.17	0.295	0.09	1.341	0.048	0.06	0.394	0.369	0.606	0.631	30
234	1575	64.87	20.21	199.905	0.178	0.294	0.089	1.344	0.05	0.062	0.389	0.366	0.611	0.634	30
235	1576	64.87	20.46	199.926	0.176	0.295	0.091	1.332	0.057	0.068	0.398	0.376	0.602	0.624	30
236	1577	64.87	20.71	199.707	0.172	0.297	0.094	1.295	0.062	0.074	0.381	0.36	0.619	0.64	30
237	1578	64.87	26.46	199.829	0.133	0.302	0.103	1.33	0.07	0.082	0.394	0.381	0.606	0.619	30
238	1579	64.87	26.71	199.876	0.134	0.3	0.099	1.323	0.057	0.07	0.367	0.357	0.633	0.643	30
239	1580	64.87	26.96	199.936	0.136	0.298	0.099	1.314	0.052	0.063	0.344	0.335	0.656	0.665	30
240	1581	64.87	27.21	199.91	0.135	0.299	0.097	1.324	0.05	0.062	0.341	0.335	0.659	0.665	30
241	1582	64.87	27.46	199.711	0.139	0.298	0.093	1.345	0.05	0.061	0.358	0.352	0.642	0.648	30
242	1583	64.87	27.71	199.473	0.149	0.297	0.09	1.37	0.055	0.064	0.385	0.374	0.615	0.626	30
243	1584	64.87	27.96	199.032	0.156	0.298	0.089	1.372	0.059	0.068	0.406	0.393	0.594	0.607	30
244	1585	64.87	28.21	199.514	0.154	0.298	0.089	1.367	0.056	0.065	0.401	0.388	0.599	0.611	30
245	1586	64.87	28.46	199.637	0.156	0.296	0.089	1.372	0.053	0.062	0.386	0.372	0.614	0.627	30
246	1587	64.87	28.71	199.557	0.158	0.295	0.09	1.373	0.052	0.061	0.375	0.362	0.625	0.638	30
247	1588	64.87	28.96	199.331	0.157	0.296	0.093	1.359	0.053	0.063	0.369	0.354	0.631	0.646	30
248	1589	64.87	29.21	199.31	0.155	0.298	0.093	1.353	0.053	0.063	0.372	0.359	0.627	0.641	30
249	1590	64.87	29.46	199.308	0.151	0.297	0.091	1.343	0.052	0.062	0.37	0.358	0.629	0.642	30
250	1591	64.87	29.71	199.57	0.152	0.295	0.09	1.349	0.051	0.059	0.38	0.367	0.62	0.633	30
251	1592	64.87	29.96	199.433	0.153	0.293	0.089	1.369	0.05	0.058	0.384	0.369	0.616	0.631	30
252	1593	64.87	30.21	198.217	0.152	0.295	0.091	1.373	0.06	0.068	0.4	0.384	0.6	0.616	30
253	1594	64.87	30.46	197.495	0.149	0.298	0.095	1.367	0.068	0.076	0.406	0.39	0.594	0.61	30
254	1595	64.87	30.71	195.121	0.148	0.3	0.1	1.363	0.071	0.08	0.409	0.391	0.591	0.609	30
255	1596	64.87	30.96	194.665	0.142	0.296	0.097	1.361	0.062	0.072	0.395	0.376	0.605	0.624	30
256	1597	64.87	31.21	193.351	0.142	0.298	0.098	1.352	0.061	0.071	0.395	0.378	0.605	0.622	30
257	1598	64.87	31.46	194.921	0.144	0.301	0.098	1.347	0.063	0.073	0.407	0.392	0.593	0.607	30
258	1599	64.87	31.71	194.253	0.142	0.303	0.101	1.346	0.067	0.076	0.406	0.391	0.594	0.609	30
259	1600	64.87	31.96	192.668	0.137	0.303	0.101	1.347	0.062	0.072	0.397	0.384	0.603	0.616	30
260	1601	64.87	32.21	191.871	0.12	0.309	0.108	1.319	0.078	0.088	0.434	0.42	0.565	0.58	30
261	1602	64.87	32.46	192.485	0.098	0.312	0.11	1.313	0.083	0.094	0.443	0.428	0.556	0.571	30
262	1603	64.87	32.71	196.579	0.104	0.305	0.102	1.342	0.07	0.082	0.419	0.404	0.581	0.595	30
263	1604	64.87	32.96	198.614	0.099	0.306	0.101	1.335	0.071	0.083	0.416	0.401	0.584	0.599	30
264	1605	64.87	33.21	199.541	0.112	0.305	0.1	1.336	0.069	0.081	0.403	0.389	0.597	0.611	30
265	1606	64.87	33.46	199.135	0.116	0.308	0.103	1.322	0.077	0.088	0.402	0.389	0.598	0.611	30
266	1607	64.87	33.71	198.794	0.116	0.309	0.106	1.314	0.083	0.092	0.386	0.376	0.614	0.624	30
267	1608	64.87	33.96	199.623	0.109	0.312	0.11	1.284	0.084	0.093	0.38	0.371	0.62	0.629	30
268	1609	64.87	34.21	198.851	0.106	0.322	0.121	1.254	0.094	0.102	0.388	0.38	0.612	0.62	30
269	1610	64.62	10.96	145.968	0.224	0.302	0.104	1.271	0.089	0.091	0.42	0.397	0.581	0.603	30
270	1611	64.62	11.21	152.971	0.214	0.302	0.104	1.271	0.087	0.089	0.421	0.396	0.579	0.604	30
271	1612	64.62	11.46	159.079	0.211	0.301	0.102	1.265	0.082	0.084	0.422	0.393	0.578	0.607	30
272	1613	64.62	11.96	155.157	0.221	0.304	0.101	1.267	0.087	0.089	0.436	0.407	0.564	0.593	30
273	1614	64.62	12.21	157.335	0.218	0.303	0.099	1.282	0.086	0.086	0.438	0.407	0.563	0.593	30
274	1615	64.62	12.46	154.376	0.225	0.302	0.096	1.292	0.083	0.082	0.441	0.41	0.559	0.59	30
275	1616	64.62	12.71	148.89	0.224	0.3	0.094	1.288	0.077	0.077	0.435	0.407	0.566	0.592	30
276	1617	64.62	12.96	136.238	0.226	0.298	0.093	1.261	0.069	0.07	0.423	0.4	0.577	0.6	30
277	1618	64.62	13.21	128.16	0.224	0.299	0.093	1.238	0.065	0.064	0.433	0.407	0.567	0.593	30
278	1619	64.62	13.46	141.592	0.217	0.3	0.092	1.245	0.066	0.062	0.453	0.419	0.548	0.581	30
279	1620	64.62	13.71	157.83	0.217	0.299	0.093	1.281	0.065	0.062	0.461	0.423	0.539	0.577	30
280	1621	64.62	13.96	165.682	0.218	0.3	0.094	1.298	0.064	0.062	0.466	0.427	0.535	0.574	30
281	1622	64.62	14.21	160.522	0.224	0.298	0.092	1.282	0.059	0.056	0.459	0.419	0.541	0.581	30
282	1623	64.62	14.46	162.637	0.237	0.298	0.092	1.23	0.063	0.06	0.452	0.416	0.548	0.584	30
283	1624	64.62	14.71	178.683	0.224	0.299	0.092	1.261	0.061	0.059	0.46	0.425	0.54	0.575	30
284	1625	64.62	14.96	185.423	0.218	0.299	0.092	1.286	0.061	0.059	0.47	0.431	0.531	0.569	30
285	1626	64.62	15.21	191.507	0.213	0.301	0.093	1.315	0.066	0.065	0.474	0.437	0.526	0.563	30
286	1627	64.62	15.46	195.658	0.208	0.3	0.094	1.344	0.07	0.071	0.469	0.433	0.531	0.567	30
287	1628	64.62	15.71	197.606	0.196	0.301	0.094	1.344	0.071	0.073	0.465	0.435	0.535	0.565	30
288	1629	64.62	15.96	198.529	0.188	0.304	0.094	1.335	0.081	0.083	0.479	0.452	0.521	0.548	30
289	1630	64.62	16.21	199.085	0.177	0.307	0.095	1.32	0.087	0.09	0.49	0.464	0.51	0.536	30
290	1631	64.62	16.46	199.704	0.172	0.303	0.093	1.325	0.073	0.076	0.465	0.436	0.535	0.564	30
291	1632	64.62	16.71	199.802	0.177	0.301	0.092	1.34	0.062	0.067	0.457	0.43	0.543	0.57	30
292	1633	64.62	16.96	199.745	0.176	0.3	0.091	1.336	0.062	0.068	0.449	0.425	0.551	0.574	30
293	1634	64.62	17.21	199.693	0.171	0.299	0.092	1.334	0.065	0.07	0.449	0.426	0.551	0.574	30
294	1635	64.62	17.46	199.334	0.173	0.3	0.092	1.333	0.066	0.072	0.458	0.437	0.542	0.563	30
295	1636	64.62	17.71	199.325	0.17	0.3	0.092	1.336	0.063	0.07	0.456	0.437	0.544	0.563	30
296	1637	64.62	17.96	199.878	0.162	0.301	0.092	1.335	0.062	0.07	0.451	0.429	0.549	0.571	30
297	1638	64.62	18.21	199.935	0.171	0.298	0.091	1.351	0.056	0.066	0.443	0.42	0.557	0.58	30
298	1639	64.62	18.46	199.888	0.175	0.296	0.09	1.362	0.054	0.065	0.444	0.418	0.556	0.582	30
299	1640	64.62	18.71	199.85	0.174	0.297	0.091	1.361	0.052	0.062	0.434	0.408	0.565	0.592	30
300	1641	64.62	18.96	199.863	0.172	0.297	0.091	1.358	0.052	0.062	0.425	0.4	0.575	0.6	30
301	1642	64.62	19.21	199.885	0.173	0.295	0.091	1.358	0.052	0.063	0.415	0.389	0.585	0.611	30
302	1643	64.62	19.46	199.855	0.18	0.296	0.091	1.356	0.056	0.066	0.408	0.384	0.591	0.616	30
303	1644	64.62	19.71	199.831	0.183	0.295	0.09	1.349	0.055	0.066	0.393	0.371	0.607	0.629	30
304	1645	64.62	19.96	199.933	0.173	0.295	0.091	1.323	0.052	0.065	0.37	0.346	0.63	0.654	30
305	1646	64.62	20.21	199.933	0.174	0.293	0.09	1.313	0.053	0.067	0.371	0.349	0.629	0.651	30
306	1647	64.62	20.46	199.846	0.171	0.294	0.093	1.302	0.06	0.075	0.382	0.361	0.618	0.639	30
307	1648	64.62	26.46	199.608	0.134	0.305	0.106	1.344	0.071	0.083	0.395	0.386	0.605	0.614	30
308	1649	64.62	26.71	199.342	0.141	0.301	0.102	1.337	0.061	0.074	0.368	0.359	0.632	0.641	30
309	1650	64.62	26.96	197.488	0.157	0.304	0.106	1.324	0.068	0.08	0.358	0.352	0.641	0.648	30
310	1651	64.62	27.21	198.82	0.15	0.301	0.101	1.333	0.059	0.071	0.342	0.335	0.658	0.665	30
311	1652	64.62	27.46	199.337	0.146	0.296	0.093	1.352	0.053	0.064	0.349	0.343	0.651	0.656	30
312	1653	64.62	27.71	199.303	0.15	0.297	0.091	1.368	0.059	0.067	0.384	0.374	0.616	0.626	30
313	1654	64.62	27.96	198.959	0.156	0.298	0.091	1.365	0.061	0.069	0.406	0.393	0.593	0.607	30
314	1655	64.62	28.21	198.95	0.157	0.297	0.09	1.369	0.06	0.068	0.407	0.392	0.593	0.608	30
315	1656	64.62	28.46	199.671	0.154	0.293	0.089	1.383	0.052	0.062	0.377	0.361	0.622	0.639	30
316	1657	64.62	28.71	199.712	0.153	0.293	0.09	1.379	0.052	0.063	0.369	0.352	0.63	0.647	30
317	1658	64.62	28.96	199.894	0.154	0.298	0.093	1.352	0.056	0.066	0.368	0.352	0.632	0.648	30
318	1659	64.62	29.21	199.773	0.155	0.299	0.093	1.348	0.054	0.063	0.369	0.355	0.63	0.645	30
319	1660	64.62	29.46	199.21	0.151	0.298	0.091	1.349	0.054	0.063	0.371	0.359	0.629	0.641	30
320	1661	64.62	29.71	198.122	0.151	0.298	0.091	1.344	0.057	0.065	0.385	0.372	0.615	0.628	30
321	1662	64.62	29.96	197.759	0.154	0.297	0.091	1.346	0.057	0.064	0.386	0.372	0.614	0.627	30
322	1663	64.62	30.21	195.115	0.154	0.297	0.094	1.354	0.059	0.068	0.393	0.378	0.607	0.621	30
323	1664	64.62	30.46	196.478	0.147	0.293	0.091	1.374	0.059	0.068	0.393	0.376	0.607	0.623	30
324	1665	64.62	30.71	198.565	0.147	0.294	0.093	1.379	0.064	0.073	0.4	0.384	0.599	0.616	30
325	1666	64.62	30.96	197.151	0.143	0.295	0.093	1.366	0.062	0.071	0.395	0.379	0.605	0.621	30
326	1667	64.62	31.21	194.993	0.137	0.297	0.097	1.351	0.062	0.071	0.399	0.383	0.601	0.617	30
327	1668	64.62	31.46	195.925	0.14	0.304	0.1	1.344	0.066	0.075	0.411	0.396	0.589	0.604	30
328	1669	64.62	31.71	197.316	0.143	0.305	0.102	1.347	0.068	0.077	0.412	0.397	0.588	0.602	30
329	1670	64.62	31.96	197.134	0.138	0.305	0.103	1.346	0.071	0.081	0.414	0.4	0.586	0.6	30
330	1671	64.62	32.21	197.156	0.129	0.304	0.104	1.34	0.078	0.088	0.43	0.414	0.57	0.586	30
331	1672	64.62	32.46	196.769	0.116	0.308	0.106	1.329	0.089	0.1	0.463	0.444	0.537	0.556	30
332	1673	64.62	32.71	198.352	0.111	0.307	0.104	1.341	0.086	0.098	0.45	0.433	0.55	0.567	30
333	1674	64.62	32.96	199.13	0.097	0.307	0.104	1.339	0.081	0.093	0.433	0.417	0.567	0.583	30
334	1675	64.62	33.21	199.211	0.102	0.308	0.104	1.335	0.076	0.087	0.42	0.406	0.58	0.594	30
335	1676	64.62	33.46	198.873	0.118	0.309	0.106	1.343	0.072	0.082	0.413	0.4	0.587	0.6	30
336	1677	64.62	33.71	199.333	0.125	0.309	0.107	1.345	0.072	0.082	0.398	0.386	0.601	0.614	30
337	1678	64.62	33.96	199.73	0.122	0.309	0.106	1.342	0.072	0.083	0.384	0.374	0.616	0.626	30
338	1679	64.62	34.21	199.11	0.12	0.312	0.11	1.333	0.082	0.093	0.391	0.382	0.609	0.618	30
339	1680	64.62	34.46	199.379	0.105	0.321	0.119	1.283	0.1	0.111	0.414	0.407	0.586	0.593	30
340	1681	64.37	10.96	147.642	0.235	0.301	0.1	1.284	0.08	0.08	0.427	0.399	0.573	0.601	30
341	1682	64.37	11.21	159.19	0.228	0.302	0.102	1.29	0.081	0.082	0.43	0.4	0.571	0.6	30
342	1683	64.37	11.46	164.775	0.215	0.301	0.1	1.299	0.08	0.081	0.431	0.398	0.57	0.602	30
343	1684	64.37	11.71	160.097	0.21	0.3	0.099	1.301	0.08	0.081	0.436	0.404	0.565	0.596	30
344	1685	64.37	11.96	156.186	0.209	0.3	0.099	1.289	0.082	0.083	0.431	0.402	0.569	0.598	30
345	1686	64.37	12.21	151.594	0.216	0.299	0.097	1.272	0.081	0.082	0.432	0.404	0.568	0.596	30
346	1687	64.37	12.46	161.571	0.214	0.299	0.096	1.324	0.08	0.08	0.442	0.41	0.558	0.59	30
347	1688	64.37	12.71	144.879	0.218	0.299	0.094	1.278	0.079	0.079	0.439	0.41	0.561	0.59	30
348	1689	64.37	12.96	129.935	0.221	0.298	0.093	1.224	0.068	0.068	0.42	0.397	0.58	0.603	30
349	1690	64.37	13.21	125.591	0.224	0.296	0.092	1.217	0.061	0.059	0.411	0.392	0.588	0.608	30
350	1691	64.37	13.46	154.355	0.222	0.3	0.092	1.246	0.065	0.061	0.454	0.424	0.547	0.576	30
351	1692	64.37	13.71	169.611	0.221	0.3	0.092	1.296	0.065	0.063	0.465	0.429	0.535	0.571	30
352	1693	64.37	13.96	162.144	0.234	0.299	0.094	1.289	0.067	0.065	0.451	0.419	0.549	0.581	30
353	1694	64.37	14.21	174.332	0.227	0.3	0.095	1.296	0.067	0.065	0.457	0.423	0.543	0.577	30
354	1695	64.37	14.46	186.441	0.227	0.3	0.094	1.313	0.067	0.065	0.463	0.422	0.537	0.578	30
355	1696	64.37	14.71	191.625	0.223	0.3	0.094	1.336	0.071	0.071	0.472	0.433	0.528	0.568	30
356	1697	64.37	14.96	193.936	0.22	0.3	0.095	1.351	0.073	0.073	0.474	0.433	0.526	0.567	30
357	1698	64.37	15.21	196.058	0.216	0.301	0.096	1.36	0.074	0.076	0.474	0.434	0.526	0.566	30
358	1699	64.37	15.46	198.837	0.199	0.303	0.096	1.368	0.078	0.083	0.48	0.445	0.52	0.555	30
359	1700	64.37	15.71	199.747	0.189	0.305	0.097	1.356	0.083	0.089	0.483	0.453	0.517	0.547	30
360	1701	64.37	15.96	199.491	0.185	0.305	0.097	1.352	0.088	0.094	0.488	0.461	0.512	0.539	30
361	1702	64.37	16.21	199.292	0.181	0.303	0.095	1.347	0.082	0.088	0.483	0.455	0.517	0.545	30
362	1703	64.37	16.46	199.613	0.171	0.302	0.092	1.342	0.077	0.083	0.47	0.445	0.53	0.555	30
363	1704	64.37	16.71	199.908	0.171	0.302	0.092	1.351	0.069	0.075	0.463	0.439	0.536	0.561	30
364	1705	64.37	16.96	199.631	0.184	0.299	0.092	1.358	0.065	0.072	0.46	0.436	0.54	0.564	30
365	1706	64.37	17.21	199.596	0.184	0.297	0.091	1.359	0.064	0.072	0.454	0.429	0.546	0.57	30
366	1707	64.37	17.46	199.702	0.178	0.299	0.09	1.356	0.06	0.067	0.448	0.423	0.551	0.576	30
367	1708	64.37	17.71	199.479	0.183	0.298	0.09	1.364	0.058	0.065	0.442	0.418	0.558	0.582	30
368	1709	64.37	17.96	199.653	0.178	0.298	0.091	1.363	0.056	0.063	0.439	0.417	0.56	0.583	30
369	1710	64.37	18.21	199.891	0.171	0.298	0.091	1.365	0.052	0.059	0.431	0.41	0.569	0.59	30
370	1711	64.37	18.46	199.843	0.177	0.296	0.091	1.37	0.054	0.064	0.437	0.415	0.563	0.584	30
371	1712	64.37	18.71	199.808	0.179	0.296	0.091	1.366	0.054	0.063	0.437	0.412	0.562	0.587	30
372	1713	64.37	18.96	199.912	0.177	0.295	0.091	1.368	0.05	0.06	0.419	0.394	0.58	0.606	30
373	1714	64.37	19.21	199.923	0.177	0.294	0.091	1.365	0.054	0.064	0.414	0.387	0.586	0.613	30
374	1715	64.37	19.46	199.895	0.184	0.294	0.09	1.366	0.056	0.066	0.408	0.383	0.592	0.617	30
375	1716	64.37	19.71	199.827	0.189	0.296	0.091	1.349	0.058	0.069	0.39	0.367	0.609	0.633	30
376	1717	64.37	19.96	199.727	0.188	0.299	0.092	1.302	0.061	0.072	0.384	0.362	0.616	0.638	30
377	1718	64.37	20.21	199.582	0.186	0.298	0.092	1.285	0.062	0.074	0.383	0.363	0.617	0.637	30
378	1719	64.37	20.46	199.092	0.184	0.3	0.096	1.296	0.068	0.082	0.392	0.372	0.608	0.628	30
379	1720	64.37	20.71	199.001	0.187	0.299	0.097	1.271	0.076	0.09	0.371	0.355	0.629	0.645	30
380	1721	64.37	24.96	198.964	0.146	0.305	0.109	1.33	0.08	0.093	0.38	0.37	0.619	0.63	30
381	1722	64.37	25.21	199.435	0.143	0.306	0.11	1.33	0.084	0.098	0.387	0.372	0.613	0.628	30
382	1723	64.37	26.46	199.677	0.13	0.308	0.108	1.344	0.074	0.087	0.389	0.379	0.611	0.621	30
383	1724	64.37	26.71	198.673	0.141	0.307	0.107	1.342	0.071	0.084	0.379	0.37	0.621	0.63	30
384	1725	64.37	26.96	193.491	0.18	0.314	0.116	1.338	0.099	0.11	0.409	0.4	0.591	0.6	30
385	1726	64.37	27.21	194.608	0.182	0.313	0.114	1.335	0.096	0.107	0.402	0.39	0.598	0.61	30
386	1727	64.37	27.46	197.035	0.16	0.305	0.106	1.349	0.072	0.083	0.379	0.366	0.621	0.634	30
387	1728	64.37	27.71	198.33	0.151	0.305	0.104	1.363	0.076	0.085	0.41	0.397	0.59	0.603	30
388	1729	64.37	27.96	199.131	0.153	0.3	0.099	1.37	0.068	0.077	0.4	0.387	0.6	0.613	30
389	1730	64.37	28.21	199.416	0.155	0.297	0.093	1.378	0.061	0.07	0.389	0.376	0.61	0.624	30
390	1731	64.37	28.46	199.824	0.156	0.296	0.091	1.38	0.056	0.065	0.378	0.363	0.622	0.637	30
391	1732	64.37	28.71	199.902	0.154	0.294	0.09	1.381	0.057	0.067	0.374	0.358	0.625	0.642	30
392	1733	64.37	28.96	199.863	0.156	0.297	0.092	1.372	0.059	0.068	0.373	0.358	0.626	0.642	30
393	1734	64.37	29.21	199.761	0.157	0.298	0.092	1.373	0.057	0.065	0.375	0.358	0.625	0.641	30
394	1735	64.37	29.46	199.377	0.159	0.299	0.093	1.368	0.057	0.066	0.378	0.365	0.622	0.635	30
395	1736	64.37	29.71	198.31	0.162	0.299	0.095	1.367	0.06	0.069	0.378	0.364	0.622	0.636	30
396	1737	64.37	29.96	197.586	0.158	0.297	0.092	1.375	0.058	0.066	0.377	0.362	0.623	0.637	30
397	1738	64.37	30.21	194.304	0.16	0.299	0.096	1.37	0.058	0.067	0.385	0.37	0.615	0.629	30
398	1739	64.37	30.46	197.369	0.148	0.29	0.091	1.379	0.051	0.06	0.374	0.358	0.626	0.641	30
399	1740	64.37	30.71	199.017	0.145	0.29	0.09	1.386	0.052	0.061	0.379	0.361	0.62	0.638	30
400	1741	64.37	30.96	199.184	0.139	0.294	0.093	1.378	0.063	0.071	0.392	0.374	0.608	0.625	30
401	1742	64.37	31.21	198.107	0.135	0.299	0.098	1.36	0.073	0.081	0.408	0.39	0.592	0.61	30
402	1743	64.37	31.46	198.358	0.137	0.305	0.102	1.354	0.068	0.077	0.41	0.395	0.59	0.605	30
403	1744	64.37	31.71	198.03	0.141	0.306	0.104	1.363	0.072	0.081	0.407	0.394	0.592	0.606	30
404	1745	64.37	31.96	197.418	0.141	0.302	0.103	1.365	0.072	0.081	0.398	0.384	0.602	0.616	30
405	1746	64.37	32.21	198.687	0.137	0.299	0.1	1.363	0.072	0.08	0.408	0.392	0.592	0.608	30
406	1747	64.37	32.46	198.818	0.136	0.303	0.102	1.355	0.081	0.089	0.443	0.424	0.557	0.576	30
407	1748	64.37	32.71	197.477	0.111	0.308	0.108	1.337	0.094	0.104	0.466	0.448	0.534	0.551	30
408	1749	64.37	32.96	198.136	0.101	0.31	0.108	1.343	0.089	0.099	0.454	0.439	0.546	0.561	30
409	1750	64.37	33.21	198.89	0.102	0.308	0.106	1.346	0.078	0.088	0.425	0.413	0.575	0.587	30
410	1751	64.37	33.46	199.158	0.111	0.308	0.105	1.353	0.07	0.08	0.408	0.394	0.592	0.606	30
411	1752	64.37	33.71	199.542	0.118	0.31	0.107	1.358	0.067	0.077	0.401	0.388	0.598	0.612	30
412	1753	64.37	33.96	199.671	0.127	0.309	0.105	1.361	0.069	0.079	0.406	0.395	0.593	0.605	30
413	1754	64.37	34.21	199.577	0.128	0.309	0.106	1.365	0.076	0.087	0.401	0.391	0.598	0.608	30
414	1755	64.37	34.46	199.514	0.115	0.316	0.113	1.33	0.094	0.105	0.419	0.41	0.581	0.59	30
415	1756	64.37	34.71	199.621	0.106	0.32	0.116	1.295	0.105	0.114	0.441	0.434	0.559	0.566	30
416	1757	64.12	10.46	151.435	0.229	0.304	0.103	1.291	0.084	0.084	0.429	0.402	0.572	0.598	30
417	1758	64.12	10.71	142.899	0.24	0.302	0.1	1.284	0.081	0.081	0.43	0.404	0.57	0.596	30
418	1759	64.12	10.96	149.152	0.226	0.301	0.099	1.293	0.078	0.077	0.431	0.402	0.569	0.597	30
419	1760	64.12	11.21	165.743	0.213	0.304	0.103	1.309	0.086	0.087	0.444	0.414	0.557	0.586	30
420	1761	64.12	11.46	170.187	0.203	0.304	0.105	1.32	0.092	0.095	0.458	0.427	0.543	0.574	30
421	1762	64.12	11.71	166.975	0.204	0.304	0.104	1.322	0.089	0.091	0.463	0.433	0.537	0.567	30
422	1763	64.12	11.96	158.2	0.205	0.302	0.1	1.299	0.084	0.084	0.458	0.429	0.543	0.571	30
423	1764	64.12	12.21	145.219	0.209	0.303	0.098	1.259	0.088	0.087	0.463	0.434	0.538	0.566	30
424	1765	64.12	12.46	142.798	0.21	0.302	0.097	1.247	0.089	0.088	0.468	0.441	0.532	0.559	30
425	1766	64.12	12.71	142.038	0.214	0.301	0.094	1.233	0.083	0.083	0.465	0.437	0.536	0.564	30
426	1767	64.12	12.96	137.144	0.208	0.299	0.093	1.231	0.067	0.068	0.447	0.418	0.554	0.582	30
427	1768	64.12	13.21	129.683	0.225	0.296	0.092	1.203	0.058	0.058	0.403	0.386	0.597	0.614	30
428	1769	64.12	13.46	146.982	0.236	0.299	0.093	1.212	0.064	0.062	0.422	0.406	0.578	0.594	30
429	1770	64.12	13.71	173.384	0.226	0.302	0.093	1.273	0.063	0.061	0.444	0.416	0.556	0.584	30
430	1771	64.12	13.96	177.792	0.222	0.301	0.095	1.313	0.065	0.063	0.458	0.421	0.542	0.579	30
431	1772	64.12	14.21	179.615	0.223	0.3	0.095	1.32	0.068	0.066	0.457	0.422	0.543	0.578	30
432	1773	64.12	14.46	188.726	0.221	0.301	0.094	1.308	0.068	0.064	0.448	0.415	0.552	0.585	30
433	1774	64.12	14.71	193.52	0.215	0.302	0.094	1.327	0.072	0.071	0.456	0.423	0.544	0.578	30
434	1775	64.12	14.96	196.991	0.207	0.302	0.095	1.366	0.079	0.082	0.471	0.438	0.529	0.562	30
435	1776	64.12	15.21	198.411	0.199	0.306	0.1	1.377	0.09	0.097	0.495	0.46	0.505	0.539	30
436	1777	64.12	15.46	199.026	0.193	0.306	0.101	1.378	0.09	0.098	0.501	0.468	0.499	0.532	30
437	1778	64.12	15.71	199.469	0.187	0.307	0.1	1.363	0.092	0.1	0.5	0.469	0.5	0.531	30
438	1779	64.12	15.96	199.492	0.18	0.304	0.099	1.358	0.084	0.093	0.488	0.458	0.512	0.542	30
439	1780	64.12	16.21	199.729	0.182	0.3	0.094	1.365	0.075	0.084	0.483	0.454	0.517	0.546	30
440	1781	64.12	16.46	199.817	0.176	0.3	0.093	1.373	0.069	0.078	0.471	0.443	0.529	0.557	30
441	1782	64.12	16.71	199.713	0.18	0.298	0.092	1.372	0.064	0.071	0.455	0.429	0.545	0.571	30
442	1783	64.12	16.96	199.548	0.191	0.297	0.091	1.378	0.064	0.072	0.455	0.43	0.544	0.57	30
443	1784	64.12	17.21	199.662	0.188	0.296	0.091	1.379	0.059	0.067	0.447	0.422	0.553	0.578	30
444	1785	64.12	17.46	199.643	0.181	0.296	0.09	1.381	0.054	0.061	0.43	0.405	0.57	0.594	30
445	1786	64.12	17.71	199.548	0.191	0.295	0.089	1.387	0.053	0.061	0.428	0.403	0.572	0.596	30
446	1787	64.12	17.96	199.59	0.194	0.294	0.089	1.384	0.053	0.06	0.428	0.404	0.572	0.595	30
447	1788	64.12	18.21	199.737	0.186	0.295	0.09	1.375	0.052	0.06	0.42	0.397	0.58	0.603	30
448	1789	64.12	18.46	199.714	0.188	0.297	0.091	1.37	0.054	0.061	0.423	0.401	0.577	0.599	30
449	1790	64.12	18.71	199.744	0.19	0.295	0.09	1.367	0.053	0.061	0.422	0.399	0.577	0.601	30
450	1791	64.12	18.96	199.84	0.182	0.295	0.092	1.368	0.056	0.066	0.426	0.401	0.574	0.599	30
451	1792	64.12	19.21	199.87	0.184	0.299	0.092	1.36	0.063	0.073	0.428	0.402	0.572	0.598	30
452	1793	64.12	19.46	199.911	0.191	0.299	0.091	1.358	0.065	0.074	0.423	0.397	0.576	0.603	30
453	1794	64.12	19.71	199.749	0.191	0.3	0.094	1.357	0.071	0.081	0.43	0.405	0.57	0.595	30
454	1795	64.12	19.96	199.032	0.186	0.302	0.095	1.321	0.071	0.081	0.418	0.396	0.582	0.604	30
455	1796	64.12	20.21	199.409	0.186	0.301	0.096	1.285	0.067	0.082	0.371	0.351	0.629	0.649	30
456	1797	64.12	20.46	199.305	0.189	0.3	0.099	1.256	0.066	0.083	0.328	0.31	0.672	0.69	30
457	1798	64.12	24.96	199.759	0.144	0.308	0.11	1.34	0.085	0.1	0.396	0.383	0.605	0.617	30
458	1799	64.12	25.21	199.811	0.142	0.306	0.108	1.352	0.081	0.097	0.394	0.381	0.606	0.619	30
459	1800	64.12	25.46	199.956	0.136	0.307	0.11	1.354	0.09	0.104	0.416	0.402	0.584	0.598	30
460	1801	64.12	25.71	199.976	0.134	0.308	0.11	1.349	0.089	0.103	0.411	0.397	0.589	0.603	30
461	1802	64.12	25.96	199.94	0.137	0.304	0.107	1.35	0.075	0.091	0.379	0.367	0.621	0.633	30
462	1803	64.12	26.21	199.925	0.139	0.302	0.104	1.352	0.065	0.081	0.361	0.351	0.639	0.649	30
463	1804	64.12	26.46	199.917	0.137	0.303	0.102	1.349	0.064	0.078	0.37	0.362	0.63	0.638	30
464	1805	64.12	26.71	199.868	0.143	0.3	0.098	1.35	0.061	0.075	0.371	0.362	0.629	0.638	30
465	1806	64.12	26.96	199.335	0.153	0.303	0.1	1.354	0.073	0.086	0.394	0.382	0.606	0.618	30
466	1807	64.12	27.21	198.245	0.164	0.306	0.104	1.349	0.08	0.092	0.396	0.383	0.604	0.617	30
467	1808	64.12	27.46	198.946	0.156	0.3	0.098	1.355	0.063	0.076	0.363	0.348	0.637	0.652	30
468	1809	64.12	27.71	199.411	0.157	0.298	0.095	1.368	0.06	0.071	0.377	0.363	0.623	0.637	30
469	1810	64.12	27.96	198.856	0.158	0.3	0.096	1.365	0.068	0.077	0.409	0.393	0.591	0.606	30
470	1811	64.12	28.21	198.785	0.157	0.304	0.099	1.365	0.075	0.085	0.428	0.412	0.572	0.588	30
471	1812	64.12	28.46	199.377	0.156	0.303	0.099	1.364	0.069	0.08	0.409	0.392	0.591	0.608	30
472	1813	64.12	28.71	199.77	0.154	0.3	0.096	1.372	0.066	0.077	0.398	0.38	0.602	0.62	30
473	1814	64.12	28.96	199.669	0.158	0.3	0.095	1.365	0.063	0.074	0.384	0.368	0.615	0.632	30
474	1815	64.12	29.21	199.285	0.162	0.302	0.099	1.365	0.064	0.074	0.381	0.365	0.619	0.635	30
475	1816	64.12	29.46	199.34	0.163	0.299	0.096	1.367	0.063	0.072	0.383	0.367	0.617	0.633	30
476	1817	64.12	29.71	199.318	0.163	0.298	0.095	1.374	0.061	0.069	0.38	0.364	0.62	0.636	30
477	1818	64.12	29.96	199.592	0.156	0.296	0.091	1.39	0.057	0.065	0.377	0.36	0.623	0.64	30
478	1819	64.12	30.21	197.959	0.153	0.297	0.09	1.381	0.056	0.066	0.374	0.361	0.626	0.639	30
479	1820	64.12	30.46	194.839	0.151	0.296	0.09	1.363	0.056	0.066	0.373	0.361	0.627	0.639	30
480	1821	64.12	30.71	197.138	0.146	0.295	0.092	1.377	0.057	0.067	0.377	0.362	0.623	0.637	30
481	1822	64.12	30.96	195.684	0.144	0.298	0.096	1.372	0.063	0.072	0.388	0.372	0.611	0.627	30
482	1823	64.12	31.21	194.739	0.135	0.298	0.095	1.373	0.071	0.08	0.402	0.386	0.598	0.614	30
483	1824	64.12	31.46	198.028	0.136	0.299	0.095	1.38	0.068	0.077	0.404	0.389	0.595	0.611	30
484	1825	64.12	31.71	198.747	0.142	0.299	0.098	1.386	0.065	0.075	0.391	0.375	0.608	0.625	30
485	1826	64.12	31.96	198.997	0.14	0.299	0.099	1.387	0.065	0.074	0.387	0.371	0.613	0.629	30
486	1827	64.12	32.21	198.687	0.138	0.302	0.101	1.385	0.068	0.076	0.397	0.379	0.603	0.62	30
487	1828	64.12	32.46	199.337	0.138	0.302	0.102	1.37	0.072	0.08	0.407	0.39	0.593	0.61	30
488	1829	64.12	32.71	197.894	0.117	0.305	0.105	1.35	0.082	0.091	0.426	0.41	0.574	0.589	30
489	1830	64.12	32.96	197.779	0.105	0.307	0.105	1.35	0.084	0.093	0.442	0.426	0.558	0.574	30
490	1831	64.12	33.21	198.253	0.099	0.31	0.106	1.345	0.081	0.09	0.435	0.422	0.565	0.578	30
491	1832	64.12	33.46	198.715	0.1	0.312	0.108	1.349	0.076	0.086	0.425	0.413	0.575	0.587	30
492	1833	64.12	33.71	199.693	0.102	0.313	0.109	1.358	0.076	0.086	0.416	0.404	0.584	0.596	30
493	1834	64.12	33.96	199.583	0.102	0.313	0.109	1.364	0.074	0.085	0.412	0.402	0.588	0.598	30
494	1835	64.12	34.21	199.28	0.112	0.315	0.111	1.368	0.078	0.09	0.411	0.402	0.588	0.598	30
495	1836	64.12	34.46	199.219	0.117	0.315	0.111	1.359	0.083	0.094	0.417	0.408	0.583	0.592	30
496	1837	64.12	34.71	198.428	0.122	0.311	0.107	1.357	0.08	0.092	0.422	0.412	0.578	0.588	30
497	1838	63.87	10.46	145.848	0.226	0.302	0.102	1.288	0.079	0.08	0.43	0.403	0.57	0.597	30
498	1839	63.87	10.71	150.783	0.224	0.302	0.101	1.296	0.081	0.083	0.436	0.409	0.564	0.591	30
499	1840	63.87	10.96	161.92	0.216	0.302	0.102	1.302	0.083	0.084	0.443	0.413	0.557	0.587	30
500	1841	63.87	11.21	166.143	0.207	0.304	0.105	1.32	0.094	0.095	0.466	0.436	0.534	0.565	30
501	1842	63.87	11.46	177.78	0.181	0.308	0.112	1.341	0.11	0.112	0.492	0.463	0.508	0.538	30
502	1843	63.87	11.71	168.201	0.199	0.304	0.103	1.32	0.094	0.096	0.487	0.457	0.513	0.543	30
503	1844	63.87	11.96	157.819	0.211	0.302	0.097	1.303	0.085	0.084	0.474	0.444	0.526	0.557	30
504	1845	63.87	12.21	143.379	0.209	0.302	0.094	1.249	0.086	0.085	0.472	0.445	0.528	0.555	30
505	1846	63.87	12.46	135.525	0.213	0.303	0.094	1.208	0.08	0.079	0.466	0.442	0.535	0.559	30
506	1847	63.87	12.71	145.469	0.23	0.301	0.093	1.232	0.07	0.071	0.455	0.429	0.545	0.571	30
507	1848	63.87	12.96	157.517	0.214	0.3	0.093	1.286	0.069	0.071	0.459	0.425	0.541	0.575	30
508	1849	63.87	13.21	152.28	0.227	0.299	0.093	1.238	0.067	0.068	0.443	0.418	0.557	0.582	30
509	1850	63.87	13.46	155.546	0.233	0.299	0.093	1.23	0.065	0.064	0.431	0.411	0.569	0.589	30
510	1851	63.87	13.71	174.739	0.22	0.298	0.093	1.278	0.055	0.054	0.413	0.389	0.587	0.611	30
511	1852	63.87	13.96	193.59	0.208	0.302	0.094	1.336	0.062	0.061	0.448	0.411	0.553	0.589	30
512	1853	63.87	14.21	195.543	0.206	0.303	0.095	1.362	0.076	0.077	0.468	0.432	0.532	0.568	30
513	1854	63.87	14.46	195.301	0.205	0.304	0.096	1.363	0.075	0.079	0.467	0.432	0.533	0.568	30
514	1855	63.87	14.71	196.293	0.2	0.304	0.098	1.366	0.078	0.083	0.468	0.436	0.532	0.565	30
515	1856	63.87	14.96	199.19	0.186	0.306	0.099	1.371	0.078	0.085	0.469	0.442	0.53	0.558	30
516	1857	63.87	15.21	199.761	0.175	0.311	0.104	1.37	0.091	0.102	0.491	0.465	0.509	0.535	30
517	1858	63.87	15.46	199.638	0.176	0.315	0.111	1.372	0.102	0.114	0.496	0.47	0.504	0.53	30
518	1859	63.87	15.71	199.772	0.177	0.306	0.102	1.379	0.081	0.091	0.48	0.451	0.52	0.549	30
519	1860	63.87	15.96	199.705	0.183	0.301	0.097	1.379	0.073	0.082	0.476	0.447	0.524	0.553	30
520	1861	63.87	16.21	199.568	0.188	0.3	0.096	1.374	0.072	0.082	0.477	0.449	0.523	0.551	30
521	1862	63.87	16.46	199.727	0.182	0.298	0.094	1.375	0.066	0.076	0.469	0.441	0.531	0.559	30
522	1863	63.87	16.71	199.731	0.187	0.297	0.092	1.375	0.063	0.074	0.457	0.433	0.543	0.567	30
523	1864	63.87	16.96	199.74	0.185	0.299	0.092	1.368	0.064	0.074	0.453	0.428	0.547	0.572	30
524	1865	63.87	17.21	199.865	0.182	0.299	0.091	1.371	0.057	0.065	0.438	0.412	0.562	0.588	30
525	1866	63.87	17.46	199.8	0.188	0.298	0.09	1.379	0.057	0.063	0.429	0.405	0.571	0.595	30
526	1867	63.87	17.71	199.67	0.196	0.295	0.09	1.383	0.055	0.061	0.42	0.398	0.579	0.602	30
527	1868	63.87	17.96	199.644	0.203	0.294	0.089	1.383	0.056	0.063	0.418	0.397	0.581	0.603	30
528	1869	63.87	18.21	199.515	0.203	0.294	0.09	1.377	0.062	0.069	0.421	0.399	0.579	0.601	30
529	1870	63.87	18.46	199.447	0.198	0.295	0.09	1.366	0.063	0.071	0.422	0.397	0.578	0.603	30
530	1871	63.87	18.71	199.417	0.202	0.296	0.091	1.362	0.064	0.073	0.421	0.397	0.578	0.602	30
531	1872	63.87	18.96	199.633	0.195	0.297	0.093	1.357	0.067	0.077	0.427	0.404	0.573	0.596	30
532	1873	63.87	19.21	199.705	0.19	0.301	0.095	1.348	0.075	0.085	0.436	0.412	0.563	0.588	30
533	1874	63.87	19.46	199.796	0.188	0.302	0.095	1.336	0.073	0.084	0.416	0.391	0.584	0.609	30
534	1875	63.87	19.71	199.485	0.182	0.305	0.099	1.333	0.078	0.089	0.424	0.401	0.576	0.599	30
535	1876	63.87	25.21	199.973	0.139	0.31	0.111	1.357	0.099	0.113	0.437	0.423	0.563	0.577	30
536	1877	63.87	25.46	199.99	0.142	0.305	0.106	1.359	0.09	0.105	0.412	0.399	0.588	0.601	30
537	1878	63.87	25.71	199.966	0.139	0.304	0.105	1.353	0.087	0.101	0.411	0.399	0.588	0.601	30
538	1879	63.87	25.96	199.968	0.139	0.305	0.105	1.352	0.077	0.091	0.399	0.389	0.601	0.611	30
539	1880	63.87	26.21	199.968	0.145	0.303	0.103	1.361	0.072	0.086	0.401	0.39	0.599	0.61	30
540	1881	63.87	26.46	199.959	0.146	0.305	0.103	1.367	0.08	0.093	0.419	0.408	0.581	0.592	30
541	1882	63.87	26.71	199.924	0.148	0.302	0.099	1.367	0.077	0.089	0.414	0.403	0.586	0.597	30
542	1883	63.87	26.96	199.935	0.152	0.305	0.1	1.369	0.082	0.093	0.438	0.426	0.561	0.574	30
543	1884	63.87	27.21	199.895	0.154	0.302	0.097	1.364	0.075	0.087	0.42	0.408	0.58	0.592	30
544	1885	63.87	27.46	199.898	0.149	0.301	0.097	1.361	0.073	0.082	0.412	0.398	0.588	0.602	30
545	1886	63.87	27.71	199.791	0.158	0.296	0.092	1.362	0.06	0.07	0.377	0.366	0.623	0.634	30
546	1887	63.87	27.96	199.457	0.163	0.298	0.093	1.361	0.063	0.072	0.384	0.371	0.616	0.629	30
547	1888	63.87	28.21	199.001	0.159	0.3	0.092	1.362	0.067	0.077	0.412	0.399	0.588	0.601	30
548	1889	63.87	28.46	199.515	0.159	0.298	0.091	1.361	0.063	0.074	0.403	0.388	0.597	0.612	30
549	1890	63.87	28.71	199.802	0.16	0.299	0.093	1.361	0.066	0.077	0.405	0.389	0.595	0.611	30
550	1891	63.87	28.96	199.709	0.162	0.298	0.092	1.363	0.064	0.073	0.395	0.38	0.604	0.62	30
551	1892	63.87	29.21	199.651	0.165	0.296	0.091	1.367	0.061	0.069	0.388	0.372	0.611	0.628	30
552	1893	63.87	29.46	199.563	0.163	0.295	0.09	1.371	0.059	0.068	0.386	0.372	0.614	0.628	30
553	1894	63.87	29.71	199.585	0.16	0.294	0.089	1.385	0.057	0.066	0.381	0.368	0.618	0.632	30
554	1895	63.87	29.96	199.416	0.16	0.296	0.091	1.38	0.059	0.068	0.381	0.366	0.619	0.634	30
555	1896	63.87	30.21	198.242	0.159	0.296	0.089	1.384	0.057	0.066	0.378	0.365	0.621	0.635	30
556	1897	63.87	30.46	196.466	0.16	0.298	0.091	1.372	0.062	0.071	0.387	0.374	0.612	0.626	30
557	1898	63.87	30.71	196.873	0.159	0.297	0.094	1.371	0.063	0.073	0.384	0.369	0.615	0.631	30
558	1899	63.87	30.96	191.777	0.161	0.301	0.101	1.365	0.068	0.077	0.389	0.372	0.611	0.628	30
559	1900	63.87	31.21	192.345	0.144	0.295	0.093	1.384	0.063	0.071	0.387	0.371	0.613	0.628	30
560	1901	63.87	31.46	196.111	0.146	0.298	0.093	1.381	0.064	0.073	0.393	0.381	0.606	0.618	30
561	1902	63.87	31.71	198.004	0.146	0.298	0.096	1.387	0.059	0.068	0.381	0.366	0.618	0.634	30
562	1903	63.87	31.96	199.483	0.137	0.298	0.098	1.396	0.061	0.07	0.384	0.366	0.616	0.634	30
563	1904	63.87	32.21	199.392	0.133	0.302	0.102	1.388	0.073	0.082	0.412	0.392	0.588	0.608	30
564	1905	63.87	32.46	199.508	0.134	0.303	0.104	1.378	0.082	0.092	0.427	0.406	0.573	0.594	30
565	1906	63.87	32.71	199.646	0.122	0.305	0.105	1.359	0.086	0.096	0.434	0.416	0.566	0.584	30
566	1907	63.87	32.96	198.944	0.115	0.308	0.107	1.36	0.087	0.096	0.435	0.421	0.565	0.579	30
567	1908	63.87	33.21	198.632	0.1	0.317	0.115	1.354	0.088	0.098	0.432	0.42	0.568	0.58	30
568	1909	63.87	33.46	198.209	0.1	0.32	0.116	1.351	0.092	0.102	0.435	0.424	0.565	0.576	30
569	1910	63.87	33.71	199.2	0.087	0.317	0.113	1.354	0.097	0.107	0.45	0.438	0.55	0.562	30
570	1911	63.87	33.96	199.341	0.088	0.315	0.111	1.362	0.086	0.097	0.431	0.421	0.569	0.579	30
571	1912	63.87	34.21	197.93	0.11	0.315	0.112	1.366	0.085	0.096	0.426	0.416	0.574	0.584	30
572	1913	63.87	34.46	193.916	0.134	0.32	0.117	1.337	0.096	0.105	0.434	0.424	0.566	0.576	30
573	1914	63.87	34.71	194.747	0.135	0.313	0.111	1.352	0.078	0.088	0.411	0.4	0.588	0.6	30
574	1915	63.62	8.96	169.397	0.182	0.304	0.107	1.293	0.084	0.087	0.385	0.363	0.615	0.637	30
575	1916	63.62	9.96	157.706	0.202	0.304	0.107	1.294	0.087	0.091	0.433	0.404	0.568	0.597	30
576	1917	63.62	10.21	153.448	0.218	0.305	0.105	1.286	0.084	0.087	0.441	0.408	0.559	0.592	30
577	1918	63.62	10.96	172.335	0.199	0.305	0.107	1.322	0.102	0.104	0.476	0.446	0.524	0.554	30
578	1919	63.62	11.21	171.631	0.202	0.306	0.107	1.341	0.105	0.107	0.496	0.464	0.504	0.536	30
579	1920	63.62	11.46	160.401	0.213	0.304	0.102	1.332	0.093	0.094	0.487	0.455	0.513	0.545	30
580	1921	63.62	11.71	151.865	0.225	0.303	0.099	1.307	0.086	0.086	0.477	0.447	0.523	0.553	30
581	1922	63.62	11.96	149.838	0.225	0.302	0.097	1.286	0.087	0.088	0.478	0.452	0.522	0.548	30
582	1923	63.62	12.21	151.75	0.21	0.303	0.094	1.243	0.085	0.085	0.477	0.455	0.523	0.546	30
583	1924	63.62	12.46	159.977	0.202	0.303	0.093	1.25	0.076	0.076	0.469	0.441	0.531	0.559	30
584	1925	63.62	12.71	165.195	0.214	0.3	0.092	1.283	0.068	0.069	0.462	0.429	0.539	0.571	30
585	1926	63.62	12.96	178.585	0.216	0.302	0.095	1.314	0.074	0.075	0.468	0.427	0.532	0.573	30
586	1927	63.62	13.21	181.123	0.216	0.301	0.094	1.326	0.071	0.072	0.468	0.426	0.532	0.574	30
587	1928	63.62	13.46	187.717	0.207	0.302	0.094	1.338	0.066	0.068	0.461	0.42	0.539	0.58	30
588	1929	63.62	13.71	194.14	0.2	0.304	0.098	1.358	0.072	0.075	0.464	0.424	0.536	0.576	30
589	1930	63.62	13.96	195.884	0.202	0.307	0.102	1.366	0.084	0.088	0.481	0.443	0.519	0.557	30
590	1931	63.62	14.21	197.341	0.197	0.306	0.1	1.368	0.084	0.089	0.473	0.44	0.527	0.56	30
591	1932	63.62	14.46	199.578	0.19	0.307	0.101	1.381	0.078	0.089	0.462	0.434	0.537	0.566	30
592	1933	63.62	14.71	199.523	0.186	0.309	0.104	1.388	0.084	0.096	0.488	0.457	0.512	0.543	30
593	1934	63.62	14.96	199.698	0.182	0.309	0.104	1.387	0.085	0.096	0.487	0.456	0.513	0.544	30
594	1935	63.62	15.21	199.908	0.175	0.313	0.108	1.377	0.092	0.105	0.485	0.459	0.515	0.541	30
595	1936	63.62	15.46	199.963	0.17	0.311	0.108	1.384	0.083	0.096	0.47	0.445	0.53	0.555	30
596	1937	63.62	15.71	199.877	0.18	0.302	0.1	1.393	0.072	0.082	0.465	0.437	0.535	0.563	30
597	1938	63.62	15.96	199.805	0.185	0.302	0.099	1.389	0.078	0.088	0.476	0.449	0.524	0.551	30
598	1939	63.62	16.21	199.629	0.187	0.301	0.098	1.381	0.076	0.087	0.476	0.45	0.524	0.55	30
599	1940	63.62	16.46	199.705	0.186	0.299	0.096	1.386	0.071	0.083	0.471	0.445	0.529	0.555	30
600	1941	63.62	16.71	199.835	0.184	0.299	0.095	1.38	0.067	0.079	0.462	0.439	0.537	0.561	30
601	1942	63.62	16.96	199.865	0.179	0.299	0.094	1.366	0.063	0.075	0.446	0.423	0.554	0.577	30
602	1943	63.62	17.21	199.876	0.183	0.3	0.093	1.364	0.061	0.071	0.433	0.409	0.567	0.591	30
603	1944	63.62	17.46	199.874	0.191	0.299	0.091	1.368	0.064	0.073	0.43	0.407	0.57	0.593	30
604	1945	63.62	17.71	199.786	0.197	0.298	0.092	1.363	0.066	0.074	0.426	0.403	0.573	0.597	30
605	1946	63.62	17.96	199.583	0.202	0.297	0.092	1.371	0.068	0.076	0.422	0.399	0.577	0.601	30
606	1947	63.62	18.21	199.331	0.205	0.297	0.094	1.367	0.074	0.083	0.429	0.405	0.571	0.595	30
607	1948	63.62	18.46	198.942	0.198	0.296	0.094	1.35	0.076	0.086	0.424	0.4	0.576	0.6	30
608	1949	63.62	18.71	198.845	0.195	0.297	0.095	1.338	0.077	0.088	0.424	0.401	0.576	0.599	30
609	1950	63.62	18.96	199.287	0.19	0.301	0.098	1.319	0.078	0.089	0.414	0.393	0.586	0.607	30
610	1951	63.62	19.21	199.286	0.188	0.302	0.1	1.306	0.077	0.088	0.391	0.37	0.609	0.63	30
611	1952	63.62	23.96	199.682	0.143	0.306	0.107	1.332	0.074	0.088	0.387	0.377	0.613	0.623	30
612	1953	63.62	24.21	199.805	0.143	0.308	0.108	1.325	0.08	0.095	0.404	0.392	0.596	0.608	30
613	1954	63.62	24.46	199.871	0.15	0.306	0.105	1.321	0.077	0.093	0.398	0.385	0.602	0.615	30
614	1955	63.62	24.71	199.404	0.151	0.306	0.106	1.324	0.075	0.092	0.383	0.371	0.617	0.629	30
615	1956	63.62	24.96	199.341	0.147	0.305	0.106	1.339	0.082	0.099	0.4	0.388	0.6	0.612	30
616	1957	63.62	25.21	199.864	0.149	0.303	0.104	1.357	0.087	0.102	0.417	0.402	0.583	0.598	30
617	1958	63.62	25.46	199.92	0.151	0.3	0.101	1.359	0.081	0.094	0.399	0.385	0.601	0.615	30
618	1959	63.62	25.71	199.843	0.154	0.301	0.102	1.346	0.076	0.09	0.392	0.378	0.608	0.622	30
619	1960	63.62	25.96	199.591	0.156	0.305	0.106	1.354	0.08	0.094	0.408	0.394	0.592	0.606	30
620	1961	63.62	26.21	199.873	0.155	0.302	0.102	1.374	0.081	0.094	0.431	0.416	0.569	0.584	30
621	1962	63.62	26.46	199.935	0.147	0.307	0.107	1.376	0.101	0.113	0.476	0.461	0.524	0.539	30
622	1963	63.62	26.71	199.872	0.147	0.308	0.11	1.375	0.104	0.115	0.467	0.454	0.533	0.546	30
623	1964	63.62	26.96	199.851	0.146	0.309	0.11	1.377	0.107	0.117	0.48	0.467	0.52	0.533	30
624	1965	63.62	27.21	199.853	0.141	0.313	0.112	1.381	0.115	0.124	0.503	0.489	0.497	0.511	30
625	1966	63.62	27.46	199.915	0.146	0.31	0.108	1.376	0.1	0.107	0.477	0.461	0.523	0.539	30
626	1967	63.62	27.71	199.946	0.16	0.301	0.098	1.368	0.073	0.082	0.416	0.402	0.584	0.598	30
627	1968	63.62	27.96	199.957	0.162	0.3	0.096	1.367	0.067	0.076	0.391	0.379	0.608	0.621	30
628	1969	63.62	28.21	199.757	0.16	0.297	0.092	1.364	0.064	0.074	0.389	0.378	0.611	0.622	30
629	1970	63.62	28.46	199.634	0.16	0.295	0.09	1.365	0.061	0.071	0.388	0.376	0.612	0.624	30
630	1971	63.62	28.71	199.842	0.157	0.299	0.095	1.367	0.073	0.083	0.423	0.408	0.576	0.591	30
631	1972	63.62	28.96	199.663	0.155	0.304	0.101	1.37	0.088	0.095	0.46	0.442	0.54	0.558	30
632	1973	63.62	29.21	198.817	0.16	0.302	0.099	1.365	0.077	0.084	0.431	0.413	0.568	0.587	30
633	1974	63.62	29.46	198.945	0.163	0.296	0.093	1.367	0.065	0.073	0.4	0.385	0.6	0.615	30
634	1975	63.62	29.71	199.579	0.161	0.295	0.091	1.381	0.062	0.071	0.397	0.381	0.603	0.619	30
635	1976	63.62	29.96	199.539	0.161	0.295	0.091	1.38	0.06	0.069	0.383	0.368	0.616	0.632	30
636	1977	63.62	30.21	198.713	0.163	0.294	0.089	1.384	0.06	0.069	0.381	0.366	0.618	0.633	30
637	1978	63.62	30.46	197.119	0.178	0.299	0.095	1.369	0.069	0.077	0.392	0.376	0.607	0.624	30
638	1979	63.62	30.71	197.383	0.167	0.297	0.094	1.374	0.065	0.074	0.383	0.368	0.616	0.632	30
639	1980	63.62	30.96	196.123	0.158	0.296	0.095	1.381	0.064	0.074	0.385	0.368	0.615	0.631	30
640	1981	63.62	31.21	194.634	0.148	0.296	0.095	1.384	0.067	0.076	0.395	0.378	0.605	0.622	30
641	1982	63.62	31.46	195.248	0.141	0.298	0.093	1.387	0.066	0.075	0.404	0.388	0.596	0.612	30
642	1983	63.62	31.71	193.841	0.138	0.299	0.096	1.385	0.072	0.081	0.411	0.395	0.588	0.605	30
643	1984	63.62	31.96	195.016	0.145	0.299	0.099	1.389	0.07	0.08	0.408	0.392	0.592	0.608	30
644	1985	63.62	32.21	198.385	0.133	0.303	0.104	1.376	0.078	0.088	0.423	0.405	0.577	0.594	30
645	1986	63.62	32.46	198.005	0.137	0.304	0.104	1.38	0.083	0.093	0.437	0.418	0.563	0.582	30
646	1987	63.62	32.71	199.341	0.13	0.302	0.103	1.376	0.084	0.094	0.429	0.413	0.571	0.586	30
647	1988	63.62	32.96	199.234	0.123	0.306	0.107	1.375	0.086	0.096	0.431	0.415	0.569	0.585	30
648	1989	63.62	33.21	199.15	0.121	0.31	0.109	1.374	0.081	0.091	0.425	0.41	0.575	0.59	30
649	1990	63.62	33.46	198.001	0.115	0.314	0.112	1.362	0.091	0.101	0.437	0.426	0.562	0.574	30
650	1991	63.62	33.71	197.796	0.094	0.318	0.113	1.351	0.1	0.109	0.459	0.446	0.541	0.553	30
651	1992	63.62	33.96	198.662	0.086	0.318	0.114	1.352	0.103	0.114	0.459	0.448	0.541	0.552	30
652	1993	63.62	34.21	198.36	0.094	0.317	0.113	1.336	0.094	0.105	0.436	0.426	0.564	0.574	30
653	1994	63.62	34.46	191.057	0.136	0.323	0.12	1.274	0.112	0.121	0.452	0.443	0.548	0.557	30
654	1995	63.62	34.71	183.057	0.179	0.331	0.128	1.272	0.132	0.138	0.481	0.469	0.519	0.531	30
655	1996	63.37	8.96	160.242	0.232	0.305	0.105	1.283	0.077	0.078	0.424	0.395	0.576	0.605	30
656	1997	63.37	10.21	173.508	0.197	0.307	0.109	1.321	0.107	0.11	0.483	0.454	0.517	0.546	30
657	1998	63.37	10.46	172.475	0.203	0.305	0.104	1.324	0.104	0.105	0.486	0.457	0.514	0.544	30
658	1999	63.37	10.71	167.565	0.209	0.303	0.101	1.319	0.097	0.097	0.475	0.446	0.525	0.554	30
659	2000	63.37	10.96	170.306	0.21	0.304	0.103	1.336	0.101	0.102	0.485	0.455	0.515	0.545	30
660	2001	63.37	11.21	162.431	0.228	0.303	0.1	1.33	0.093	0.094	0.486	0.453	0.514	0.547	30
661	2002	63.37	11.46	149.064	0.245	0.303	0.099	1.286	0.083	0.084	0.472	0.445	0.528	0.555	30
662	2003	63.37	11.71	160.706	0.239	0.301	0.097	1.299	0.085	0.087	0.474	0.446	0.527	0.554	30
663	2004	63.37	11.96	159.924	0.226	0.301	0.096	1.279	0.083	0.084	0.471	0.447	0.53	0.554	30
664	2005	63.37	12.21	159.456	0.217	0.304	0.095	1.232	0.073	0.074	0.453	0.434	0.547	0.566	30
665	2006	63.37	12.46	177.484	0.206	0.303	0.093	1.286	0.063	0.065	0.445	0.419	0.555	0.581	30
666	2007	63.37	12.71	186.663	0.212	0.301	0.093	1.336	0.063	0.065	0.454	0.418	0.547	0.582	30
667	2008	63.37	12.96	186.796	0.227	0.301	0.095	1.325	0.064	0.064	0.456	0.418	0.544	0.582	30
668	2009	63.37	13.21	191.795	0.218	0.302	0.098	1.356	0.068	0.071	0.463	0.42	0.537	0.581	30
669	2010	63.37	13.46	194.301	0.207	0.304	0.099	1.374	0.08	0.085	0.474	0.43	0.526	0.57	30
670	2011	63.37	13.71	196.829	0.201	0.307	0.104	1.381	0.09	0.098	0.48	0.44	0.52	0.56	30
