# Command file for Castanea
# Generated on Rstudio by user vandermeersch, on the 2023-06-23

# The filenames below are relative to the folder containing this command file
castaneaFileName	=	CastaneaSpecies_08_2021.txt
inventoryFileName	=	C:/Users/vandermeersch/Documents/CEFE/phd/hindcasting/simulation/castanea/run/inventory.txt

climateBaseName	=	D:/climate/HadCM3B_60Kyr_Climate/2023_dataset/castanea_format/025deg/5500BP/
climateExtension	=	.txt
simulationName	=	ind1_


#	siteId	gridName	latitude	longitude	soilHeight	stone	wfc	wilt	bulk	SOLCLAYtop	SOLCLAYsol	SOLFINtop	SOLFINsol	SOLSANDtop	SOLSANDsol	numberOfYears
1	10055	45.62	34.71	199.968	0.025	0.335	0.211	1.463	0.306	0.313	0.736	0.724	0.264	0.276	30
2	10056	45.37	-1.04	199.904	0.074	0.3	0.148	1.495	0.197	0.208	0.486	0.472	0.514	0.528	30
3	10057	45.37	-0.539999999999999	199.983	0.109	0.311	0.178	1.506	0.252	0.288	0.624	0.619	0.376	0.381	30
4	10058	45.37	-0.289999999999999	199.963	0.126	0.317	0.189	1.506	0.263	0.308	0.662	0.664	0.338	0.336	30
5	10059	45.37	-0.0399999999999991	199.999	0.137	0.321	0.193	1.503	0.261	0.307	0.684	0.686	0.316	0.314	30
6	10060	45.37	0.210000000000001	199.996	0.136	0.321	0.195	1.505	0.265	0.318	0.697	0.702	0.302	0.298	30
7	10061	45.37	0.460000000000001	199.997	0.137	0.322	0.195	1.506	0.256	0.318	0.669	0.679	0.331	0.321	30
8	10062	45.37	0.710000000000001	199.996	0.139	0.321	0.19	1.5	0.24	0.303	0.624	0.638	0.376	0.363	30
9	10063	45.37	0.960000000000001	199.999	0.141	0.318	0.184	1.5	0.227	0.285	0.609	0.618	0.391	0.382	30
10	10064	45.37	1.21	200	0.137	0.314	0.174	1.5	0.216	0.265	0.602	0.605	0.398	0.395	30
11	10065	45.37	1.46	199.999	0.13	0.312	0.167	1.496	0.208	0.251	0.586	0.585	0.414	0.415	30
12	10066	45.37	1.71	199.995	0.135	0.308	0.156	1.48	0.188	0.227	0.552	0.545	0.448	0.455	30
13	10067	45.37	1.96	199.921	0.154	0.299	0.138	1.462	0.162	0.19	0.503	0.488	0.497	0.512	30
14	10068	45.37	2.21	199.787	0.159	0.306	0.14	1.456	0.173	0.195	0.522	0.504	0.478	0.497	30
15	10069	45.37	2.46	199.808	0.161	0.316	0.15	1.449	0.192	0.219	0.558	0.542	0.442	0.458	30
16	10070	45.37	2.71	199.357	0.181	0.321	0.151	1.42	0.2	0.221	0.576	0.555	0.424	0.445	30
17	10071	45.37	2.96	199.071	0.193	0.322	0.154	1.425	0.211	0.231	0.585	0.571	0.414	0.429	30
18	10072	45.37	3.21	199.589	0.163	0.313	0.163	1.49	0.228	0.257	0.571	0.569	0.429	0.431	30
19	10073	45.37	3.46	198.305	0.171	0.301	0.148	1.463	0.195	0.222	0.533	0.521	0.467	0.479	30
20	10074	45.37	3.71	196.896	0.189	0.298	0.134	1.437	0.17	0.189	0.502	0.483	0.498	0.517	30
21	10075	45.37	3.96	199.032	0.183	0.297	0.138	1.467	0.18	0.205	0.501	0.493	0.499	0.507	30
22	10076	45.37	4.21	199.643	0.162	0.301	0.15	1.49	0.199	0.232	0.528	0.527	0.472	0.473	30
23	10077	45.37	4.46	198.657	0.184	0.308	0.152	1.454	0.203	0.231	0.55	0.538	0.45	0.462	30
24	10078	45.37	4.71	199.59	0.146	0.309	0.167	1.495	0.223	0.26	0.594	0.592	0.405	0.408	30
25	10079	45.37	4.96	199.999	0.101	0.308	0.176	1.516	0.228	0.273	0.652	0.65	0.347	0.35	30
26	10080	45.37	5.21	199.945	0.107	0.309	0.169	1.508	0.225	0.269	0.652	0.646	0.348	0.354	30
27	10081	45.37	5.46	198.195	0.13	0.313	0.164	1.483	0.227	0.263	0.637	0.629	0.363	0.371	30
28	10082	45.37	5.71	190.357	0.17	0.32	0.159	1.432	0.222	0.247	0.617	0.599	0.383	0.401	30
29	10083	45.37	5.96	175.014	0.201	0.317	0.148	1.388	0.202	0.218	0.585	0.562	0.415	0.438	30
30	10084	45.37	6.21	152.787	0.234	0.314	0.133	1.328	0.166	0.175	0.533	0.509	0.467	0.491	30
31	10085	45.37	6.46	142.272	0.245	0.315	0.127	1.314	0.151	0.155	0.517	0.493	0.483	0.507	30
32	10086	45.37	6.71	113.898	0.272	0.312	0.119	1.272	0.131	0.132	0.494	0.468	0.506	0.532	30
33	10087	45.37	6.96	103.872	0.293	0.311	0.115	1.273	0.121	0.121	0.482	0.455	0.518	0.545	30
34	10088	45.37	7.21	118.025	0.299	0.309	0.115	1.288	0.124	0.125	0.475	0.448	0.525	0.552	30
35	10089	45.37	7.46	156.143	0.263	0.313	0.13	1.363	0.15	0.159	0.511	0.488	0.489	0.512	30
36	10090	45.37	7.71	186.62	0.195	0.31	0.147	1.448	0.174	0.198	0.564	0.555	0.436	0.445	30
37	10091	45.37	7.96	197.19	0.152	0.307	0.16	1.489	0.194	0.225	0.613	0.608	0.387	0.392	30
38	10092	45.37	8.21	199.732	0.127	0.309	0.162	1.492	0.206	0.233	0.653	0.647	0.347	0.353	30
39	10093	45.37	8.46	199.978	0.107	0.305	0.161	1.489	0.204	0.226	0.652	0.642	0.349	0.358	30
40	10094	45.37	8.71	199.993	0.109	0.301	0.162	1.493	0.204	0.224	0.631	0.621	0.369	0.38	30
41	10095	45.37	8.96	200	0.106	0.297	0.161	1.499	0.205	0.224	0.625	0.612	0.375	0.388	30
42	10096	45.37	9.21	200	0.1	0.297	0.161	1.501	0.21	0.225	0.638	0.621	0.362	0.379	30
43	10097	45.37	9.46	200	0.1	0.297	0.162	1.505	0.207	0.222	0.644	0.627	0.356	0.373	30
44	10098	45.37	9.71	199.998	0.097	0.296	0.163	1.51	0.208	0.225	0.643	0.631	0.357	0.369	30
45	10099	45.37	9.96	199.946	0.102	0.295	0.162	1.508	0.207	0.219	0.632	0.621	0.368	0.379	30
46	10100	45.37	10.21	199.709	0.111	0.301	0.168	1.504	0.22	0.233	0.643	0.632	0.357	0.368	30
47	10101	45.37	10.46	199.699	0.115	0.305	0.173	1.507	0.23	0.244	0.647	0.638	0.353	0.362	30
48	10102	45.37	10.71	199.619	0.109	0.308	0.17	1.508	0.229	0.244	0.635	0.629	0.365	0.372	30
49	10103	45.37	10.96	199.805	0.112	0.309	0.174	1.504	0.24	0.256	0.648	0.641	0.352	0.359	30
50	10104	45.37	11.21	199.83	0.107	0.315	0.176	1.501	0.252	0.27	0.66	0.651	0.339	0.349	30
51	10105	45.37	11.46	199.973	0.106	0.324	0.185	1.499	0.269	0.288	0.679	0.669	0.321	0.331	30
52	10106	45.37	11.71	199.973	0.098	0.322	0.176	1.502	0.253	0.265	0.668	0.654	0.332	0.346	30
53	10107	45.37	11.96	199.983	0.084	0.322	0.167	1.505	0.239	0.241	0.662	0.641	0.338	0.359	30
54	10108	45.37	12.21	199.943	0.089	0.326	0.172	1.498	0.252	0.256	0.675	0.654	0.325	0.346	30
55	10109	45.37	13.71	199.973	0.056	0.348	0.221	1.463	0.325	0.378	0.694	0.701	0.306	0.299	30
56	10110	45.37	13.96	199.966	0.079	0.349	0.21	1.441	0.312	0.358	0.687	0.685	0.313	0.315	30
57	10111	45.37	14.21	199.905	0.107	0.351	0.198	1.406	0.295	0.336	0.682	0.668	0.318	0.332	30
58	10112	45.37	14.46	199.829	0.114	0.357	0.201	1.399	0.311	0.355	0.702	0.686	0.298	0.314	30
59	10113	45.37	14.71	199.955	0.102	0.35	0.193	1.392	0.298	0.336	0.698	0.675	0.302	0.325	30
60	10114	45.37	14.96	199.972	0.091	0.347	0.192	1.398	0.29	0.334	0.704	0.681	0.296	0.319	30
61	10115	45.37	15.21	199.993	0.048	0.347	0.202	1.439	0.302	0.357	0.725	0.717	0.275	0.283	30
62	10116	45.37	15.46	200	0.024	0.341	0.203	1.473	0.292	0.357	0.709	0.711	0.291	0.289	30
63	10117	45.37	15.71	200	0.017	0.326	0.19	1.491	0.269	0.326	0.679	0.68	0.321	0.32	30
64	10118	45.37	15.96	200	0.011	0.315	0.182	1.512	0.25	0.3	0.658	0.656	0.342	0.344	30
65	10119	45.37	16.21	200	0.012	0.311	0.18	1.522	0.255	0.296	0.661	0.654	0.339	0.346	30
66	10120	45.37	16.46	200	0.009	0.308	0.18	1.523	0.262	0.297	0.659	0.649	0.341	0.351	30
67	10121	45.37	16.71	200	0.007	0.308	0.178	1.522	0.263	0.288	0.648	0.635	0.352	0.365	30
68	10122	45.37	16.96	200	0.009	0.302	0.174	1.524	0.253	0.278	0.647	0.635	0.353	0.365	30
69	10123	45.37	17.21	199.996	0.024	0.304	0.173	1.516	0.242	0.268	0.638	0.626	0.362	0.374	30
70	10124	45.37	17.46	199.996	0.036	0.305	0.17	1.51	0.231	0.256	0.622	0.607	0.378	0.393	30
71	10125	45.37	17.71	200	0.03	0.301	0.173	1.521	0.233	0.259	0.627	0.614	0.373	0.386	30
72	10126	45.37	17.96	200	0.022	0.299	0.175	1.531	0.237	0.262	0.634	0.624	0.366	0.376	30
73	10127	45.37	18.21	200	0.011	0.295	0.173	1.538	0.244	0.262	0.649	0.639	0.351	0.361	30
74	10128	45.37	18.46	200	0.004	0.293	0.167	1.54	0.253	0.259	0.659	0.643	0.341	0.357	30
75	10129	45.37	18.71	200	0.002	0.295	0.168	1.536	0.257	0.258	0.66	0.642	0.34	0.358	30
76	10130	45.37	18.96	200	0.004	0.298	0.167	1.527	0.255	0.256	0.655	0.634	0.345	0.366	30
77	10131	45.37	19.21	200	0.007	0.3	0.169	1.518	0.25	0.25	0.649	0.623	0.351	0.377	30
78	10132	45.37	19.46	200	0.014	0.302	0.175	1.508	0.247	0.246	0.639	0.612	0.361	0.388	30
79	10133	45.37	19.71	200	0.018	0.307	0.178	1.498	0.259	0.26	0.652	0.629	0.348	0.371	30
80	10134	45.37	19.96	200	0.017	0.312	0.184	1.497	0.271	0.273	0.662	0.64	0.338	0.36	30
81	10135	45.37	20.21	200	0.015	0.316	0.189	1.5	0.285	0.289	0.67	0.649	0.33	0.351	30
82	10136	45.37	20.46	200	0.018	0.325	0.193	1.496	0.292	0.297	0.681	0.661	0.319	0.339	30
83	10137	45.37	20.71	200	0.02	0.327	0.197	1.495	0.303	0.309	0.704	0.684	0.296	0.316	30
84	10138	45.37	20.96	200	0.021	0.328	0.204	1.502	0.319	0.326	0.725	0.706	0.276	0.294	30
85	10139	45.37	21.21	199.998	0.018	0.327	0.204	1.512	0.322	0.333	0.733	0.719	0.267	0.282	30
86	10140	45.37	21.46	199.996	0.024	0.32	0.199	1.522	0.302	0.321	0.717	0.709	0.283	0.291	30
87	10141	45.37	21.71	199.997	0.05	0.309	0.187	1.521	0.264	0.295	0.653	0.646	0.347	0.354	30
88	10142	45.37	21.96	199.943	0.083	0.313	0.183	1.511	0.248	0.284	0.636	0.626	0.365	0.374	30
89	10143	45.37	22.21	199.847	0.098	0.312	0.175	1.502	0.236	0.266	0.625	0.611	0.375	0.389	30
90	10144	45.37	22.46	194.98	0.183	0.316	0.158	1.423	0.203	0.22	0.606	0.578	0.394	0.422	30
91	10145	45.37	22.71	183.689	0.238	0.314	0.136	1.356	0.163	0.17	0.555	0.517	0.445	0.482	30
92	10146	45.37	22.96	186.549	0.216	0.314	0.143	1.384	0.178	0.189	0.575	0.541	0.424	0.459	30
93	10147	45.37	23.21	196.679	0.176	0.316	0.152	1.435	0.198	0.214	0.611	0.579	0.389	0.421	30
94	10148	45.37	23.46	191.464	0.207	0.31	0.138	1.393	0.172	0.18	0.578	0.539	0.422	0.461	30
95	10149	45.37	23.71	186.092	0.245	0.308	0.125	1.337	0.146	0.149	0.537	0.49	0.463	0.51	30
96	10150	45.37	23.96	193.264	0.239	0.31	0.131	1.364	0.165	0.172	0.559	0.515	0.441	0.485	30
97	10151	45.37	24.21	196.661	0.193	0.314	0.152	1.428	0.204	0.22	0.6	0.568	0.4	0.432	30
98	10152	45.37	24.46	195.956	0.169	0.314	0.153	1.44	0.206	0.223	0.617	0.589	0.383	0.411	30
99	10153	45.37	24.71	192.133	0.205	0.313	0.144	1.403	0.185	0.196	0.592	0.56	0.408	0.44	30
100	10154	45.37	24.96	191.146	0.227	0.313	0.142	1.387	0.178	0.187	0.579	0.545	0.421	0.454	30
101	10155	45.37	25.21	196.185	0.222	0.315	0.145	1.391	0.186	0.197	0.601	0.568	0.398	0.431	30
102	10156	45.37	25.46	193.036	0.227	0.322	0.151	1.374	0.195	0.21	0.615	0.585	0.385	0.415	30
103	10157	45.37	25.71	197.899	0.219	0.326	0.16	1.394	0.21	0.232	0.633	0.608	0.367	0.392	30
104	10158	45.37	25.96	198.826	0.197	0.324	0.164	1.42	0.219	0.243	0.641	0.618	0.359	0.382	30
105	10159	45.37	26.21	199.335	0.172	0.319	0.168	1.462	0.228	0.251	0.647	0.63	0.353	0.37	30
106	10160	45.37	26.46	199.629	0.146	0.316	0.174	1.484	0.241	0.266	0.654	0.642	0.346	0.358	30
107	10161	45.37	26.71	199.931	0.113	0.322	0.186	1.498	0.267	0.293	0.689	0.681	0.311	0.319	30
108	10162	45.37	26.96	200	0.065	0.331	0.194	1.492	0.293	0.312	0.734	0.727	0.266	0.273	30
109	10163	45.37	27.21	200	0.032	0.331	0.199	1.482	0.306	0.317	0.762	0.753	0.237	0.247	30
110	10164	45.37	27.46	200	0.024	0.326	0.196	1.479	0.3	0.31	0.75	0.738	0.25	0.262	30
111	10165	45.37	27.71	200	0.027	0.325	0.193	1.474	0.29	0.297	0.748	0.734	0.252	0.266	30
112	10166	45.37	27.96	200	0.035	0.331	0.195	1.471	0.295	0.299	0.754	0.738	0.246	0.262	30
113	10167	45.37	28.21	199.993	0.048	0.329	0.192	1.476	0.291	0.296	0.749	0.732	0.251	0.268	30
114	10168	45.37	28.46	199.988	0.056	0.322	0.183	1.474	0.276	0.285	0.734	0.719	0.266	0.281	30
115	10169	45.37	28.71	199.981	0.048	0.325	0.181	1.466	0.272	0.278	0.725	0.71	0.275	0.29	30
116	10170	45.37	28.96	199.994	0.036	0.33	0.183	1.458	0.28	0.281	0.725	0.707	0.276	0.293	30
117	10171	45.37	29.21	199.933	0.032	0.335	0.176	1.45	0.271	0.264	0.703	0.682	0.297	0.318	30
118	10172	45.37	29.46	199.279	0.047	0.342	0.168	1.42	0.276	0.265	0.678	0.655	0.322	0.345	30
119	10173	45.37	29.71	197.519	0.06	0.348	0.165	1.424	0.283	0.272	0.669	0.644	0.331	0.356	30
120	10174	45.37	32.96	199.968	0.061	0.31	0.185	1.509	0.26	0.271	0.682	0.677	0.318	0.323	30
121	10175	45.37	33.21	199.997	0.036	0.309	0.186	1.506	0.265	0.277	0.687	0.683	0.313	0.317	30
122	10176	45.37	33.46	199.999	0.029	0.314	0.192	1.502	0.275	0.284	0.698	0.693	0.302	0.307	30
123	10177	45.37	33.71	199.999	0.032	0.319	0.199	1.5	0.284	0.295	0.714	0.707	0.286	0.293	30
124	10178	45.37	33.96	199.999	0.03	0.332	0.21	1.492	0.303	0.317	0.755	0.748	0.246	0.253	30
125	10179	45.37	34.21	200	0.029	0.331	0.213	1.485	0.313	0.328	0.775	0.768	0.225	0.232	30
126	10180	45.37	34.46	199.999	0.034	0.333	0.217	1.48	0.326	0.34	0.792	0.785	0.208	0.215	30
127	10181	45.37	34.71	199.986	0.035	0.331	0.216	1.475	0.323	0.338	0.781	0.775	0.219	0.225	30
128	10182	45.12	-1.04	199.645	0.066	0.29	0.133	1.496	0.161	0.178	0.392	0.388	0.608	0.612	30
129	10183	45.12	-0.789999999999999	199.96	0.075	0.291	0.142	1.502	0.18	0.2	0.452	0.444	0.548	0.556	30
130	10184	45.12	-0.539999999999999	199.975	0.091	0.3	0.16	1.512	0.216	0.242	0.54	0.532	0.46	0.468	30
131	10185	45.12	-0.289999999999999	199.951	0.107	0.302	0.165	1.513	0.214	0.256	0.542	0.547	0.458	0.453	30
132	10186	45.12	-0.0399999999999991	199.994	0.115	0.305	0.169	1.509	0.218	0.26	0.575	0.578	0.425	0.422	30
133	10187	45.12	0.210000000000001	199.985	0.117	0.308	0.173	1.511	0.22	0.27	0.593	0.601	0.407	0.399	30
134	10188	45.12	0.460000000000001	199.989	0.131	0.313	0.183	1.51	0.228	0.285	0.617	0.626	0.383	0.374	30
135	10189	45.12	0.710000000000001	199.998	0.14	0.318	0.191	1.505	0.241	0.304	0.632	0.643	0.368	0.357	30
136	10190	45.12	0.960000000000001	199.999	0.142	0.319	0.191	1.504	0.24	0.304	0.627	0.638	0.373	0.362	30
137	10191	45.12	1.21	200	0.138	0.321	0.19	1.502	0.245	0.303	0.639	0.647	0.361	0.353	30
138	10192	45.12	1.46	199.999	0.13	0.321	0.188	1.501	0.245	0.296	0.642	0.648	0.358	0.352	30
139	10193	45.12	1.71	199.992	0.13	0.315	0.174	1.488	0.218	0.264	0.607	0.605	0.393	0.395	30
140	10194	45.12	1.96	199.83	0.142	0.305	0.152	1.471	0.183	0.219	0.545	0.535	0.455	0.465	30
141	10195	45.12	2.21	199.752	0.145	0.312	0.152	1.458	0.19	0.22	0.56	0.545	0.44	0.455	30
142	10196	45.12	2.46	199.547	0.162	0.328	0.164	1.423	0.219	0.249	0.616	0.598	0.384	0.402	30
143	10197	45.12	2.71	197.374	0.192	0.33	0.157	1.392	0.213	0.232	0.603	0.583	0.397	0.417	30
144	10198	45.12	2.96	198.759	0.17	0.324	0.159	1.446	0.222	0.243	0.594	0.584	0.406	0.416	30
145	10199	45.12	3.21	198.044	0.168	0.311	0.152	1.472	0.207	0.233	0.552	0.545	0.447	0.456	30
146	10200	45.12	3.46	197.265	0.174	0.306	0.15	1.473	0.202	0.23	0.54	0.532	0.459	0.468	30
147	10201	45.12	3.71	197.69	0.177	0.308	0.148	1.461	0.206	0.232	0.551	0.542	0.449	0.459	30
148	10202	45.12	3.96	198.581	0.175	0.31	0.15	1.47	0.212	0.241	0.551	0.547	0.449	0.453	30
149	10203	45.12	4.21	198.682	0.179	0.308	0.143	1.443	0.195	0.22	0.528	0.52	0.472	0.48	30
150	10204	45.12	4.46	197.111	0.194	0.303	0.137	1.432	0.178	0.201	0.513	0.498	0.486	0.502	30
151	10205	45.12	4.71	199.344	0.154	0.307	0.162	1.485	0.216	0.256	0.568	0.571	0.431	0.429	30
152	10206	45.12	4.96	199.968	0.106	0.309	0.177	1.504	0.236	0.279	0.636	0.639	0.364	0.361	30
153	10207	45.12	5.21	198.896	0.128	0.314	0.172	1.482	0.236	0.277	0.639	0.635	0.361	0.365	30
154	10208	45.12	5.46	190.307	0.174	0.32	0.158	1.415	0.221	0.246	0.609	0.593	0.391	0.407	30
155	10209	45.12	5.71	186.354	0.184	0.319	0.157	1.418	0.215	0.236	0.594	0.577	0.406	0.423	30
156	10210	45.12	5.96	153.676	0.238	0.313	0.133	1.339	0.169	0.178	0.535	0.509	0.465	0.491	30
157	10211	45.12	6.21	119.781	0.26	0.316	0.125	1.282	0.147	0.15	0.503	0.483	0.497	0.517	30
158	10212	45.12	6.46	114.808	0.267	0.313	0.122	1.294	0.137	0.139	0.495	0.474	0.505	0.526	30
159	10213	45.12	6.71	121.353	0.287	0.308	0.118	1.318	0.126	0.125	0.481	0.452	0.519	0.548	30
160	10214	45.12	6.96	128.12	0.287	0.308	0.118	1.328	0.126	0.125	0.482	0.451	0.518	0.549	30
161	10215	45.12	7.21	154.052	0.268	0.313	0.129	1.363	0.147	0.154	0.507	0.484	0.493	0.516	30
162	10216	45.12	7.46	188.557	0.198	0.31	0.147	1.461	0.183	0.206	0.572	0.565	0.429	0.436	30
163	10217	45.12	7.71	199.328	0.147	0.307	0.164	1.506	0.207	0.238	0.623	0.623	0.377	0.377	30
164	10218	45.12	7.96	199.963	0.134	0.314	0.183	1.504	0.233	0.273	0.666	0.666	0.333	0.334	30
165	10219	45.12	8.21	199.995	0.121	0.321	0.189	1.496	0.254	0.292	0.699	0.698	0.3	0.303	30
166	10220	45.12	8.46	199.999	0.101	0.315	0.178	1.498	0.245	0.27	0.693	0.684	0.308	0.317	30
167	10221	45.12	8.71	200	0.089	0.305	0.162	1.497	0.221	0.235	0.649	0.636	0.351	0.364	30
168	10222	45.12	8.96	200	0.09	0.305	0.167	1.494	0.229	0.242	0.651	0.637	0.349	0.363	30
169	10223	45.12	9.21	199.999	0.094	0.313	0.177	1.489	0.249	0.27	0.681	0.668	0.319	0.332	30
170	10224	45.12	9.46	199.999	0.09	0.311	0.176	1.494	0.245	0.263	0.686	0.672	0.314	0.328	30
171	10225	45.12	9.71	200	0.08	0.306	0.173	1.502	0.239	0.25	0.681	0.665	0.319	0.335	30
172	10226	45.12	9.96	200	0.078	0.305	0.173	1.506	0.239	0.244	0.675	0.656	0.325	0.344	30
173	10227	45.12	10.21	200	0.076	0.306	0.171	1.506	0.237	0.241	0.668	0.645	0.333	0.355	30
174	10228	45.12	10.46	200	0.082	0.308	0.177	1.509	0.255	0.254	0.68	0.656	0.32	0.344	30
175	10229	45.12	10.71	200	0.083	0.313	0.179	1.508	0.256	0.257	0.677	0.655	0.323	0.345	30
176	10230	45.12	10.96	200	0.077	0.318	0.181	1.504	0.262	0.261	0.691	0.669	0.309	0.331	30
177	10231	45.12	11.21	200	0.076	0.326	0.184	1.504	0.278	0.274	0.707	0.684	0.293	0.316	30
178	10232	45.12	11.46	199.999	0.079	0.332	0.185	1.506	0.28	0.278	0.714	0.69	0.285	0.31	30
179	10233	45.12	11.71	199.988	0.077	0.334	0.185	1.504	0.278	0.276	0.713	0.688	0.287	0.312	30
180	10234	45.12	11.96	199.991	0.074	0.34	0.181	1.496	0.286	0.279	0.712	0.683	0.288	0.317	30
181	10235	45.12	12.21	199.867	0.07	0.347	0.176	1.475	0.28	0.274	0.691	0.664	0.309	0.336	30
182	10236	45.12	13.96	199.941	0.056	0.352	0.225	1.464	0.332	0.39	0.702	0.71	0.298	0.29	30
183	10237	45.12	14.46	199.423	0.064	0.355	0.21	1.454	0.321	0.374	0.674	0.682	0.326	0.318	30
184	10238	45.12	14.71	199.752	0.099	0.353	0.198	1.405	0.306	0.351	0.699	0.686	0.301	0.314	30
185	10239	45.12	14.96	199.851	0.099	0.351	0.195	1.39	0.303	0.352	0.717	0.702	0.283	0.298	30
186	10240	45.12	15.21	199.98	0.063	0.352	0.204	1.422	0.308	0.366	0.738	0.731	0.262	0.27	30
187	10241	45.12	15.46	199.993	0.041	0.353	0.209	1.452	0.312	0.376	0.736	0.734	0.264	0.267	30
188	10242	45.12	15.71	199.998	0.031	0.345	0.207	1.481	0.299	0.366	0.722	0.725	0.278	0.275	30
189	10243	45.12	15.96	199.997	0.032	0.335	0.202	1.505	0.28	0.343	0.697	0.701	0.304	0.299	30
190	10244	45.12	16.21	199.998	0.027	0.328	0.194	1.504	0.278	0.33	0.693	0.692	0.307	0.308	30
191	10245	45.12	16.46	200	0.025	0.318	0.191	1.515	0.268	0.315	0.681	0.679	0.318	0.321	30
192	10246	45.12	16.71	199.996	0.025	0.311	0.185	1.519	0.261	0.301	0.67	0.663	0.33	0.337	30
193	10247	45.12	16.96	199.98	0.023	0.31	0.18	1.515	0.263	0.295	0.669	0.659	0.331	0.342	30
194	10248	45.12	17.21	199.997	0.014	0.308	0.18	1.519	0.262	0.289	0.655	0.644	0.345	0.356	30
195	10249	45.12	17.46	200	0.013	0.306	0.18	1.521	0.262	0.285	0.651	0.64	0.349	0.36	30
196	10250	45.12	17.71	200	0.016	0.305	0.182	1.521	0.256	0.284	0.647	0.639	0.353	0.361	30
197	10251	45.12	17.96	200	0.013	0.306	0.183	1.527	0.257	0.283	0.646	0.638	0.355	0.362	30
198	10252	45.12	18.21	200	0.01	0.304	0.183	1.531	0.262	0.282	0.661	0.652	0.339	0.349	30
199	10253	45.12	18.46	200	0.004	0.302	0.178	1.533	0.273	0.278	0.667	0.654	0.333	0.346	30
200	10254	45.12	18.71	200	0.002	0.301	0.175	1.532	0.268	0.271	0.665	0.649	0.335	0.351	30
201	10255	45.12	18.96	200	0.003	0.299	0.173	1.527	0.264	0.267	0.664	0.649	0.336	0.352	30
202	10256	45.12	19.21	200	0.007	0.302	0.174	1.523	0.258	0.261	0.662	0.646	0.338	0.354	30
203	10257	45.12	19.46	200	0.016	0.304	0.176	1.522	0.255	0.262	0.667	0.652	0.333	0.348	30
204	10258	45.12	19.71	200	0.026	0.307	0.182	1.518	0.261	0.273	0.675	0.664	0.325	0.336	30
205	10259	45.12	19.96	200	0.022	0.306	0.181	1.516	0.265	0.274	0.671	0.657	0.329	0.343	30
206	10260	45.12	20.21	200	0.017	0.308	0.181	1.509	0.275	0.279	0.665	0.645	0.335	0.355	30
207	10261	45.12	20.46	200	0.021	0.315	0.184	1.507	0.287	0.29	0.674	0.652	0.326	0.348	30
208	10262	45.12	20.71	200	0.018	0.313	0.181	1.507	0.276	0.28	0.668	0.646	0.332	0.354	30
209	10263	45.12	20.96	200	0.02	0.318	0.185	1.506	0.287	0.289	0.677	0.657	0.324	0.344	30
210	10264	45.12	21.21	199.994	0.02	0.326	0.196	1.507	0.311	0.317	0.713	0.697	0.288	0.303	30
211	10265	45.12	21.46	199.984	0.029	0.316	0.195	1.52	0.294	0.316	0.704	0.697	0.296	0.304	30
212	10266	45.12	21.71	199.89	0.069	0.317	0.19	1.514	0.268	0.301	0.671	0.662	0.33	0.338	30
213	10267	45.12	21.96	199.721	0.132	0.318	0.171	1.48	0.227	0.255	0.625	0.603	0.375	0.397	30
214	10268	45.12	22.21	199.701	0.13	0.316	0.165	1.479	0.22	0.242	0.619	0.598	0.38	0.402	30
215	10269	45.12	22.46	194.965	0.181	0.325	0.167	1.437	0.222	0.245	0.64	0.618	0.36	0.382	30
216	10270	45.12	22.71	190.563	0.203	0.323	0.16	1.419	0.203	0.223	0.607	0.583	0.393	0.417	30
217	10271	45.12	22.96	195.761	0.158	0.318	0.166	1.448	0.22	0.244	0.619	0.599	0.381	0.401	30
218	10272	45.12	23.21	198.137	0.114	0.319	0.177	1.481	0.248	0.275	0.657	0.643	0.343	0.357	30
219	10273	45.12	23.46	198.726	0.106	0.313	0.176	1.492	0.245	0.273	0.649	0.636	0.351	0.364	30
220	10274	45.12	23.71	198.418	0.131	0.314	0.174	1.479	0.24	0.268	0.648	0.634	0.352	0.366	30
221	10275	45.12	23.96	198.735	0.139	0.316	0.172	1.479	0.236	0.265	0.647	0.633	0.353	0.367	30
222	10276	45.12	24.21	199.339	0.116	0.315	0.178	1.49	0.245	0.277	0.651	0.642	0.349	0.359	30
223	10277	45.12	24.46	199.89	0.092	0.311	0.177	1.501	0.246	0.279	0.655	0.649	0.344	0.352	30
224	10278	45.12	24.71	199.919	0.098	0.311	0.174	1.497	0.242	0.273	0.652	0.644	0.348	0.356	30
225	10279	45.12	24.96	199.924	0.112	0.311	0.175	1.491	0.24	0.269	0.647	0.637	0.353	0.363	30
226	10280	45.12	25.21	199.7	0.133	0.315	0.173	1.479	0.237	0.264	0.649	0.635	0.351	0.365	30
227	10281	45.12	25.46	199.378	0.145	0.319	0.177	1.478	0.241	0.269	0.659	0.647	0.341	0.353	30
228	10282	45.12	25.71	199.863	0.135	0.319	0.181	1.492	0.247	0.275	0.666	0.655	0.334	0.345	30
229	10283	45.12	25.96	199.934	0.108	0.32	0.188	1.498	0.261	0.289	0.684	0.675	0.316	0.325	30
230	10284	45.12	26.21	199.994	0.097	0.32	0.189	1.503	0.271	0.3	0.701	0.693	0.299	0.307	30
231	10285	45.12	26.46	199.997	0.085	0.325	0.191	1.5	0.281	0.307	0.71	0.704	0.29	0.296	30
232	10286	45.12	26.71	200	0.054	0.331	0.197	1.493	0.297	0.314	0.74	0.732	0.26	0.268	30
233	10287	45.12	26.96	200	0.031	0.335	0.199	1.48	0.302	0.312	0.76	0.75	0.239	0.249	30
234	10288	45.12	27.21	200	0.025	0.327	0.196	1.477	0.294	0.304	0.755	0.743	0.244	0.257	30
235	10289	45.12	27.46	200	0.025	0.322	0.192	1.474	0.283	0.294	0.745	0.73	0.255	0.269	30
236	10290	45.12	27.71	200	0.028	0.325	0.19	1.468	0.276	0.286	0.74	0.724	0.26	0.276	30
237	10291	45.12	27.96	200	0.032	0.337	0.193	1.465	0.294	0.301	0.757	0.74	0.244	0.26	30
238	10292	45.12	28.21	199.992	0.055	0.328	0.194	1.48	0.275	0.291	0.743	0.732	0.258	0.268	30
239	10293	45.12	28.46	199.991	0.073	0.32	0.193	1.486	0.269	0.295	0.728	0.72	0.272	0.28	30
240	10294	45.12	28.71	199.99	0.061	0.323	0.186	1.474	0.268	0.286	0.742	0.733	0.258	0.267	30
241	10295	45.12	28.96	199.935	0.053	0.326	0.176	1.46	0.264	0.272	0.72	0.703	0.28	0.297	30
242	10296	45.12	29.21	199.494	0.051	0.339	0.163	1.429	0.264	0.256	0.678	0.656	0.322	0.344	30
243	10297	45.12	29.46	198.291	0.067	0.346	0.16	1.408	0.275	0.261	0.662	0.639	0.339	0.362	30
244	10298	45.12	33.71	199.992	0.051	0.32	0.201	1.506	0.29	0.306	0.721	0.716	0.279	0.284	30
245	10299	45.12	33.96	199.976	0.061	0.332	0.215	1.499	0.31	0.33	0.763	0.762	0.237	0.238	30
246	10300	45.12	34.21	199.921	0.069	0.331	0.217	1.494	0.315	0.337	0.767	0.767	0.233	0.234	30
247	10301	45.12	34.46	199.709	0.084	0.33	0.214	1.493	0.309	0.335	0.758	0.757	0.242	0.243	30
248	10302	45.12	34.71	199.316	0.095	0.328	0.21	1.497	0.304	0.331	0.741	0.739	0.259	0.261	30
249	10303	44.87	-1.04	199.642	0.065	0.286	0.131	1.502	0.166	0.186	0.379	0.379	0.62	0.621	30
250	10304	44.87	-0.789999999999999	199.952	0.07	0.284	0.136	1.505	0.169	0.195	0.407	0.407	0.593	0.593	30
251	10305	44.87	-0.539999999999999	199.991	0.09	0.298	0.158	1.516	0.209	0.231	0.535	0.525	0.465	0.475	30
252	10306	44.87	-0.289999999999999	199.999	0.099	0.302	0.166	1.52	0.22	0.248	0.574	0.565	0.426	0.435	30
253	10307	44.87	-0.0399999999999991	199.998	0.103	0.305	0.172	1.519	0.229	0.259	0.598	0.59	0.402	0.41	30
254	10308	44.87	0.210000000000001	199.997	0.107	0.308	0.176	1.517	0.231	0.267	0.613	0.611	0.387	0.389	30
255	10309	44.87	0.460000000000001	199.997	0.116	0.312	0.184	1.516	0.236	0.277	0.628	0.63	0.372	0.37	30
256	10310	44.87	0.710000000000001	199.998	0.129	0.318	0.193	1.511	0.246	0.3	0.645	0.653	0.355	0.347	30
257	10311	44.87	0.960000000000001	199.996	0.14	0.318	0.191	1.504	0.239	0.3	0.63	0.64	0.37	0.36	30
258	10312	44.87	1.21	199.999	0.138	0.322	0.195	1.504	0.249	0.312	0.641	0.652	0.359	0.348	30
259	10313	44.87	1.46	199.998	0.138	0.326	0.201	1.5	0.266	0.325	0.664	0.675	0.336	0.325	30
260	10314	44.87	1.71	199.997	0.13	0.326	0.198	1.497	0.263	0.319	0.667	0.674	0.333	0.326	30
261	10315	44.87	1.96	199.966	0.131	0.313	0.168	1.481	0.21	0.253	0.589	0.583	0.411	0.417	30
262	10316	44.87	2.21	199.973	0.139	0.31	0.155	1.478	0.196	0.234	0.556	0.551	0.444	0.45	30
263	10317	44.87	2.46	199.786	0.153	0.32	0.16	1.457	0.212	0.247	0.588	0.579	0.412	0.422	30
264	10318	44.87	2.71	198.828	0.165	0.325	0.159	1.432	0.212	0.24	0.593	0.581	0.407	0.419	30
265	10319	44.87	2.96	198.691	0.161	0.317	0.151	1.451	0.204	0.227	0.566	0.556	0.434	0.445	30
266	10320	44.87	3.21	198.263	0.166	0.306	0.142	1.46	0.188	0.211	0.52	0.512	0.48	0.488	30
267	10321	44.87	3.46	197.156	0.182	0.302	0.136	1.436	0.178	0.198	0.503	0.492	0.497	0.508	30
268	10322	44.87	3.71	197.708	0.177	0.309	0.144	1.446	0.198	0.221	0.535	0.526	0.466	0.475	30
269	10323	44.87	3.96	197.736	0.178	0.315	0.147	1.427	0.209	0.232	0.554	0.544	0.446	0.456	30
270	10324	44.87	4.21	196.449	0.195	0.313	0.143	1.403	0.19	0.211	0.533	0.521	0.467	0.479	30
271	10325	44.87	4.46	197.767	0.191	0.307	0.146	1.453	0.189	0.22	0.522	0.517	0.478	0.483	30
272	10326	44.87	4.71	199.242	0.16	0.311	0.165	1.482	0.224	0.267	0.575	0.582	0.425	0.418	30
273	10327	44.87	4.96	199.651	0.115	0.312	0.178	1.497	0.245	0.281	0.644	0.646	0.356	0.354	30
274	10328	44.87	5.21	196.585	0.164	0.321	0.171	1.453	0.246	0.281	0.638	0.631	0.362	0.369	30
275	10329	44.87	5.46	185.745	0.201	0.321	0.154	1.39	0.216	0.238	0.595	0.578	0.405	0.422	30
276	10330	44.87	5.71	183.515	0.199	0.322	0.157	1.409	0.218	0.238	0.595	0.579	0.405	0.421	30
277	10331	44.87	5.96	159.909	0.239	0.317	0.138	1.354	0.177	0.186	0.539	0.518	0.461	0.482	30
278	10332	44.87	6.21	111.137	0.277	0.312	0.119	1.273	0.133	0.135	0.475	0.454	0.525	0.546	30
279	10333	44.87	6.46	114.356	0.293	0.31	0.12	1.306	0.133	0.135	0.478	0.458	0.522	0.542	30
280	10334	44.87	6.71	131.696	0.289	0.309	0.125	1.346	0.137	0.138	0.489	0.462	0.511	0.538	30
281	10335	44.87	6.96	126.736	0.289	0.308	0.12	1.329	0.124	0.122	0.481	0.448	0.519	0.552	30
282	10336	44.87	7.21	167.506	0.248	0.311	0.134	1.4	0.157	0.167	0.526	0.505	0.474	0.495	30
283	10337	44.87	7.46	197.98	0.157	0.308	0.151	1.499	0.196	0.221	0.615	0.612	0.385	0.388	30
284	10338	44.87	7.71	199.953	0.136	0.308	0.163	1.516	0.215	0.238	0.655	0.649	0.345	0.351	30
285	10339	44.87	7.96	199.996	0.127	0.316	0.183	1.513	0.242	0.28	0.682	0.68	0.318	0.32	30
286	10340	44.87	8.21	200	0.123	0.322	0.194	1.502	0.268	0.31	0.715	0.713	0.285	0.287	30
287	10341	44.87	8.46	200	0.112	0.324	0.192	1.506	0.27	0.3	0.729	0.721	0.271	0.279	30
288	10342	44.87	8.71	199.989	0.101	0.325	0.188	1.504	0.267	0.287	0.73	0.716	0.27	0.284	30
289	10343	44.87	8.96	199.906	0.107	0.337	0.202	1.48	0.295	0.329	0.729	0.723	0.271	0.277	30
290	10344	44.87	9.21	199.605	0.125	0.343	0.203	1.451	0.303	0.348	0.716	0.714	0.284	0.286	30
291	10345	44.87	9.46	199.707	0.123	0.341	0.202	1.458	0.301	0.343	0.724	0.721	0.276	0.279	30
292	10346	44.87	9.71	199.885	0.105	0.333	0.2	1.475	0.296	0.328	0.735	0.729	0.265	0.272	30
293	10347	44.87	9.96	199.942	0.092	0.328	0.2	1.494	0.292	0.314	0.741	0.73	0.258	0.27	30
294	10348	44.87	10.21	199.999	0.084	0.324	0.195	1.503	0.285	0.292	0.74	0.722	0.259	0.278	30
295	10349	44.87	10.46	200	0.082	0.325	0.195	1.505	0.292	0.288	0.741	0.717	0.259	0.283	30
296	10350	44.87	10.71	200	0.082	0.328	0.198	1.504	0.294	0.286	0.733	0.708	0.267	0.292	30
297	10351	44.87	10.96	200	0.075	0.33	0.201	1.504	0.294	0.285	0.741	0.716	0.259	0.284	30
298	10352	44.87	11.21	200	0.077	0.337	0.204	1.505	0.307	0.298	0.752	0.73	0.247	0.27	30
299	10353	44.87	11.46	200	0.077	0.336	0.196	1.509	0.292	0.289	0.739	0.718	0.261	0.283	30
300	10354	44.87	11.71	200	0.074	0.34	0.193	1.506	0.291	0.286	0.737	0.714	0.263	0.286	30
301	10355	44.87	11.96	199.999	0.073	0.354	0.194	1.481	0.319	0.306	0.74	0.714	0.26	0.286	30
302	10356	44.87	12.21	199.885	0.068	0.347	0.178	1.475	0.287	0.281	0.681	0.659	0.319	0.341	30
303	10357	44.87	14.96	199.481	0.121	0.355	0.196	1.398	0.312	0.353	0.697	0.688	0.303	0.312	30
304	10358	44.87	15.21	199.852	0.076	0.353	0.202	1.418	0.308	0.36	0.724	0.715	0.276	0.285	30
305	10359	44.87	15.46	199.957	0.072	0.354	0.206	1.426	0.311	0.367	0.723	0.717	0.277	0.284	30
306	10360	44.87	15.71	199.96	0.059	0.352	0.207	1.444	0.307	0.37	0.726	0.722	0.275	0.278	30
307	10361	44.87	15.96	199.951	0.057	0.346	0.204	1.473	0.295	0.357	0.711	0.711	0.29	0.289	30
308	10362	44.87	16.21	199.988	0.051	0.343	0.204	1.484	0.293	0.356	0.712	0.713	0.288	0.287	30
309	10363	44.87	16.46	199.994	0.047	0.333	0.199	1.5	0.283	0.338	0.701	0.701	0.299	0.299	30
310	10364	44.87	16.71	199.984	0.037	0.32	0.19	1.515	0.266	0.313	0.68	0.679	0.32	0.321	30
311	10365	44.87	16.96	199.972	0.038	0.321	0.192	1.517	0.27	0.317	0.688	0.687	0.311	0.313	30
312	10366	44.87	17.21	199.995	0.031	0.32	0.195	1.521	0.273	0.321	0.689	0.69	0.311	0.31	30
313	10367	44.87	17.46	199.998	0.028	0.314	0.188	1.521	0.265	0.304	0.672	0.67	0.328	0.33	30
314	10368	44.87	17.71	199.997	0.03	0.31	0.185	1.525	0.259	0.293	0.665	0.66	0.335	0.34	30
315	10369	44.87	17.96	199.998	0.025	0.309	0.186	1.528	0.259	0.29	0.664	0.659	0.336	0.342	30
316	10370	44.87	18.21	199.969	0.031	0.314	0.188	1.521	0.262	0.297	0.67	0.668	0.33	0.332	30
317	10371	44.87	18.46	199.996	0.024	0.31	0.184	1.526	0.264	0.29	0.668	0.663	0.332	0.337	30
318	10372	44.87	18.71	200	0.015	0.307	0.182	1.529	0.267	0.284	0.665	0.657	0.335	0.343	30
319	10373	44.87	18.96	200	0.011	0.303	0.178	1.53	0.267	0.28	0.668	0.659	0.332	0.341	30
320	10374	44.87	19.21	200	0.008	0.303	0.178	1.527	0.272	0.281	0.675	0.664	0.325	0.337	30
321	10375	44.87	19.46	200	0.008	0.303	0.178	1.528	0.27	0.278	0.68	0.667	0.321	0.333	30
322	10376	44.87	19.71	200	0.008	0.308	0.183	1.526	0.272	0.279	0.682	0.67	0.319	0.331	30
323	10377	44.87	19.96	200	0.009	0.315	0.188	1.518	0.282	0.287	0.687	0.674	0.314	0.327	30
324	10378	44.87	20.21	200	0.014	0.314	0.191	1.514	0.288	0.294	0.687	0.671	0.313	0.329	30
325	10379	44.87	20.46	200	0.028	0.312	0.186	1.514	0.287	0.295	0.679	0.662	0.321	0.338	30
326	10380	44.87	20.71	200	0.023	0.316	0.183	1.51	0.282	0.287	0.677	0.659	0.323	0.342	30
327	10381	44.87	20.96	200	0.018	0.312	0.178	1.51	0.27	0.275	0.652	0.634	0.348	0.366	30
328	10382	44.87	21.21	199.997	0.023	0.304	0.175	1.513	0.265	0.278	0.641	0.628	0.359	0.372	30
329	10383	44.87	21.46	199.991	0.035	0.308	0.185	1.518	0.275	0.297	0.672	0.663	0.329	0.337	30
330	10384	44.87	21.71	199.911	0.071	0.315	0.185	1.515	0.26	0.291	0.662	0.652	0.339	0.348	30
331	10385	44.87	21.96	199.86	0.102	0.314	0.174	1.502	0.239	0.265	0.636	0.619	0.364	0.381	30
332	10386	44.87	22.21	199.68	0.116	0.314	0.166	1.493	0.227	0.249	0.619	0.6	0.381	0.4	30
333	10387	44.87	22.46	199.076	0.122	0.322	0.181	1.489	0.252	0.285	0.657	0.647	0.343	0.353	30
334	10388	44.87	22.71	199.525	0.098	0.325	0.191	1.498	0.264	0.304	0.676	0.674	0.324	0.326	30
335	10389	44.87	22.96	199.912	0.069	0.315	0.188	1.505	0.266	0.302	0.675	0.672	0.325	0.328	30
336	10390	44.87	23.21	199.978	0.06	0.313	0.188	1.513	0.269	0.302	0.684	0.679	0.316	0.321	30
337	10391	44.87	23.46	199.997	0.061	0.312	0.186	1.516	0.264	0.301	0.674	0.671	0.326	0.329	30
338	10392	44.87	23.71	199.999	0.069	0.314	0.189	1.512	0.267	0.306	0.68	0.68	0.32	0.32	30
339	10393	44.87	23.96	199.998	0.068	0.314	0.19	1.512	0.268	0.306	0.677	0.677	0.323	0.323	30
340	10394	44.87	24.21	199.998	0.065	0.313	0.188	1.511	0.267	0.302	0.675	0.673	0.325	0.327	30
341	10395	44.87	24.46	200	0.063	0.312	0.185	1.509	0.264	0.297	0.668	0.664	0.332	0.336	30
342	10396	44.87	24.71	200	0.064	0.311	0.184	1.509	0.264	0.297	0.671	0.666	0.329	0.334	30
343	10397	44.87	24.96	200	0.064	0.314	0.189	1.511	0.272	0.305	0.69	0.686	0.31	0.314	30
344	10398	44.87	25.21	200	0.063	0.313	0.186	1.514	0.266	0.301	0.676	0.672	0.324	0.328	30
345	10399	44.87	25.46	200	0.056	0.317	0.191	1.517	0.277	0.306	0.692	0.687	0.308	0.313	30
346	10400	44.87	25.71	200	0.053	0.32	0.193	1.514	0.284	0.309	0.708	0.701	0.292	0.299	30
347	10401	44.87	25.96	200	0.047	0.323	0.197	1.506	0.292	0.311	0.726	0.718	0.274	0.282	30
348	10402	44.87	26.21	200	0.041	0.326	0.197	1.498	0.302	0.318	0.747	0.737	0.253	0.263	30
349	10403	44.87	26.46	200	0.035	0.339	0.206	1.485	0.32	0.333	0.786	0.777	0.214	0.222	30
350	10404	44.87	26.71	200	0.027	0.343	0.204	1.473	0.315	0.324	0.786	0.776	0.213	0.224	30
351	10405	44.87	26.96	200	0.023	0.336	0.201	1.47	0.299	0.311	0.775	0.762	0.225	0.238	30
352	10406	44.87	27.21	200	0.022	0.332	0.197	1.467	0.286	0.298	0.764	0.749	0.237	0.25	30
353	10407	44.87	27.46	200	0.025	0.325	0.191	1.466	0.272	0.283	0.749	0.734	0.252	0.266	30
354	10408	44.87	27.71	200	0.032	0.322	0.184	1.469	0.27	0.279	0.726	0.71	0.275	0.29	30
355	10409	44.87	27.96	200	0.038	0.337	0.188	1.466	0.293	0.302	0.749	0.733	0.252	0.267	30
356	10410	44.87	28.21	199.999	0.053	0.322	0.191	1.487	0.263	0.279	0.744	0.736	0.257	0.264	30
357	10411	44.87	28.46	199.997	0.076	0.32	0.196	1.494	0.264	0.29	0.727	0.72	0.273	0.281	30
358	10412	44.87	28.71	199.991	0.067	0.318	0.193	1.486	0.264	0.292	0.748	0.744	0.251	0.256	30
359	10413	44.87	29.21	198.09	0.062	0.346	0.161	1.412	0.265	0.256	0.668	0.645	0.332	0.355	30
360	10414	44.87	29.46	196.423	0.071	0.35	0.161	1.408	0.281	0.27	0.665	0.641	0.335	0.359	30
361	10415	44.87	33.71	199.543	0.088	0.316	0.203	1.519	0.283	0.311	0.698	0.701	0.302	0.299	30
362	10416	44.87	33.96	199.326	0.102	0.324	0.207	1.511	0.289	0.317	0.706	0.709	0.294	0.291	30
363	10417	44.87	34.21	198.745	0.123	0.324	0.197	1.498	0.278	0.308	0.692	0.689	0.308	0.311	30
364	10418	44.87	34.46	198.291	0.142	0.325	0.186	1.479	0.264	0.294	0.667	0.663	0.333	0.338	30
365	10419	44.87	34.71	197.446	0.15	0.32	0.187	1.489	0.266	0.299	0.667	0.665	0.334	0.335	30
366	10420	44.62	-1.04	199.712	0.061	0.284	0.134	1.505	0.166	0.19	0.392	0.392	0.608	0.608	30
367	10421	44.62	-0.789999999999999	199.884	0.067	0.277	0.131	1.51	0.156	0.189	0.371	0.378	0.629	0.622	30
368	10422	44.62	-0.539999999999999	199.533	0.082	0.286	0.14	1.509	0.169	0.203	0.412	0.418	0.588	0.582	30
369	10423	44.62	-0.289999999999999	199.837	0.1	0.296	0.159	1.519	0.197	0.231	0.532	0.529	0.468	0.471	30
370	10424	44.62	-0.0399999999999991	199.956	0.105	0.305	0.173	1.518	0.227	0.257	0.616	0.608	0.384	0.392	30
371	10425	44.62	0.210000000000001	199.999	0.107	0.313	0.185	1.518	0.253	0.279	0.667	0.659	0.333	0.341	30
372	10426	44.62	0.460000000000001	200	0.108	0.32	0.196	1.52	0.27	0.298	0.697	0.692	0.303	0.308	30
373	10427	44.62	0.710000000000001	199.999	0.113	0.32	0.199	1.519	0.268	0.304	0.69	0.69	0.31	0.31	30
374	10428	44.62	0.960000000000001	199.998	0.133	0.319	0.192	1.509	0.242	0.298	0.638	0.646	0.362	0.354	30
375	10429	44.62	1.21	199.999	0.144	0.322	0.195	1.504	0.249	0.312	0.636	0.649	0.364	0.352	30
376	10430	44.62	1.46	200	0.149	0.327	0.204	1.503	0.266	0.327	0.661	0.671	0.339	0.329	30
377	10431	44.62	1.71	199.999	0.141	0.331	0.208	1.505	0.277	0.34	0.678	0.689	0.322	0.312	30
378	10432	44.62	1.96	199.998	0.129	0.326	0.196	1.499	0.264	0.317	0.658	0.664	0.342	0.337	30
379	10433	44.62	2.21	199.975	0.135	0.318	0.175	1.496	0.236	0.282	0.609	0.612	0.391	0.388	30
380	10434	44.62	2.46	199.784	0.154	0.317	0.168	1.482	0.223	0.266	0.587	0.587	0.414	0.413	30
381	10435	44.62	2.71	199.721	0.156	0.319	0.164	1.465	0.218	0.255	0.581	0.578	0.419	0.422	30
382	10436	44.62	2.96	198.886	0.165	0.32	0.158	1.437	0.214	0.243	0.58	0.571	0.42	0.429	30
383	10437	44.62	3.21	198.041	0.166	0.314	0.152	1.449	0.206	0.237	0.548	0.546	0.452	0.455	30
384	10438	44.62	3.46	197.007	0.176	0.31	0.147	1.428	0.199	0.227	0.532	0.525	0.468	0.475	30
385	10439	44.62	3.71	196.397	0.179	0.308	0.139	1.407	0.185	0.206	0.521	0.507	0.479	0.493	30
386	10440	44.62	3.96	192.91	0.196	0.31	0.139	1.401	0.184	0.206	0.525	0.51	0.474	0.49	30
387	10441	44.62	4.21	194.645	0.2	0.318	0.159	1.431	0.207	0.245	0.554	0.554	0.446	0.446	30
388	10442	44.62	4.46	199.349	0.178	0.328	0.182	1.468	0.247	0.299	0.606	0.617	0.394	0.383	30
389	10443	44.62	4.71	199.486	0.146	0.325	0.185	1.484	0.26	0.305	0.637	0.646	0.364	0.354	30
390	10444	44.62	4.96	199.434	0.129	0.324	0.185	1.488	0.266	0.309	0.656	0.662	0.344	0.338	30
391	10445	44.62	5.21	197.484	0.175	0.325	0.174	1.462	0.255	0.295	0.636	0.636	0.364	0.364	30
392	10446	44.62	5.46	192.013	0.198	0.321	0.161	1.437	0.229	0.258	0.609	0.6	0.391	0.399	30
393	10447	44.62	5.71	184.865	0.202	0.317	0.151	1.415	0.208	0.228	0.587	0.573	0.413	0.427	30
394	10448	44.62	5.96	181.124	0.211	0.318	0.15	1.409	0.204	0.222	0.585	0.571	0.416	0.429	30
395	10449	44.62	6.21	165.61	0.227	0.317	0.145	1.389	0.191	0.207	0.562	0.549	0.438	0.451	30
396	10450	44.62	6.46	143.729	0.263	0.312	0.129	1.358	0.157	0.165	0.515	0.497	0.485	0.503	30
397	10451	44.62	6.71	132.085	0.274	0.311	0.127	1.339	0.144	0.147	0.494	0.472	0.506	0.528	30
398	10452	44.62	6.96	126.613	0.286	0.313	0.125	1.328	0.133	0.134	0.484	0.458	0.516	0.542	30
399	10453	44.62	7.21	165.261	0.255	0.312	0.134	1.378	0.158	0.167	0.518	0.496	0.482	0.504	30
400	10454	44.62	7.46	195.103	0.17	0.308	0.151	1.488	0.192	0.218	0.597	0.59	0.403	0.41	30
401	10455	44.62	7.71	199.891	0.142	0.309	0.164	1.516	0.217	0.244	0.657	0.65	0.344	0.35	30
402	10456	44.62	7.96	199.983	0.143	0.324	0.188	1.495	0.264	0.306	0.694	0.695	0.306	0.306	30
403	10457	44.62	8.21	199.96	0.149	0.332	0.196	1.477	0.286	0.337	0.702	0.707	0.298	0.294	30
404	10458	44.62	8.46	199.697	0.132	0.333	0.195	1.472	0.285	0.328	0.697	0.698	0.303	0.302	30
405	10459	44.62	8.71	199.27	0.13	0.332	0.188	1.466	0.272	0.31	0.68	0.678	0.32	0.322	30
406	10460	44.62	8.96	198.493	0.148	0.34	0.194	1.442	0.285	0.327	0.681	0.679	0.319	0.321	30
407	10461	44.62	9.21	197.144	0.176	0.344	0.185	1.399	0.273	0.309	0.674	0.664	0.326	0.336	30
408	10462	44.62	9.46	197.906	0.171	0.343	0.182	1.399	0.27	0.306	0.677	0.666	0.324	0.334	30
409	10463	44.62	9.71	199.223	0.149	0.342	0.192	1.428	0.287	0.329	0.693	0.689	0.307	0.312	30
410	10464	44.62	9.96	199.224	0.14	0.34	0.197	1.453	0.296	0.338	0.703	0.701	0.297	0.299	30
411	10465	44.62	10.21	199.558	0.128	0.338	0.199	1.475	0.301	0.334	0.726	0.721	0.274	0.279	30
412	10466	44.62	10.46	199.937	0.117	0.338	0.206	1.494	0.305	0.332	0.737	0.731	0.262	0.269	30
413	10467	44.62	10.71	199.99	0.102	0.332	0.204	1.5	0.299	0.318	0.735	0.727	0.265	0.273	30
414	10468	44.62	10.96	199.998	0.087	0.329	0.202	1.506	0.294	0.305	0.737	0.728	0.262	0.272	30
415	10469	44.62	11.21	199.999	0.082	0.33	0.205	1.508	0.299	0.308	0.745	0.735	0.255	0.266	30
416	10470	44.62	11.46	199.999	0.083	0.329	0.202	1.513	0.296	0.302	0.741	0.729	0.259	0.271	30
417	10471	44.62	11.71	200	0.083	0.34	0.204	1.511	0.306	0.302	0.752	0.735	0.248	0.265	30
418	10472	44.62	11.96	199.993	0.08	0.353	0.202	1.483	0.323	0.312	0.758	0.736	0.243	0.264	30
419	10473	44.62	12.21	199.97	0.076	0.343	0.194	1.494	0.301	0.298	0.725	0.706	0.275	0.294	30
420	10474	44.62	15.21	199.831	0.09	0.353	0.197	1.405	0.301	0.348	0.698	0.689	0.302	0.311	30
421	10475	44.62	15.46	199.928	0.067	0.348	0.197	1.433	0.3	0.349	0.69	0.688	0.31	0.313	30
422	10476	44.62	15.71	199.917	0.079	0.35	0.198	1.423	0.302	0.356	0.697	0.695	0.303	0.305	30
423	10477	44.62	15.96	199.87	0.086	0.349	0.199	1.425	0.297	0.355	0.705	0.701	0.295	0.299	30
424	10478	44.62	16.21	199.941	0.087	0.346	0.198	1.443	0.29	0.349	0.698	0.695	0.302	0.305	30
425	10479	44.62	16.46	199.897	0.106	0.344	0.194	1.435	0.282	0.335	0.692	0.683	0.308	0.317	30
426	10480	44.62	16.71	199.855	0.083	0.339	0.2	1.476	0.282	0.337	0.698	0.696	0.303	0.304	30
427	10481	44.62	16.96	199.883	0.087	0.342	0.202	1.491	0.288	0.345	0.711	0.712	0.289	0.288	30
428	10482	44.62	17.21	199.862	0.082	0.339	0.201	1.496	0.286	0.34	0.706	0.709	0.294	0.292	30
429	10483	44.62	17.46	199.806	0.086	0.335	0.197	1.493	0.277	0.326	0.692	0.692	0.308	0.308	30
430	10484	44.62	17.71	199.812	0.079	0.327	0.191	1.497	0.265	0.307	0.675	0.672	0.325	0.328	30
431	10485	44.62	17.96	199.936	0.056	0.319	0.19	1.515	0.262	0.303	0.666	0.665	0.334	0.336	30
432	10486	44.62	18.21	199.806	0.06	0.322	0.191	1.509	0.264	0.308	0.664	0.663	0.336	0.337	30
433	10487	44.62	18.46	199.947	0.053	0.318	0.189	1.517	0.26	0.3	0.665	0.664	0.335	0.336	30
434	10488	44.62	18.71	199.997	0.05	0.318	0.19	1.518	0.264	0.301	0.67	0.669	0.33	0.331	30
435	10489	44.62	18.96	199.992	0.045	0.317	0.188	1.522	0.265	0.3	0.674	0.672	0.326	0.329	30
436	10490	44.62	19.21	199.985	0.031	0.312	0.185	1.527	0.27	0.299	0.683	0.678	0.318	0.322	30
437	10491	44.62	19.46	199.993	0.027	0.31	0.186	1.528	0.266	0.296	0.681	0.677	0.319	0.323	30
438	10492	44.62	19.71	199.999	0.022	0.306	0.186	1.535	0.265	0.29	0.674	0.67	0.326	0.331	30
439	10493	44.62	19.96	200	0.019	0.308	0.186	1.533	0.276	0.296	0.675	0.67	0.325	0.331	30
440	10494	44.62	20.21	200	0.021	0.311	0.19	1.526	0.285	0.304	0.681	0.675	0.319	0.326	30
441	10495	44.62	20.46	200	0.035	0.313	0.192	1.522	0.28	0.31	0.681	0.68	0.319	0.321	30
442	10496	44.62	20.71	200	0.036	0.316	0.191	1.521	0.285	0.307	0.686	0.679	0.315	0.321	30
443	10497	44.62	20.96	200	0.024	0.317	0.192	1.52	0.294	0.304	0.688	0.675	0.312	0.325	30
444	10498	44.62	21.21	199.999	0.023	0.312	0.19	1.518	0.287	0.301	0.682	0.67	0.318	0.331	30
445	10499	44.62	21.46	199.989	0.039	0.308	0.187	1.519	0.269	0.294	0.668	0.662	0.332	0.338	30
446	10500	44.62	21.71	199.867	0.069	0.313	0.184	1.516	0.258	0.292	0.658	0.655	0.342	0.345	30
447	10501	44.62	21.96	199.698	0.094	0.31	0.172	1.508	0.246	0.27	0.64	0.626	0.36	0.374	30
448	10502	44.62	22.21	199.776	0.098	0.313	0.174	1.507	0.247	0.275	0.644	0.631	0.356	0.369	30
449	10503	44.62	22.46	199.835	0.079	0.321	0.189	1.508	0.269	0.306	0.672	0.669	0.328	0.331	30
450	10504	44.62	22.71	199.977	0.06	0.324	0.191	1.508	0.279	0.312	0.686	0.684	0.314	0.316	30
451	10505	44.62	22.96	200	0.056	0.32	0.195	1.512	0.279	0.31	0.691	0.69	0.309	0.31	30
452	10506	44.62	23.21	200	0.059	0.318	0.195	1.513	0.277	0.309	0.691	0.688	0.309	0.312	30
453	10507	44.62	23.46	199.999	0.057	0.324	0.193	1.509	0.284	0.315	0.704	0.702	0.296	0.298	30
454	10508	44.62	23.71	200	0.058	0.322	0.195	1.507	0.284	0.316	0.703	0.702	0.297	0.298	30
455	10509	44.62	23.96	200	0.056	0.32	0.197	1.508	0.287	0.318	0.702	0.7	0.298	0.3	30
456	10510	44.62	24.21	200	0.055	0.321	0.197	1.507	0.289	0.319	0.712	0.709	0.287	0.291	30
457	10511	44.62	24.46	200	0.045	0.331	0.206	1.51	0.311	0.339	0.739	0.737	0.261	0.263	30
458	10512	44.62	24.71	200	0.041	0.33	0.207	1.518	0.313	0.34	0.748	0.746	0.252	0.254	30
459	10513	44.62	24.96	200	0.036	0.332	0.209	1.522	0.316	0.341	0.77	0.766	0.23	0.234	30
460	10514	44.62	25.21	200	0.036	0.324	0.199	1.518	0.297	0.32	0.739	0.733	0.261	0.267	30
461	10515	44.62	25.46	200	0.032	0.323	0.198	1.513	0.296	0.315	0.728	0.72	0.271	0.28	30
462	10516	44.62	25.71	200	0.029	0.323	0.197	1.506	0.301	0.318	0.734	0.725	0.265	0.275	30
463	10517	44.62	25.96	200	0.032	0.323	0.196	1.501	0.301	0.316	0.725	0.715	0.274	0.285	30
464	10518	44.62	26.21	200	0.032	0.326	0.197	1.496	0.304	0.318	0.734	0.723	0.266	0.277	30
465	10519	44.62	26.46	200	0.029	0.335	0.204	1.48	0.311	0.321	0.771	0.761	0.229	0.239	30
466	10520	44.62	26.71	200	0.025	0.339	0.205	1.469	0.311	0.322	0.785	0.773	0.215	0.227	30
467	10521	44.62	26.96	200	0.021	0.339	0.203	1.47	0.306	0.32	0.791	0.777	0.21	0.222	30
468	10522	44.62	27.21	200	0.022	0.336	0.2	1.467	0.296	0.31	0.78	0.766	0.221	0.233	30
469	10523	44.62	27.46	200	0.024	0.329	0.195	1.462	0.282	0.295	0.763	0.75	0.237	0.25	30
470	10524	44.62	27.71	200	0.03	0.324	0.189	1.472	0.276	0.287	0.749	0.736	0.251	0.264	30
471	10525	44.62	27.96	200	0.04	0.328	0.19	1.481	0.286	0.299	0.752	0.738	0.248	0.262	30
472	10526	44.62	28.21	200	0.054	0.315	0.191	1.492	0.262	0.281	0.76	0.753	0.24	0.247	30
473	10527	44.62	28.46	200	0.068	0.318	0.196	1.494	0.267	0.286	0.755	0.747	0.245	0.253	30
474	10528	44.62	28.71	199.971	0.063	0.322	0.192	1.482	0.27	0.289	0.755	0.746	0.245	0.254	30
475	10529	44.62	33.46	198.157	0.115	0.311	0.189	1.51	0.263	0.289	0.642	0.641	0.358	0.359	30
476	10530	44.62	33.71	196.485	0.12	0.319	0.195	1.514	0.277	0.309	0.671	0.672	0.329	0.328	30
477	10531	44.62	33.96	195.587	0.14	0.321	0.186	1.495	0.266	0.295	0.666	0.661	0.334	0.339	30
478	10532	44.62	34.21	193.639	0.166	0.32	0.17	1.465	0.245	0.268	0.644	0.633	0.356	0.367	30
479	10533	44.37	-1.04	199.761	0.061	0.286	0.138	1.503	0.165	0.199	0.401	0.407	0.599	0.593	30
480	10534	44.37	-0.789999999999999	199.916	0.064	0.278	0.131	1.505	0.146	0.186	0.355	0.369	0.644	0.631	30
481	10535	44.37	-0.539999999999999	199.593	0.068	0.279	0.132	1.501	0.151	0.193	0.357	0.374	0.643	0.626	30
482	10536	44.37	-0.289999999999999	199.124	0.086	0.287	0.145	1.509	0.171	0.218	0.415	0.432	0.584	0.568	30
483	10537	44.37	-0.0399999999999991	198.712	0.103	0.295	0.158	1.513	0.191	0.236	0.495	0.506	0.505	0.494	30
484	10538	44.37	0.210000000000001	199.653	0.104	0.305	0.172	1.515	0.226	0.256	0.61	0.604	0.389	0.396	30
485	10539	44.37	0.460000000000001	199.995	0.107	0.316	0.191	1.518	0.262	0.288	0.693	0.684	0.307	0.316	30
486	10540	44.37	0.710000000000001	200	0.111	0.321	0.198	1.519	0.275	0.306	0.702	0.697	0.298	0.303	30
487	10541	44.37	0.960000000000001	200	0.121	0.323	0.201	1.516	0.274	0.312	0.693	0.693	0.307	0.307	30
488	10542	44.37	1.21	200	0.132	0.322	0.2	1.511	0.27	0.314	0.676	0.68	0.324	0.321	30
489	10543	44.37	1.46	200	0.132	0.325	0.204	1.511	0.269	0.32	0.672	0.68	0.328	0.32	30
490	10544	44.37	1.71	199.998	0.131	0.332	0.212	1.509	0.281	0.342	0.682	0.693	0.319	0.307	30
491	10545	44.37	1.96	199.997	0.131	0.331	0.204	1.509	0.281	0.335	0.671	0.681	0.329	0.319	30
492	10546	44.37	2.21	199.996	0.134	0.32	0.18	1.505	0.243	0.291	0.615	0.623	0.385	0.377	30
493	10547	44.37	2.46	199.992	0.138	0.321	0.179	1.497	0.243	0.291	0.612	0.62	0.388	0.38	30
494	10548	44.37	2.71	199.933	0.14	0.324	0.176	1.485	0.24	0.283	0.605	0.61	0.395	0.39	30
495	10549	44.37	2.96	199.541	0.152	0.328	0.174	1.471	0.246	0.286	0.61	0.613	0.39	0.387	30
496	10550	44.37	3.21	197.974	0.168	0.331	0.175	1.46	0.255	0.301	0.617	0.62	0.383	0.38	30
497	10551	44.37	3.46	197.177	0.183	0.327	0.171	1.435	0.242	0.285	0.595	0.595	0.405	0.405	30
498	10552	44.37	3.71	195.993	0.197	0.314	0.149	1.401	0.196	0.224	0.54	0.529	0.46	0.471	30
499	10553	44.37	3.96	193.57	0.209	0.318	0.156	1.424	0.204	0.245	0.55	0.551	0.45	0.449	30
500	10554	44.37	4.21	197.794	0.181	0.333	0.187	1.464	0.255	0.311	0.621	0.636	0.379	0.364	30
501	10555	44.37	4.46	199.764	0.167	0.335	0.196	1.478	0.273	0.33	0.643	0.659	0.357	0.341	30
502	10556	44.37	4.71	199.847	0.132	0.322	0.187	1.498	0.263	0.305	0.645	0.655	0.356	0.345	30
503	10557	44.37	4.96	199.603	0.139	0.322	0.185	1.501	0.266	0.306	0.642	0.651	0.359	0.349	30
504	10558	44.37	5.21	198.089	0.175	0.33	0.184	1.476	0.269	0.311	0.652	0.657	0.348	0.343	30
505	10559	44.37	5.46	197.056	0.196	0.325	0.171	1.459	0.246	0.28	0.633	0.631	0.368	0.369	30
506	10560	44.37	5.71	196.04	0.191	0.323	0.168	1.46	0.235	0.269	0.627	0.625	0.373	0.375	30
507	10561	44.37	5.96	195.194	0.185	0.324	0.17	1.462	0.241	0.276	0.64	0.639	0.36	0.361	30
508	10562	44.37	6.21	188.019	0.212	0.322	0.159	1.423	0.22	0.246	0.601	0.592	0.399	0.408	30
509	10563	44.37	6.46	157.765	0.258	0.313	0.135	1.366	0.167	0.177	0.529	0.51	0.471	0.49	30
510	10564	44.37	6.71	133.002	0.281	0.312	0.127	1.336	0.147	0.15	0.499	0.478	0.501	0.522	30
511	10565	44.37	6.96	129.133	0.285	0.315	0.129	1.334	0.142	0.145	0.493	0.471	0.507	0.529	30
512	10566	44.37	7.21	153.519	0.261	0.315	0.134	1.352	0.157	0.165	0.514	0.492	0.486	0.508	30
513	10567	44.37	7.46	184.398	0.198	0.313	0.15	1.439	0.192	0.214	0.582	0.57	0.418	0.431	30
514	10568	44.37	7.71	192.028	0.175	0.314	0.159	1.458	0.213	0.24	0.625	0.616	0.375	0.384	30
515	10569	44.37	7.96	197.633	0.172	0.327	0.176	1.45	0.251	0.289	0.655	0.652	0.345	0.348	30
516	10570	44.37	8.21	198.868	0.166	0.332	0.183	1.454	0.267	0.313	0.657	0.66	0.343	0.34	30
517	10571	44.37	8.46	198.183	0.15	0.333	0.184	1.456	0.267	0.311	0.645	0.648	0.355	0.352	30
518	10572	44.37	8.96	197.314	0.16	0.341	0.19	1.431	0.276	0.317	0.673	0.67	0.327	0.33	30
519	10573	44.37	9.21	194.35	0.188	0.349	0.192	1.418	0.275	0.323	0.659	0.659	0.341	0.341	30
520	10574	44.37	9.46	195.523	0.181	0.346	0.188	1.409	0.27	0.315	0.656	0.655	0.344	0.345	30
521	10575	44.37	9.71	197.281	0.165	0.345	0.189	1.419	0.271	0.314	0.663	0.66	0.337	0.34	30
522	10576	44.37	9.96	196.628	0.164	0.341	0.185	1.422	0.264	0.304	0.659	0.654	0.341	0.346	30
523	10577	44.37	10.21	196.009	0.168	0.337	0.177	1.413	0.262	0.295	0.665	0.656	0.335	0.344	30
524	10578	44.37	10.46	197.88	0.159	0.339	0.189	1.44	0.284	0.32	0.69	0.684	0.31	0.316	30
525	10579	44.37	10.71	199.314	0.148	0.34	0.2	1.464	0.305	0.342	0.715	0.713	0.285	0.287	30
526	10580	44.37	10.96	199.796	0.133	0.341	0.209	1.487	0.314	0.355	0.729	0.73	0.271	0.27	30
527	10581	44.37	11.21	199.915	0.127	0.339	0.211	1.494	0.311	0.352	0.722	0.725	0.278	0.275	30
528	10582	44.37	11.46	199.96	0.122	0.337	0.213	1.502	0.315	0.348	0.733	0.733	0.267	0.267	30
529	10583	44.37	11.71	199.987	0.102	0.33	0.209	1.513	0.303	0.324	0.732	0.728	0.267	0.272	30
530	10584	44.37	11.96	199.998	0.083	0.326	0.197	1.52	0.28	0.292	0.72	0.708	0.28	0.292	30
531	10585	44.37	12.21	199.974	0.077	0.337	0.197	1.514	0.295	0.297	0.726	0.711	0.274	0.289	30
532	10586	44.37	15.46	199.516	0.09	0.345	0.193	1.421	0.292	0.334	0.669	0.666	0.331	0.334	30
533	10587	44.37	15.71	199.844	0.082	0.346	0.199	1.429	0.302	0.348	0.684	0.682	0.316	0.318	30
534	10588	44.37	15.96	199.859	0.09	0.346	0.198	1.425	0.304	0.353	0.694	0.693	0.306	0.307	30
535	10589	44.37	16.21	199.747	0.099	0.344	0.196	1.429	0.294	0.344	0.689	0.686	0.311	0.314	30
536	10590	44.37	16.46	199.513	0.132	0.34	0.185	1.408	0.274	0.316	0.67	0.659	0.33	0.342	30
537	10591	44.37	16.71	199.326	0.138	0.339	0.184	1.409	0.263	0.305	0.666	0.653	0.334	0.348	30
538	10592	44.37	16.96	199.494	0.135	0.34	0.191	1.451	0.268	0.317	0.684	0.679	0.316	0.322	30
539	10593	44.37	17.21	199.021	0.137	0.335	0.186	1.462	0.261	0.305	0.677	0.67	0.323	0.331	30
540	10594	44.37	17.46	198.288	0.161	0.334	0.177	1.435	0.245	0.28	0.662	0.647	0.338	0.353	30
541	10595	44.37	17.71	198.263	0.16	0.335	0.18	1.437	0.249	0.285	0.67	0.658	0.33	0.342	30
542	10596	44.37	17.96	199.37	0.118	0.33	0.186	1.478	0.258	0.297	0.669	0.662	0.331	0.338	30
543	10597	44.37	18.21	199.414	0.115	0.327	0.186	1.473	0.256	0.295	0.66	0.65	0.341	0.35	30
544	10598	44.37	18.46	199.286	0.111	0.322	0.182	1.482	0.247	0.281	0.651	0.639	0.349	0.361	30
545	10599	44.37	18.71	199.753	0.089	0.327	0.191	1.493	0.265	0.307	0.677	0.671	0.323	0.329	30
546	10600	44.37	18.96	199.947	0.075	0.326	0.192	1.502	0.267	0.311	0.679	0.676	0.321	0.324	30
547	10601	44.37	19.21	199.944	0.068	0.322	0.187	1.505	0.262	0.302	0.674	0.671	0.326	0.33	30
548	10602	44.37	19.46	199.949	0.062	0.324	0.194	1.513	0.266	0.309	0.685	0.683	0.315	0.317	30
549	10603	44.37	19.71	199.976	0.052	0.321	0.197	1.525	0.27	0.312	0.684	0.684	0.316	0.316	30
550	10604	44.37	19.96	199.997	0.037	0.314	0.195	1.534	0.274	0.31	0.684	0.684	0.316	0.316	30
551	10605	44.37	20.21	199.997	0.032	0.312	0.194	1.532	0.277	0.311	0.684	0.683	0.317	0.317	30
552	10606	44.37	20.46	199.995	0.04	0.318	0.198	1.527	0.282	0.321	0.692	0.693	0.309	0.308	30
553	10607	44.37	20.71	199.997	0.041	0.319	0.2	1.529	0.292	0.322	0.699	0.699	0.301	0.302	30
554	10608	44.37	20.96	200	0.031	0.316	0.198	1.526	0.297	0.319	0.692	0.688	0.308	0.312	30
555	10609	44.37	21.21	200	0.026	0.313	0.194	1.519	0.291	0.311	0.682	0.673	0.319	0.327	30
556	10610	44.37	21.46	199.941	0.045	0.315	0.193	1.517	0.273	0.307	0.676	0.673	0.324	0.328	30
557	10611	44.37	21.71	199.867	0.075	0.318	0.186	1.514	0.254	0.291	0.66	0.656	0.34	0.344	30
558	10612	44.37	21.96	199.795	0.094	0.315	0.176	1.509	0.245	0.273	0.659	0.648	0.341	0.352	30
559	10613	44.37	22.21	199.917	0.08	0.317	0.187	1.513	0.261	0.296	0.674	0.67	0.326	0.33	30
560	10614	44.37	22.46	199.991	0.053	0.322	0.193	1.513	0.28	0.314	0.689	0.688	0.312	0.312	30
561	10615	44.37	22.71	199.999	0.035	0.332	0.194	1.506	0.298	0.322	0.708	0.705	0.292	0.295	30
562	10616	44.37	22.96	200	0.037	0.336	0.205	1.508	0.308	0.334	0.736	0.735	0.264	0.265	30
563	10617	44.37	23.21	200	0.044	0.334	0.208	1.516	0.309	0.336	0.739	0.739	0.261	0.261	30
564	10618	44.37	23.46	200	0.049	0.341	0.206	1.51	0.313	0.34	0.742	0.742	0.257	0.258	30
565	10619	44.37	23.71	200	0.045	0.335	0.206	1.508	0.311	0.337	0.742	0.741	0.258	0.259	30
566	10620	44.37	23.96	200	0.04	0.331	0.212	1.509	0.318	0.344	0.754	0.752	0.245	0.248	30
567	10621	44.37	24.21	200	0.039	0.329	0.207	1.505	0.315	0.341	0.756	0.754	0.244	0.246	30
568	10622	44.37	24.46	200	0.034	0.337	0.214	1.505	0.333	0.356	0.78	0.778	0.22	0.222	30
569	10623	44.37	24.71	200	0.03	0.34	0.218	1.508	0.341	0.362	0.791	0.788	0.209	0.212	30
570	10624	44.37	24.96	200	0.029	0.338	0.214	1.51	0.335	0.356	0.79	0.787	0.209	0.213	30
571	10625	44.37	25.21	200	0.029	0.333	0.209	1.508	0.322	0.342	0.773	0.768	0.226	0.232	30
572	10626	44.37	25.46	200	0.028	0.332	0.207	1.501	0.314	0.331	0.752	0.745	0.247	0.255	30
573	10627	44.37	25.71	200	0.028	0.328	0.202	1.498	0.308	0.324	0.738	0.728	0.262	0.272	30
574	10628	44.37	25.96	200	0.031	0.326	0.199	1.496	0.302	0.315	0.738	0.726	0.262	0.274	30
575	10629	44.37	26.21	200	0.032	0.326	0.198	1.492	0.301	0.314	0.74	0.73	0.26	0.27	30
576	10630	44.37	26.46	200	0.028	0.337	0.205	1.479	0.313	0.326	0.773	0.764	0.227	0.236	30
577	10631	44.37	26.71	199.999	0.025	0.344	0.208	1.474	0.32	0.334	0.8	0.789	0.2	0.211	30
578	10632	44.37	26.96	199.998	0.022	0.343	0.205	1.474	0.313	0.328	0.796	0.783	0.205	0.217	30
579	10633	44.37	27.21	200	0.023	0.342	0.205	1.471	0.309	0.323	0.79	0.777	0.211	0.223	30
580	10634	44.37	27.46	200	0.026	0.335	0.201	1.467	0.294	0.306	0.779	0.767	0.221	0.233	30
581	10635	44.37	27.71	200	0.032	0.326	0.195	1.476	0.284	0.296	0.765	0.751	0.236	0.249	30
582	10636	44.37	27.96	200	0.043	0.326	0.197	1.487	0.291	0.308	0.76	0.749	0.24	0.251	30
583	10637	44.37	28.21	200	0.06	0.318	0.197	1.493	0.274	0.298	0.76	0.754	0.24	0.246	30
584	10638	44.37	28.46	199.999	0.066	0.319	0.198	1.499	0.276	0.302	0.754	0.749	0.246	0.251	30
585	10639	44.37	28.71	199.966	0.062	0.325	0.188	1.489	0.276	0.291	0.723	0.712	0.277	0.288	30
586	10640	44.12	-1.04	199.917	0.064	0.285	0.138	1.507	0.164	0.208	0.416	0.425	0.584	0.575	30
587	10641	44.12	-0.789999999999999	199.988	0.066	0.276	0.135	1.509	0.153	0.2	0.397	0.411	0.603	0.589	30
588	10642	44.12	-0.539999999999999	199.896	0.065	0.273	0.134	1.508	0.155	0.199	0.385	0.402	0.615	0.598	30
589	10643	44.12	-0.289999999999999	199.602	0.072	0.28	0.139	1.509	0.158	0.203	0.394	0.414	0.606	0.586	30
590	10644	44.12	-0.0399999999999991	198.8	0.085	0.289	0.148	1.508	0.163	0.211	0.422	0.439	0.578	0.561	30
591	10645	44.12	0.210000000000001	199.302	0.113	0.308	0.176	1.511	0.221	0.266	0.58	0.586	0.42	0.414	30
592	10646	44.12	0.460000000000001	199.984	0.113	0.32	0.197	1.516	0.274	0.297	0.717	0.706	0.283	0.294	30
593	10647	44.12	0.710000000000001	200	0.109	0.321	0.198	1.518	0.275	0.296	0.717	0.708	0.282	0.292	30
594	10648	44.12	0.960000000000001	200	0.105	0.319	0.197	1.518	0.272	0.298	0.705	0.697	0.295	0.303	30
595	10649	44.12	1.21	200	0.097	0.313	0.191	1.52	0.263	0.295	0.684	0.679	0.316	0.321	30
596	10650	44.12	1.46	200	0.098	0.317	0.196	1.521	0.272	0.307	0.693	0.693	0.307	0.307	30
597	10651	44.12	1.71	199.99	0.119	0.329	0.207	1.511	0.283	0.333	0.688	0.696	0.312	0.304	30
598	10652	44.12	1.96	199.992	0.13	0.329	0.201	1.513	0.277	0.323	0.67	0.678	0.33	0.322	30
599	10653	44.12	2.21	199.995	0.129	0.324	0.188	1.511	0.258	0.302	0.642	0.651	0.358	0.349	30
600	10654	44.12	2.46	199.976	0.14	0.322	0.177	1.5	0.245	0.29	0.614	0.623	0.386	0.377	30
601	10655	44.12	2.71	199.863	0.153	0.322	0.17	1.49	0.234	0.276	0.588	0.594	0.412	0.406	30
602	10656	44.12	2.96	199.507	0.169	0.327	0.178	1.481	0.256	0.302	0.617	0.625	0.383	0.375	30
603	10657	44.12	3.21	197.857	0.178	0.331	0.181	1.464	0.267	0.317	0.631	0.638	0.369	0.362	30
604	10658	44.12	3.46	197.996	0.191	0.321	0.163	1.426	0.225	0.264	0.579	0.576	0.421	0.424	30
605	10659	44.12	3.71	196.046	0.213	0.322	0.162	1.431	0.211	0.254	0.557	0.56	0.443	0.44	30
606	10660	44.12	3.96	196.723	0.197	0.33	0.182	1.461	0.244	0.3	0.603	0.62	0.397	0.38	30
607	10661	44.12	4.21	199.537	0.16	0.335	0.197	1.486	0.266	0.324	0.649	0.666	0.351	0.334	30
608	10662	44.12	4.46	199.706	0.157	0.333	0.196	1.49	0.27	0.328	0.646	0.663	0.354	0.338	30
609	10663	44.12	4.71	199.758	0.129	0.317	0.184	1.507	0.259	0.3	0.634	0.645	0.366	0.355	30
610	10664	44.12	4.96	199.767	0.127	0.311	0.181	1.524	0.254	0.287	0.633	0.641	0.367	0.359	30
611	10665	44.12	5.21	198.248	0.163	0.33	0.188	1.494	0.271	0.315	0.651	0.661	0.349	0.339	30
612	10666	44.12	5.46	198.52	0.175	0.329	0.182	1.473	0.257	0.295	0.645	0.649	0.355	0.351	30
613	10667	44.12	5.71	198.219	0.181	0.324	0.175	1.47	0.243	0.276	0.631	0.632	0.369	0.368	30
614	10668	44.12	5.96	197.751	0.177	0.321	0.173	1.483	0.241	0.274	0.633	0.634	0.367	0.366	30
615	10669	44.12	6.21	192.386	0.201	0.322	0.167	1.456	0.231	0.264	0.616	0.614	0.384	0.386	30
616	10670	44.12	6.46	172.451	0.243	0.318	0.147	1.399	0.193	0.21	0.565	0.552	0.435	0.448	30
617	10671	44.12	6.71	154.084	0.275	0.315	0.137	1.37	0.172	0.182	0.534	0.519	0.466	0.481	30
618	10672	44.12	6.96	158.196	0.274	0.319	0.143	1.375	0.18	0.193	0.538	0.522	0.462	0.478	30
619	10673	44.12	7.21	149.136	0.276	0.315	0.135	1.343	0.161	0.171	0.509	0.49	0.491	0.51	30
620	10674	44.12	7.46	156.111	0.269	0.32	0.143	1.343	0.173	0.185	0.535	0.518	0.465	0.482	30
621	10675	44.12	7.71	176.13	0.257	0.327	0.156	1.36	0.204	0.225	0.583	0.571	0.417	0.429	30
622	10676	44.12	7.96	193.064	0.229	0.333	0.174	1.416	0.245	0.28	0.623	0.621	0.377	0.379	30
623	10677	44.12	8.21	196.109	0.197	0.333	0.18	1.453	0.256	0.298	0.626	0.628	0.375	0.372	30
624	10678	44.12	10.21	192.823	0.187	0.337	0.18	1.419	0.251	0.287	0.638	0.634	0.362	0.366	30
625	10679	44.12	10.46	195.213	0.185	0.334	0.175	1.415	0.249	0.282	0.637	0.63	0.363	0.37	30
626	10680	44.12	10.71	196.074	0.19	0.334	0.176	1.413	0.255	0.286	0.65	0.64	0.351	0.36	30
627	10681	44.12	10.96	198.041	0.164	0.336	0.189	1.45	0.277	0.315	0.673	0.669	0.328	0.331	30
628	10682	44.12	11.21	199.405	0.141	0.341	0.201	1.471	0.295	0.338	0.689	0.691	0.311	0.309	30
629	10683	44.12	11.46	199.721	0.139	0.342	0.204	1.481	0.297	0.34	0.696	0.698	0.304	0.302	30
630	10684	44.12	11.71	199.862	0.141	0.342	0.208	1.492	0.302	0.344	0.704	0.706	0.296	0.295	30
631	10685	44.12	11.96	199.961	0.128	0.336	0.209	1.51	0.305	0.342	0.717	0.718	0.283	0.282	30
632	10686	44.12	12.21	199.994	0.112	0.333	0.208	1.514	0.307	0.336	0.726	0.724	0.274	0.276	30
633	10687	44.12	12.46	199.995	0.098	0.331	0.207	1.513	0.306	0.327	0.718	0.714	0.282	0.286	30
634	10688	44.12	15.46	199.926	0.061	0.339	0.21	1.48	0.327	0.368	0.675	0.683	0.326	0.317	30
635	10689	44.12	15.71	199.968	0.074	0.348	0.218	1.463	0.348	0.384	0.709	0.714	0.291	0.286	30
636	10690	44.12	15.96	199.973	0.078	0.352	0.221	1.459	0.349	0.389	0.706	0.712	0.294	0.288	30
637	10691	44.12	16.21	199.553	0.099	0.347	0.208	1.442	0.318	0.361	0.684	0.688	0.316	0.312	30
638	10692	44.12	16.46	197.458	0.145	0.338	0.183	1.413	0.268	0.305	0.65	0.646	0.35	0.354	30
639	10693	44.12	16.71	197.906	0.149	0.332	0.173	1.412	0.242	0.274	0.629	0.618	0.371	0.382	30
640	10694	44.12	16.96	197.361	0.162	0.33	0.171	1.41	0.226	0.259	0.617	0.607	0.383	0.393	30
641	10695	44.12	17.21	196.678	0.163	0.329	0.168	1.409	0.22	0.253	0.622	0.609	0.378	0.391	30
642	10696	44.12	17.46	197.393	0.159	0.325	0.164	1.439	0.22	0.245	0.632	0.616	0.368	0.384	30
643	10697	44.12	17.71	195.577	0.165	0.323	0.16	1.431	0.216	0.237	0.631	0.614	0.369	0.385	30
644	10698	44.12	17.96	198.539	0.145	0.325	0.171	1.467	0.233	0.258	0.647	0.637	0.353	0.363	30
645	10699	44.12	18.21	199.065	0.153	0.328	0.177	1.453	0.241	0.272	0.652	0.641	0.348	0.359	30
646	10700	44.12	18.46	198.086	0.175	0.33	0.175	1.431	0.231	0.265	0.643	0.624	0.357	0.376	30
647	10701	44.12	18.71	198.474	0.161	0.332	0.177	1.435	0.235	0.272	0.651	0.635	0.349	0.365	30
648	10702	44.12	18.96	198.712	0.147	0.331	0.179	1.44	0.243	0.282	0.66	0.647	0.34	0.353	30
649	10703	44.12	19.21	199.346	0.124	0.327	0.181	1.469	0.249	0.284	0.665	0.655	0.335	0.345	30
650	10704	44.12	19.46	199.651	0.112	0.326	0.184	1.489	0.254	0.289	0.669	0.662	0.331	0.338	30
651	10705	44.12	19.71	199.839	0.12	0.331	0.192	1.494	0.264	0.304	0.683	0.679	0.317	0.321	30
652	10706	44.12	19.96	199.876	0.088	0.324	0.192	1.511	0.259	0.298	0.672	0.668	0.328	0.332	30
653	10707	44.12	20.21	199.956	0.069	0.323	0.196	1.518	0.267	0.311	0.68	0.68	0.32	0.32	30
654	10708	44.12	20.46	199.973	0.063	0.322	0.197	1.521	0.27	0.316	0.685	0.686	0.315	0.315	30
655	10709	44.12	20.71	199.978	0.059	0.322	0.199	1.523	0.28	0.322	0.684	0.687	0.316	0.313	30
656	10710	44.12	20.96	199.999	0.046	0.317	0.199	1.524	0.283	0.317	0.674	0.675	0.326	0.325	30
657	10711	44.12	21.21	199.998	0.038	0.311	0.191	1.518	0.276	0.303	0.667	0.662	0.333	0.338	30
658	10712	44.12	21.46	199.912	0.057	0.318	0.195	1.514	0.273	0.31	0.675	0.673	0.325	0.328	30
659	10713	44.12	21.71	199.56	0.102	0.325	0.184	1.499	0.25	0.287	0.668	0.659	0.332	0.341	30
660	10714	44.12	21.96	199.768	0.095	0.325	0.186	1.502	0.255	0.29	0.68	0.673	0.32	0.327	30
661	10715	44.12	22.21	199.853	0.072	0.323	0.198	1.51	0.276	0.312	0.689	0.689	0.311	0.311	30
662	10716	44.12	22.46	199.996	0.049	0.322	0.201	1.512	0.287	0.321	0.705	0.707	0.294	0.293	30
663	10717	44.12	22.71	199.999	0.037	0.326	0.201	1.509	0.307	0.333	0.74	0.738	0.26	0.262	30
664	10718	44.12	22.96	200	0.028	0.33	0.202	1.505	0.317	0.338	0.751	0.746	0.249	0.254	30
665	10719	44.12	23.21	200	0.028	0.338	0.21	1.507	0.326	0.348	0.769	0.766	0.231	0.234	30
666	10720	44.12	23.46	200	0.03	0.34	0.214	1.509	0.328	0.35	0.765	0.762	0.235	0.238	30
667	10721	44.12	23.71	200	0.032	0.338	0.212	1.504	0.325	0.348	0.763	0.758	0.237	0.242	30
668	10722	44.12	23.96	200	0.032	0.323	0.203	1.505	0.303	0.323	0.735	0.729	0.264	0.271	30
669	10723	44.12	24.21	200	0.026	0.332	0.209	1.498	0.32	0.34	0.763	0.758	0.237	0.242	30
670	10724	44.12	24.46	200	0.028	0.337	0.21	1.497	0.328	0.348	0.777	0.772	0.223	0.228	30
671	10725	44.12	24.71	200	0.029	0.341	0.213	1.497	0.337	0.354	0.79	0.783	0.21	0.217	30
