# Command file for Castanea
# Generated on Rstudio by user vandermeersch, on the 2023-07-07

# The filenames below are relative to the folder containing this command file
castaneaFileName	=	fagus_cmaes_output_subset1_rep2.txt
inventoryFileName	=	C:/Users/vandermeersch/Documents/CEFE/phd/hindcasting/simulation/castanea/run/inventory.txt

climateBaseName	=	D:/climate/HadCM3B_60Kyr_Climate/2023_dataset/castanea_format/025deg/1500BP/
climateExtension	=	.txt
simulationName	=	ind1_


#	siteId	gridName	latitude	longitude	soilHeight	stone	wfc	wilt	bulk	SOLCLAYtop	SOLCLAYsol	SOLFINtop	SOLFINsol	SOLSANDtop	SOLSANDsol	numberOfYears
1	8143	49.12	18.96	195.321	0.196	0.313	0.141	1.426	0.186	0.198	0.624	0.594	0.376	0.406	30
2	8144	49.12	19.21	192.957	0.223	0.318	0.137	1.399	0.177	0.189	0.614	0.58	0.386	0.42	30
3	8145	49.12	19.46	192.231	0.204	0.316	0.137	1.408	0.18	0.191	0.613	0.584	0.386	0.415	30
4	8146	49.12	19.71	186.51	0.225	0.311	0.128	1.374	0.155	0.163	0.562	0.529	0.438	0.471	30
5	8147	49.12	19.96	181.041	0.245	0.308	0.121	1.359	0.139	0.145	0.524	0.49	0.476	0.51	30
6	8148	49.12	20.21	185.821	0.228	0.307	0.129	1.397	0.161	0.169	0.555	0.526	0.445	0.474	30
7	8149	49.12	20.46	197.537	0.181	0.306	0.139	1.454	0.189	0.201	0.618	0.592	0.382	0.408	30
8	8150	49.12	20.71	198.218	0.196	0.307	0.136	1.441	0.182	0.192	0.615	0.585	0.385	0.415	30
9	8151	49.12	20.96	199.405	0.189	0.309	0.144	1.466	0.192	0.204	0.649	0.624	0.35	0.376	30
10	8152	49.12	21.21	199.915	0.153	0.308	0.154	1.491	0.204	0.221	0.673	0.653	0.327	0.347	30
11	8153	49.12	21.46	199.81	0.122	0.308	0.156	1.508	0.208	0.227	0.682	0.664	0.318	0.336	30
12	8154	49.12	21.71	199.931	0.106	0.309	0.155	1.515	0.214	0.235	0.678	0.659	0.321	0.341	30
13	8155	49.12	21.96	199.674	0.124	0.312	0.152	1.498	0.214	0.233	0.676	0.653	0.323	0.347	30
14	8156	49.12	22.21	199.219	0.165	0.317	0.146	1.46	0.199	0.212	0.656	0.624	0.344	0.376	30
15	8157	49.12	22.46	198.153	0.193	0.318	0.14	1.429	0.184	0.193	0.631	0.594	0.368	0.406	30
16	8158	49.12	22.71	197.072	0.189	0.317	0.136	1.418	0.175	0.183	0.617	0.581	0.383	0.419	30
17	8159	49.12	22.96	197.863	0.179	0.318	0.137	1.421	0.179	0.188	0.615	0.585	0.384	0.415	30
18	8160	49.12	23.21	195.891	0.198	0.319	0.136	1.402	0.178	0.187	0.612	0.575	0.387	0.424	30
19	8161	49.12	23.46	195.622	0.198	0.319	0.14	1.418	0.185	0.195	0.626	0.59	0.374	0.41	30
20	8162	49.12	23.71	198.379	0.15	0.315	0.145	1.467	0.192	0.204	0.642	0.612	0.358	0.388	30
21	8163	49.12	23.96	199.792	0.115	0.306	0.143	1.496	0.183	0.197	0.623	0.597	0.377	0.403	30
22	8164	49.12	24.21	199.992	0.1	0.299	0.14	1.501	0.179	0.193	0.618	0.593	0.382	0.407	30
23	8165	49.12	24.46	199.998	0.088	0.299	0.143	1.502	0.189	0.205	0.642	0.621	0.358	0.379	30
24	8166	49.12	24.71	200	0.085	0.303	0.15	1.493	0.205	0.221	0.672	0.655	0.328	0.345	30
25	8167	49.12	24.96	199.999	0.096	0.306	0.153	1.493	0.204	0.222	0.705	0.688	0.295	0.312	30
26	8168	49.12	25.21	200	0.099	0.308	0.152	1.485	0.201	0.215	0.715	0.697	0.286	0.303	30
27	8169	49.12	25.46	200	0.088	0.317	0.157	1.469	0.215	0.227	0.736	0.721	0.265	0.279	30
28	8170	49.12	25.71	200	0.091	0.314	0.157	1.475	0.208	0.22	0.715	0.701	0.285	0.299	30
29	8171	49.12	25.96	200	0.088	0.312	0.159	1.473	0.207	0.217	0.702	0.688	0.298	0.312	30
30	8172	49.12	26.21	200	0.089	0.314	0.161	1.46	0.214	0.225	0.708	0.694	0.292	0.306	30
31	8173	49.12	26.46	200	0.09	0.312	0.158	1.456	0.211	0.22	0.713	0.698	0.288	0.302	30
32	8174	49.12	26.71	200	0.087	0.314	0.161	1.452	0.213	0.22	0.722	0.707	0.278	0.293	30
33	8175	49.12	26.96	200	0.085	0.314	0.159	1.458	0.209	0.217	0.717	0.704	0.283	0.297	30
34	8176	49.12	27.21	200	0.086	0.308	0.151	1.469	0.199	0.21	0.697	0.682	0.304	0.318	30
35	8177	49.12	27.46	200	0.082	0.307	0.148	1.465	0.201	0.212	0.69	0.676	0.31	0.324	30
36	8178	49.12	27.71	200	0.084	0.304	0.148	1.472	0.205	0.217	0.694	0.679	0.307	0.321	30
37	8179	49.12	27.96	200	0.079	0.303	0.148	1.477	0.205	0.217	0.694	0.681	0.307	0.319	30
38	8180	49.12	28.21	200	0.073	0.301	0.148	1.485	0.198	0.209	0.682	0.671	0.318	0.329	30
39	8181	49.12	28.46	200	0.071	0.299	0.147	1.488	0.193	0.204	0.669	0.657	0.332	0.343	30
40	8182	49.12	28.71	200	0.066	0.306	0.153	1.474	0.204	0.215	0.699	0.689	0.301	0.311	30
41	8183	49.12	28.96	200	0.065	0.314	0.159	1.462	0.214	0.224	0.719	0.711	0.281	0.289	30
42	8184	49.12	29.21	200	0.072	0.31	0.157	1.472	0.207	0.218	0.701	0.691	0.299	0.309	30
43	8185	49.12	29.46	200	0.067	0.315	0.163	1.466	0.218	0.228	0.719	0.707	0.281	0.293	30
44	8186	49.12	29.71	200	0.063	0.319	0.166	1.456	0.222	0.231	0.733	0.721	0.267	0.279	30
45	8187	49.12	29.96	200	0.06	0.32	0.166	1.454	0.226	0.234	0.734	0.723	0.267	0.277	30
46	8188	49.12	30.21	199.999	0.058	0.319	0.169	1.453	0.234	0.242	0.733	0.722	0.267	0.278	30
47	8189	49.12	30.46	200	0.055	0.32	0.17	1.451	0.236	0.244	0.728	0.718	0.272	0.282	30
48	8190	49.12	30.71	200	0.058	0.316	0.167	1.458	0.23	0.24	0.717	0.707	0.283	0.293	30
49	8191	49.12	30.96	200	0.06	0.308	0.161	1.476	0.217	0.228	0.684	0.673	0.317	0.327	30
50	8192	49.12	31.21	200	0.052	0.314	0.164	1.466	0.22	0.227	0.679	0.668	0.321	0.332	30
51	8193	49.12	31.46	200	0.048	0.313	0.162	1.468	0.224	0.231	0.679	0.668	0.321	0.332	30
52	8194	49.12	31.71	199.999	0.051	0.309	0.157	1.473	0.217	0.226	0.672	0.66	0.328	0.34	30
53	8195	49.12	31.96	199.999	0.046	0.31	0.156	1.468	0.213	0.219	0.669	0.657	0.332	0.343	30
54	8196	49.12	32.21	199.991	0.047	0.305	0.151	1.48	0.206	0.215	0.644	0.632	0.356	0.369	30
55	8197	49.12	32.46	199.974	0.042	0.308	0.15	1.476	0.214	0.221	0.645	0.633	0.355	0.367	30
56	8198	49.12	32.71	198.885	0.049	0.312	0.146	1.467	0.219	0.224	0.627	0.617	0.373	0.383	30
57	8199	49.12	32.96	196.455	0.068	0.318	0.145	1.461	0.209	0.216	0.615	0.606	0.385	0.394	30
58	8200	49.12	33.21	199.507	0.042	0.314	0.148	1.472	0.215	0.221	0.639	0.628	0.361	0.372	30
59	8201	49.12	33.46	199.99	0.034	0.318	0.154	1.471	0.221	0.226	0.641	0.63	0.359	0.37	30
60	8202	49.12	33.71	199.981	0.032	0.324	0.161	1.461	0.231	0.235	0.672	0.661	0.328	0.339	30
61	8203	49.12	33.96	199.98	0.026	0.329	0.168	1.432	0.244	0.245	0.718	0.707	0.282	0.294	30
62	8204	49.12	34.21	199.978	0.026	0.325	0.162	1.452	0.233	0.236	0.677	0.666	0.323	0.334	30
63	8205	49.12	34.46	200	0.019	0.333	0.167	1.443	0.236	0.239	0.684	0.674	0.316	0.326	30
64	8206	49.12	34.71	200	0.018	0.342	0.173	1.415	0.246	0.247	0.703	0.693	0.297	0.307	30
65	8207	48.87	-1.54	199.989	0.121	0.311	0.147	1.487	0.202	0.218	0.671	0.651	0.329	0.349	30
66	8208	48.87	-1.29	199.998	0.139	0.318	0.15	1.476	0.191	0.215	0.723	0.707	0.277	0.293	30
67	8209	48.87	-1.04	199.997	0.15	0.318	0.151	1.469	0.192	0.216	0.72	0.704	0.279	0.296	30
68	8210	48.87	-0.789999999999999	199.996	0.153	0.321	0.156	1.472	0.201	0.224	0.725	0.708	0.274	0.291	30
69	8211	48.87	-0.539999999999999	199.988	0.153	0.321	0.161	1.482	0.21	0.233	0.724	0.707	0.276	0.293	30
70	8212	48.87	-0.289999999999999	199.987	0.148	0.323	0.169	1.495	0.223	0.252	0.752	0.739	0.248	0.261	30
71	8213	48.87	-0.0399999999999991	199.951	0.139	0.329	0.183	1.509	0.248	0.286	0.778	0.769	0.222	0.231	30
72	8214	48.87	0.210000000000001	199.894	0.152	0.328	0.172	1.497	0.226	0.257	0.751	0.737	0.248	0.263	30
73	8215	48.87	0.460000000000001	199.985	0.146	0.326	0.166	1.506	0.209	0.233	0.759	0.745	0.241	0.255	30
74	8216	48.87	0.710000000000001	200	0.14	0.327	0.166	1.512	0.191	0.216	0.762	0.751	0.238	0.248	30
75	8217	48.87	0.960000000000001	200	0.137	0.331	0.168	1.516	0.193	0.218	0.77	0.762	0.23	0.238	30
76	8218	48.87	1.21	200	0.129	0.328	0.17	1.521	0.199	0.223	0.758	0.749	0.242	0.251	30
77	8219	48.87	1.46	200	0.131	0.322	0.177	1.526	0.214	0.241	0.746	0.735	0.254	0.265	30
78	8220	48.87	1.71	200	0.133	0.317	0.178	1.524	0.218	0.249	0.73	0.719	0.27	0.281	30
79	8221	48.87	1.96	200	0.132	0.308	0.168	1.522	0.21	0.237	0.669	0.657	0.331	0.344	30
80	8222	48.87	2.21	200	0.126	0.301	0.165	1.512	0.217	0.24	0.611	0.597	0.39	0.403	30
81	8223	48.87	2.46	200	0.113	0.299	0.168	1.516	0.225	0.247	0.606	0.589	0.394	0.411	30
82	8224	48.87	2.71	200	0.108	0.3	0.167	1.534	0.214	0.24	0.648	0.63	0.352	0.37	30
83	8225	48.87	2.96	200	0.118	0.308	0.175	1.539	0.223	0.253	0.732	0.716	0.268	0.284	30
84	8226	48.87	3.21	200	0.124	0.316	0.184	1.54	0.232	0.266	0.788	0.775	0.212	0.225	30
85	8227	48.87	3.46	200	0.129	0.321	0.187	1.537	0.237	0.271	0.799	0.787	0.201	0.213	30
86	8228	48.87	3.71	200	0.136	0.323	0.184	1.532	0.231	0.261	0.772	0.76	0.228	0.24	30
87	8229	48.87	3.96	200	0.135	0.319	0.185	1.541	0.24	0.268	0.75	0.741	0.25	0.259	30
88	8230	48.87	4.21	200	0.127	0.318	0.19	1.549	0.252	0.278	0.748	0.738	0.252	0.262	30
89	8231	48.87	4.46	199.998	0.128	0.32	0.193	1.542	0.264	0.291	0.763	0.753	0.237	0.247	30
90	8232	48.87	4.71	199.988	0.129	0.32	0.189	1.536	0.258	0.285	0.766	0.754	0.234	0.246	30
91	8233	48.87	4.96	199.999	0.133	0.313	0.172	1.53	0.225	0.247	0.725	0.709	0.276	0.291	30
92	8234	48.87	5.21	199.999	0.154	0.329	0.194	1.52	0.269	0.296	0.777	0.768	0.223	0.232	30
93	8235	48.87	5.46	200	0.173	0.335	0.198	1.517	0.275	0.3	0.774	0.764	0.226	0.236	30
94	8236	48.87	5.71	199.999	0.154	0.331	0.197	1.521	0.274	0.299	0.756	0.745	0.244	0.255	30
95	8237	48.87	5.96	199.999	0.151	0.326	0.196	1.525	0.275	0.301	0.744	0.736	0.256	0.264	30
96	8238	48.87	6.21	200	0.148	0.324	0.194	1.528	0.277	0.3	0.74	0.73	0.26	0.27	30
97	8239	48.87	6.46	199.999	0.141	0.328	0.197	1.532	0.277	0.298	0.751	0.741	0.249	0.26	30
98	8240	48.87	6.71	199.998	0.127	0.32	0.182	1.533	0.254	0.272	0.716	0.705	0.284	0.294	30
99	8241	48.87	6.96	199.997	0.13	0.313	0.175	1.533	0.246	0.267	0.693	0.682	0.307	0.318	30
100	8242	48.87	7.21	199.989	0.157	0.313	0.175	1.522	0.238	0.258	0.684	0.671	0.316	0.329	30
101	8243	48.87	7.46	199.986	0.154	0.3	0.155	1.514	0.202	0.217	0.635	0.62	0.365	0.38	30
102	8244	48.87	7.71	199.992	0.119	0.29	0.147	1.513	0.193	0.208	0.598	0.583	0.402	0.417	30
103	8245	48.87	7.96	199.991	0.086	0.279	0.131	1.521	0.176	0.188	0.541	0.524	0.458	0.476	30
104	8246	48.87	8.21	199.852	0.098	0.287	0.136	1.511	0.184	0.196	0.561	0.538	0.439	0.462	30
105	8247	48.87	8.46	199.402	0.153	0.301	0.147	1.486	0.197	0.212	0.602	0.577	0.397	0.422	30
106	8248	48.87	8.71	199.723	0.165	0.312	0.165	1.503	0.223	0.243	0.666	0.65	0.334	0.35	30
107	8249	48.87	8.96	200	0.145	0.315	0.177	1.523	0.24	0.263	0.706	0.696	0.294	0.304	30
108	8250	48.87	9.21	200	0.138	0.309	0.175	1.522	0.232	0.253	0.682	0.672	0.318	0.328	30
109	8251	48.87	9.46	199.998	0.161	0.306	0.163	1.517	0.213	0.23	0.65	0.633	0.35	0.367	30
110	8252	48.87	9.71	199.995	0.176	0.308	0.151	1.504	0.202	0.216	0.632	0.611	0.368	0.389	30
111	8253	48.87	9.96	199.995	0.175	0.313	0.157	1.502	0.214	0.231	0.659	0.641	0.34	0.359	30
112	8254	48.87	10.21	199.996	0.167	0.317	0.165	1.507	0.223	0.243	0.679	0.662	0.321	0.338	30
113	8255	48.87	10.46	200	0.137	0.31	0.162	1.524	0.213	0.233	0.663	0.651	0.336	0.349	30
114	8256	48.87	10.71	200	0.138	0.303	0.156	1.53	0.205	0.221	0.635	0.622	0.365	0.378	30
115	8257	48.87	10.96	199.999	0.159	0.307	0.161	1.527	0.209	0.229	0.649	0.634	0.351	0.366	30
116	8258	48.87	11.21	199.996	0.149	0.31	0.164	1.522	0.209	0.231	0.649	0.636	0.351	0.364	30
117	8259	48.87	11.46	199.998	0.141	0.303	0.159	1.526	0.202	0.223	0.633	0.62	0.367	0.38	30
118	8260	48.87	11.71	199.991	0.14	0.297	0.155	1.53	0.196	0.219	0.616	0.603	0.384	0.397	30
119	8261	48.87	11.96	199.991	0.135	0.295	0.153	1.529	0.195	0.217	0.618	0.605	0.382	0.395	30
120	8262	48.87	12.21	199.997	0.117	0.296	0.154	1.528	0.203	0.219	0.647	0.633	0.353	0.367	30
121	8263	48.87	12.46	199.992	0.114	0.295	0.149	1.524	0.203	0.217	0.65	0.633	0.35	0.367	30
122	8264	48.87	12.71	199.844	0.125	0.298	0.148	1.516	0.203	0.216	0.655	0.636	0.345	0.364	30
123	8265	48.87	12.96	199.141	0.165	0.3	0.14	1.485	0.187	0.197	0.608	0.581	0.391	0.419	30
124	8266	48.87	13.21	198.185	0.192	0.3	0.132	1.464	0.168	0.177	0.571	0.537	0.428	0.462	30
125	8267	48.87	13.46	193.386	0.209	0.3	0.126	1.439	0.155	0.161	0.553	0.517	0.447	0.483	30
126	8268	48.87	13.71	194.866	0.213	0.301	0.121	1.413	0.145	0.15	0.538	0.5	0.462	0.5	30
127	8269	48.87	13.96	197.195	0.214	0.3	0.121	1.416	0.144	0.152	0.536	0.501	0.464	0.499	30
128	8270	48.87	14.21	199.451	0.192	0.293	0.13	1.475	0.159	0.173	0.554	0.525	0.446	0.475	30
129	8271	48.87	14.46	199.928	0.159	0.287	0.138	1.519	0.171	0.191	0.57	0.55	0.43	0.45	30
130	8272	48.87	14.71	199.91	0.149	0.283	0.131	1.516	0.159	0.178	0.533	0.515	0.467	0.484	30
131	8273	48.87	14.96	199.936	0.156	0.279	0.123	1.51	0.144	0.159	0.505	0.485	0.495	0.515	30
132	8274	48.87	15.21	199.973	0.16	0.28	0.131	1.527	0.147	0.164	0.538	0.52	0.462	0.48	30
133	8275	48.87	15.46	199.978	0.153	0.287	0.144	1.54	0.167	0.188	0.593	0.58	0.406	0.42	30
134	8276	48.87	15.71	199.999	0.145	0.293	0.152	1.542	0.182	0.206	0.629	0.617	0.371	0.383	30
135	8277	48.87	15.96	200	0.13	0.296	0.161	1.53	0.201	0.22	0.646	0.637	0.354	0.363	30
136	8278	48.87	16.21	200	0.103	0.299	0.167	1.516	0.223	0.234	0.643	0.635	0.357	0.365	30
137	8279	48.87	16.46	200	0.083	0.298	0.164	1.514	0.229	0.237	0.613	0.602	0.388	0.398	30
138	8280	48.87	16.71	200	0.09	0.299	0.166	1.517	0.23	0.241	0.632	0.62	0.368	0.38	30
139	8281	48.87	16.96	200	0.084	0.29	0.159	1.515	0.22	0.23	0.606	0.592	0.394	0.408	30
140	8282	48.87	17.21	200	0.089	0.289	0.159	1.519	0.218	0.233	0.623	0.61	0.377	0.39	30
141	8283	48.87	17.46	200	0.107	0.308	0.172	1.517	0.24	0.259	0.698	0.684	0.302	0.316	30
142	8284	48.87	17.71	199.995	0.127	0.311	0.168	1.506	0.231	0.252	0.695	0.677	0.305	0.323	30
143	8285	48.87	17.96	199.98	0.132	0.311	0.167	1.501	0.223	0.243	0.679	0.657	0.321	0.343	30
144	8286	48.87	18.21	199.949	0.141	0.314	0.169	1.499	0.226	0.249	0.681	0.659	0.319	0.341	30
145	8287	48.87	18.46	199.696	0.181	0.317	0.161	1.475	0.214	0.237	0.666	0.641	0.334	0.359	30
146	8288	48.87	18.71	198.453	0.177	0.312	0.15	1.462	0.203	0.22	0.648	0.623	0.352	0.377	30
147	8289	48.87	18.96	194.65	0.196	0.313	0.142	1.422	0.19	0.203	0.627	0.597	0.372	0.403	30
148	8290	48.87	19.21	193.931	0.225	0.315	0.136	1.398	0.172	0.184	0.601	0.566	0.398	0.434	30
149	8291	48.87	19.46	189.757	0.234	0.31	0.127	1.375	0.158	0.166	0.568	0.53	0.431	0.469	30
150	8292	48.87	19.71	189.48	0.231	0.306	0.123	1.376	0.149	0.156	0.552	0.513	0.448	0.487	30
151	8293	48.87	19.96	190.334	0.234	0.305	0.123	1.371	0.143	0.15	0.54	0.5	0.46	0.5	30
152	8294	48.87	20.21	191.81	0.225	0.305	0.127	1.392	0.157	0.166	0.557	0.521	0.443	0.479	30
153	8295	48.87	20.46	194.783	0.211	0.306	0.137	1.436	0.18	0.192	0.599	0.568	0.401	0.432	30
154	8296	48.87	20.71	196.557	0.209	0.306	0.139	1.445	0.184	0.195	0.61	0.579	0.39	0.421	30
155	8297	48.87	20.96	198.173	0.203	0.309	0.145	1.462	0.19	0.203	0.628	0.596	0.372	0.404	30
156	8298	48.87	21.21	199.659	0.139	0.308	0.16	1.503	0.216	0.237	0.665	0.642	0.334	0.358	30
157	8299	48.87	21.46	199.595	0.122	0.308	0.161	1.504	0.221	0.242	0.676	0.655	0.323	0.345	30
158	8300	48.87	21.71	199.891	0.078	0.304	0.163	1.52	0.232	0.254	0.672	0.657	0.327	0.343	30
159	8301	48.87	21.96	199.298	0.078	0.307	0.161	1.513	0.239	0.259	0.676	0.657	0.324	0.343	30
160	8302	48.87	22.21	198.283	0.121	0.314	0.157	1.489	0.223	0.241	0.671	0.645	0.329	0.355	30
161	8303	48.87	22.46	198.302	0.146	0.318	0.155	1.474	0.214	0.23	0.664	0.635	0.335	0.365	30
162	8304	48.87	22.71	196.044	0.184	0.32	0.144	1.436	0.197	0.206	0.648	0.613	0.352	0.387	30
163	8305	48.87	22.96	194.763	0.196	0.318	0.136	1.418	0.181	0.189	0.62	0.586	0.38	0.414	30
164	8306	48.87	23.21	194.097	0.191	0.319	0.134	1.403	0.171	0.179	0.602	0.567	0.398	0.432	30
165	8307	48.87	23.46	191.746	0.214	0.32	0.13	1.373	0.165	0.172	0.585	0.547	0.415	0.453	30
166	8308	48.87	23.71	190.156	0.22	0.318	0.13	1.364	0.167	0.174	0.581	0.54	0.418	0.46	30
167	8309	48.87	23.96	194.932	0.183	0.316	0.14	1.423	0.183	0.195	0.613	0.577	0.387	0.423	30
168	8310	48.87	24.21	198.835	0.143	0.309	0.144	1.474	0.189	0.203	0.629	0.598	0.371	0.402	30
169	8311	48.87	24.46	199.947	0.115	0.3	0.139	1.493	0.181	0.196	0.625	0.596	0.375	0.404	30
170	8312	48.87	24.71	200	0.08	0.298	0.143	1.506	0.193	0.207	0.634	0.612	0.366	0.388	30
171	8313	48.87	24.96	200	0.079	0.302	0.15	1.501	0.211	0.225	0.686	0.667	0.314	0.333	30
172	8314	48.87	25.21	200	0.092	0.306	0.153	1.494	0.212	0.227	0.708	0.691	0.292	0.309	30
173	8315	48.87	25.46	200	0.092	0.31	0.156	1.481	0.22	0.232	0.721	0.705	0.279	0.295	30
174	8316	48.87	25.71	200	0.088	0.312	0.159	1.473	0.223	0.235	0.715	0.701	0.285	0.299	30
175	8317	48.87	25.96	200	0.089	0.308	0.16	1.48	0.216	0.228	0.696	0.683	0.304	0.317	30
176	8318	48.87	26.21	200	0.084	0.314	0.164	1.469	0.227	0.239	0.712	0.701	0.288	0.299	30
177	8319	48.87	26.46	200	0.084	0.316	0.165	1.459	0.23	0.241	0.716	0.703	0.284	0.297	30
178	8320	48.87	26.71	200	0.087	0.315	0.162	1.463	0.22	0.23	0.724	0.709	0.277	0.291	30
179	8321	48.87	26.96	200	0.088	0.312	0.158	1.471	0.215	0.227	0.719	0.704	0.282	0.296	30
180	8322	48.87	27.21	200	0.084	0.307	0.154	1.476	0.214	0.227	0.711	0.698	0.289	0.302	30
181	8323	48.87	27.46	200	0.08	0.308	0.154	1.469	0.218	0.231	0.712	0.699	0.288	0.301	30
182	8324	48.87	27.71	200	0.081	0.308	0.156	1.467	0.222	0.235	0.716	0.704	0.285	0.296	30
183	8325	48.87	27.96	200	0.077	0.308	0.156	1.468	0.223	0.235	0.72	0.708	0.28	0.292	30
184	8326	48.87	28.21	200	0.07	0.31	0.16	1.47	0.223	0.233	0.727	0.716	0.273	0.284	30
185	8327	48.87	28.46	200	0.066	0.308	0.156	1.478	0.214	0.225	0.713	0.702	0.287	0.299	30
186	8328	48.87	28.71	200	0.067	0.307	0.154	1.482	0.212	0.223	0.697	0.685	0.303	0.315	30
187	8329	48.87	28.96	200	0.067	0.309	0.159	1.48	0.218	0.23	0.707	0.697	0.293	0.304	30
188	8330	48.87	29.21	200	0.072	0.309	0.16	1.486	0.218	0.23	0.708	0.698	0.292	0.302	30
189	8331	48.87	29.46	200	0.066	0.313	0.162	1.482	0.219	0.232	0.703	0.693	0.297	0.307	30
190	8332	48.87	29.71	200	0.055	0.321	0.166	1.462	0.227	0.234	0.715	0.705	0.285	0.296	30
191	8333	48.87	29.96	200	0.054	0.322	0.169	1.464	0.237	0.243	0.718	0.707	0.282	0.293	30
192	8334	48.87	30.21	200	0.056	0.318	0.171	1.468	0.241	0.249	0.717	0.706	0.283	0.295	30
193	8335	48.87	30.46	200	0.056	0.319	0.171	1.461	0.246	0.254	0.73	0.719	0.271	0.281	30
194	8336	48.87	30.71	200	0.057	0.324	0.172	1.452	0.251	0.258	0.733	0.725	0.268	0.276	30
195	8337	48.87	30.96	200	0.057	0.32	0.169	1.458	0.239	0.246	0.709	0.7	0.291	0.3	30
196	8338	48.87	31.21	200	0.054	0.324	0.173	1.455	0.245	0.251	0.718	0.709	0.282	0.291	30
197	8339	48.87	31.46	199.994	0.052	0.32	0.168	1.453	0.238	0.245	0.706	0.697	0.294	0.303	30
198	8340	48.87	31.71	199.995	0.051	0.319	0.165	1.453	0.231	0.238	0.695	0.686	0.305	0.314	30
199	8341	48.87	31.96	200	0.05	0.321	0.164	1.447	0.226	0.231	0.689	0.679	0.311	0.321	30
200	8342	48.87	32.21	199.997	0.055	0.318	0.16	1.459	0.224	0.231	0.671	0.661	0.329	0.339	30
201	8343	48.87	32.46	199.998	0.053	0.321	0.158	1.454	0.231	0.237	0.679	0.667	0.321	0.333	30
202	8344	48.87	32.71	199.976	0.046	0.317	0.156	1.455	0.229	0.234	0.684	0.672	0.316	0.328	30
203	8345	48.87	32.96	199.878	0.044	0.319	0.157	1.45	0.228	0.231	0.687	0.675	0.314	0.325	30
204	8346	48.87	33.21	199.959	0.043	0.32	0.159	1.455	0.228	0.231	0.681	0.67	0.319	0.33	30
205	8347	48.87	33.46	199.995	0.039	0.323	0.164	1.455	0.234	0.236	0.689	0.679	0.311	0.321	30
206	8348	48.87	33.71	199.956	0.041	0.323	0.161	1.455	0.232	0.234	0.683	0.674	0.317	0.326	30
207	8349	48.87	33.96	199.774	0.039	0.322	0.154	1.453	0.225	0.229	0.671	0.661	0.329	0.339	30
208	8350	48.87	34.21	199.475	0.033	0.325	0.152	1.457	0.221	0.227	0.645	0.635	0.355	0.365	30
209	8351	48.87	34.46	199.981	0.018	0.327	0.163	1.459	0.233	0.237	0.665	0.654	0.335	0.346	30
210	8352	48.87	34.71	200	0.015	0.34	0.175	1.418	0.256	0.256	0.719	0.708	0.282	0.292	30
211	8353	48.62	-4.54	199.66	0.109	0.312	0.142	1.442	0.165	0.182	0.589	0.57	0.411	0.431	30
212	8354	48.62	-4.29	199.991	0.119	0.319	0.145	1.446	0.161	0.182	0.633	0.613	0.368	0.388	30
213	8355	48.62	-4.04	199.956	0.129	0.326	0.148	1.441	0.17	0.192	0.657	0.64	0.343	0.36	30
214	8356	48.62	-3.79	199.941	0.135	0.326	0.152	1.431	0.184	0.206	0.659	0.643	0.341	0.357	30
215	8357	48.62	-3.54	199.818	0.136	0.323	0.151	1.43	0.185	0.209	0.659	0.643	0.342	0.358	30
216	8358	48.62	-3.29	199.935	0.135	0.322	0.148	1.443	0.184	0.21	0.675	0.659	0.325	0.341	30
217	8359	48.62	-3.04	199.909	0.139	0.321	0.15	1.451	0.181	0.207	0.68	0.663	0.32	0.337	30
218	8360	48.62	-2.79	199.939	0.141	0.32	0.153	1.467	0.191	0.218	0.692	0.675	0.308	0.325	30
219	8361	48.62	-2.54	199.872	0.128	0.312	0.155	1.487	0.202	0.227	0.671	0.655	0.329	0.345	30
220	8362	48.62	-2.29	199.847	0.122	0.308	0.151	1.491	0.198	0.219	0.659	0.64	0.341	0.36	30
221	8363	48.62	-2.04	199.583	0.115	0.302	0.145	1.495	0.2	0.214	0.616	0.593	0.384	0.407	30
222	8364	48.62	-1.79	199.894	0.103	0.301	0.148	1.501	0.216	0.225	0.636	0.608	0.364	0.392	30
223	8365	48.62	-1.54	199.992	0.112	0.306	0.148	1.502	0.213	0.228	0.675	0.651	0.326	0.349	30
224	8366	48.62	-1.29	199.999	0.129	0.311	0.148	1.498	0.197	0.22	0.712	0.693	0.288	0.307	30
225	8367	48.62	-1.04	199.999	0.144	0.314	0.148	1.489	0.189	0.213	0.723	0.705	0.276	0.295	30
226	8368	48.62	-0.789999999999999	199.997	0.143	0.316	0.15	1.485	0.195	0.217	0.722	0.703	0.278	0.297	30
227	8369	48.62	-0.539999999999999	199.963	0.144	0.314	0.153	1.49	0.196	0.22	0.709	0.691	0.291	0.309	30
228	8370	48.62	-0.289999999999999	199.972	0.147	0.316	0.157	1.494	0.202	0.225	0.717	0.701	0.283	0.299	30
229	8371	48.62	-0.0399999999999991	199.933	0.151	0.319	0.166	1.496	0.214	0.24	0.734	0.721	0.265	0.279	30
230	8372	48.62	0.210000000000001	199.962	0.142	0.324	0.175	1.502	0.224	0.255	0.759	0.746	0.241	0.254	30
231	8373	48.62	0.460000000000001	199.988	0.146	0.324	0.176	1.509	0.22	0.248	0.764	0.751	0.236	0.249	30
232	8374	48.62	0.710000000000001	200	0.15	0.325	0.17	1.513	0.2	0.226	0.754	0.742	0.246	0.258	30
233	8375	48.62	0.960000000000001	200	0.143	0.328	0.17	1.514	0.194	0.221	0.757	0.748	0.243	0.252	30
234	8376	48.62	1.21	200	0.128	0.331	0.171	1.52	0.203	0.228	0.77	0.763	0.23	0.237	30
235	8377	48.62	1.46	200	0.123	0.329	0.176	1.525	0.217	0.242	0.761	0.753	0.239	0.247	30
236	8378	48.62	1.71	200	0.125	0.32	0.173	1.523	0.208	0.235	0.724	0.713	0.276	0.287	30
237	8379	48.62	1.96	200	0.128	0.312	0.165	1.52	0.194	0.221	0.679	0.666	0.321	0.334	30
238	8380	48.62	2.21	200	0.13	0.305	0.167	1.521	0.212	0.239	0.652	0.639	0.348	0.362	30
239	8381	48.62	2.46	200	0.112	0.298	0.164	1.525	0.219	0.246	0.622	0.605	0.379	0.395	30
240	8382	48.62	2.71	200	0.106	0.299	0.164	1.534	0.215	0.243	0.655	0.635	0.345	0.365	30
241	8383	48.62	2.96	200	0.11	0.309	0.174	1.538	0.227	0.26	0.732	0.713	0.268	0.287	30
242	8384	48.62	3.21	200	0.116	0.32	0.187	1.538	0.246	0.282	0.799	0.784	0.201	0.216	30
243	8385	48.62	3.46	200	0.123	0.324	0.189	1.533	0.251	0.285	0.802	0.788	0.198	0.212	30
244	8386	48.62	3.71	200	0.121	0.317	0.182	1.536	0.245	0.272	0.753	0.737	0.247	0.263	30
245	8387	48.62	3.96	200	0.12	0.314	0.185	1.55	0.25	0.276	0.745	0.731	0.255	0.269	30
246	8388	48.62	4.21	200	0.131	0.319	0.193	1.551	0.262	0.294	0.76	0.753	0.24	0.247	30
247	8389	48.62	4.46	199.999	0.127	0.32	0.193	1.545	0.266	0.296	0.757	0.748	0.244	0.252	30
248	8390	48.62	4.71	199.97	0.109	0.304	0.167	1.543	0.227	0.248	0.692	0.675	0.308	0.325	30
249	8391	48.62	4.96	199.982	0.136	0.31	0.17	1.533	0.224	0.247	0.709	0.695	0.291	0.305	30
250	8392	48.62	5.21	200	0.164	0.327	0.194	1.524	0.266	0.294	0.763	0.754	0.237	0.246	30
251	8393	48.62	5.46	200	0.171	0.336	0.202	1.519	0.279	0.306	0.785	0.777	0.215	0.223	30
252	8394	48.62	5.71	199.999	0.166	0.334	0.2	1.518	0.274	0.298	0.763	0.751	0.237	0.249	30
253	8395	48.62	5.96	199.999	0.156	0.33	0.197	1.524	0.278	0.303	0.752	0.74	0.248	0.26	30
254	8396	48.62	6.21	200	0.15	0.322	0.189	1.527	0.268	0.29	0.722	0.71	0.278	0.29	30
255	8397	48.62	6.46	200	0.135	0.317	0.182	1.533	0.251	0.271	0.703	0.69	0.297	0.31	30
256	8398	48.62	6.71	199.995	0.133	0.316	0.176	1.527	0.245	0.266	0.699	0.685	0.301	0.315	30
257	8399	48.62	6.96	199.917	0.161	0.311	0.165	1.497	0.226	0.247	0.648	0.629	0.352	0.371	30
258	8400	48.62	7.21	199.739	0.199	0.302	0.148	1.463	0.192	0.204	0.585	0.56	0.415	0.44	30
259	8401	48.62	7.46	199.938	0.141	0.303	0.161	1.5	0.214	0.232	0.641	0.629	0.359	0.371	30
260	8402	48.62	7.71	199.999	0.078	0.285	0.147	1.516	0.197	0.212	0.579	0.564	0.421	0.436	30
261	8403	48.62	7.96	199.96	0.087	0.282	0.137	1.513	0.182	0.195	0.561	0.538	0.438	0.462	30
262	8404	48.62	8.21	198.284	0.182	0.301	0.136	1.431	0.179	0.188	0.559	0.523	0.441	0.477	30
263	8405	48.62	8.46	197.332	0.221	0.31	0.137	1.406	0.182	0.19	0.577	0.543	0.423	0.457	30
264	8406	48.62	8.71	199.55	0.187	0.319	0.164	1.484	0.222	0.242	0.674	0.656	0.326	0.344	30
265	8407	48.62	8.96	199.998	0.159	0.316	0.172	1.519	0.232	0.255	0.693	0.678	0.307	0.321	30
266	8408	48.62	9.21	199.998	0.159	0.309	0.167	1.517	0.226	0.247	0.666	0.651	0.334	0.349	30
267	8409	48.62	9.46	199.997	0.17	0.316	0.172	1.503	0.241	0.266	0.686	0.668	0.314	0.332	30
268	8410	48.62	9.71	199.997	0.18	0.323	0.173	1.496	0.248	0.273	0.705	0.689	0.295	0.311	30
269	8411	48.62	9.96	199.994	0.171	0.324	0.173	1.495	0.246	0.272	0.718	0.702	0.282	0.298	30
270	8412	48.62	10.21	199.996	0.151	0.316	0.166	1.509	0.227	0.249	0.68	0.665	0.32	0.335	30
271	8413	48.62	10.46	199.998	0.131	0.303	0.154	1.525	0.206	0.223	0.64	0.625	0.36	0.375	30
272	8414	48.62	10.71	199.998	0.125	0.296	0.148	1.531	0.196	0.211	0.615	0.599	0.384	0.401	30
273	8415	48.62	10.96	199.999	0.125	0.294	0.148	1.533	0.194	0.21	0.609	0.593	0.391	0.407	30
274	8416	48.62	11.21	199.999	0.118	0.299	0.148	1.525	0.195	0.211	0.594	0.58	0.406	0.42	30
275	8417	48.62	11.46	199.997	0.12	0.29	0.145	1.532	0.193	0.208	0.591	0.577	0.409	0.423	30
276	8418	48.62	11.71	199.992	0.126	0.286	0.142	1.534	0.19	0.205	0.601	0.587	0.399	0.413	30
277	8419	48.62	11.96	199.997	0.122	0.289	0.147	1.536	0.196	0.212	0.633	0.618	0.367	0.382	30
278	8420	48.62	12.21	199.998	0.124	0.294	0.15	1.53	0.203	0.221	0.651	0.635	0.349	0.365	30
279	8421	48.62	12.46	199.992	0.126	0.296	0.15	1.527	0.209	0.227	0.655	0.638	0.344	0.362	30
280	8422	48.62	12.71	199.984	0.121	0.296	0.15	1.528	0.211	0.227	0.659	0.643	0.341	0.357	30
281	8423	48.62	12.96	199.961	0.12	0.298	0.149	1.525	0.21	0.225	0.656	0.638	0.344	0.362	30
282	8424	48.62	13.21	199.91	0.135	0.299	0.146	1.515	0.198	0.213	0.633	0.611	0.367	0.389	30
283	8425	48.62	13.46	199.842	0.156	0.301	0.142	1.504	0.186	0.199	0.606	0.581	0.394	0.419	30
284	8426	48.62	13.71	198.819	0.186	0.305	0.138	1.473	0.177	0.187	0.582	0.55	0.418	0.449	30
285	8427	48.62	13.96	197.958	0.195	0.302	0.131	1.459	0.167	0.177	0.565	0.536	0.435	0.463	30
286	8428	48.62	14.21	198.577	0.202	0.298	0.127	1.456	0.159	0.168	0.555	0.523	0.445	0.477	30
287	8429	48.62	14.46	199.63	0.191	0.294	0.13	1.482	0.163	0.177	0.557	0.53	0.443	0.47	30
288	8430	48.62	14.71	199.133	0.206	0.293	0.122	1.442	0.144	0.155	0.525	0.495	0.475	0.505	30
289	8431	48.62	14.96	199.817	0.187	0.288	0.126	1.484	0.151	0.165	0.53	0.506	0.471	0.494	30
290	8432	48.62	15.21	199.947	0.168	0.286	0.133	1.51	0.154	0.169	0.549	0.527	0.451	0.473	30
291	8433	48.62	15.46	199.98	0.161	0.287	0.143	1.525	0.167	0.186	0.583	0.562	0.417	0.438	30
292	8434	48.62	15.71	199.998	0.138	0.293	0.158	1.535	0.196	0.217	0.637	0.625	0.363	0.375	30
293	8435	48.62	15.96	200	0.109	0.301	0.172	1.526	0.225	0.24	0.685	0.676	0.316	0.324	30
294	8436	48.62	16.21	200	0.093	0.302	0.174	1.519	0.235	0.248	0.683	0.67	0.317	0.33	30
295	8437	48.62	16.46	200	0.095	0.304	0.176	1.519	0.239	0.253	0.69	0.677	0.311	0.323	30
296	8438	48.62	16.71	200	0.088	0.303	0.174	1.516	0.239	0.252	0.67	0.659	0.33	0.341	30
297	8439	48.62	16.96	200	0.065	0.277	0.146	1.517	0.196	0.206	0.514	0.498	0.486	0.502	30
298	8440	48.62	17.21	200	0.085	0.276	0.143	1.52	0.183	0.198	0.527	0.512	0.473	0.488	30
299	8441	48.62	17.46	200	0.1	0.302	0.167	1.511	0.226	0.246	0.664	0.647	0.336	0.353	30
300	8442	48.62	17.71	200	0.084	0.308	0.176	1.507	0.239	0.254	0.703	0.686	0.297	0.314	30
301	8443	48.62	17.96	199.998	0.098	0.309	0.174	1.508	0.234	0.25	0.689	0.669	0.311	0.331	30
302	8444	48.62	18.21	199.998	0.095	0.308	0.175	1.508	0.238	0.253	0.703	0.684	0.297	0.316	30
303	8445	48.62	18.46	199.943	0.138	0.31	0.167	1.499	0.223	0.244	0.667	0.644	0.333	0.356	30
304	8446	48.62	18.71	199.533	0.168	0.309	0.152	1.472	0.203	0.22	0.648	0.621	0.352	0.379	30
305	8447	48.62	18.96	198.724	0.175	0.31	0.149	1.467	0.201	0.217	0.644	0.615	0.355	0.385	30
306	8448	48.62	19.21	199.136	0.16	0.308	0.151	1.478	0.209	0.226	0.661	0.635	0.339	0.364	30
307	8449	48.62	19.46	197.485	0.191	0.304	0.139	1.445	0.184	0.197	0.609	0.578	0.391	0.422	30
308	8450	48.62	19.71	196.758	0.202	0.3	0.133	1.439	0.168	0.178	0.565	0.529	0.435	0.471	30
309	8451	48.62	19.96	197.112	0.197	0.306	0.145	1.462	0.184	0.198	0.591	0.557	0.409	0.442	30
310	8452	48.62	20.21	197.975	0.175	0.308	0.156	1.482	0.207	0.224	0.617	0.588	0.383	0.412	30
311	8453	48.62	20.46	198.714	0.177	0.311	0.161	1.491	0.213	0.235	0.632	0.606	0.368	0.394	30
312	8454	48.62	20.71	198.574	0.179	0.311	0.16	1.48	0.212	0.233	0.624	0.599	0.376	0.4	30
313	8455	48.62	20.96	199.414	0.134	0.307	0.166	1.503	0.228	0.249	0.641	0.62	0.359	0.38	30
314	8456	48.62	21.21	199.912	0.097	0.303	0.171	1.523	0.241	0.264	0.65	0.634	0.35	0.367	30
315	8457	48.62	21.46	199.891	0.105	0.304	0.17	1.518	0.239	0.263	0.666	0.648	0.333	0.352	30
316	8458	48.62	21.71	199.964	0.061	0.303	0.175	1.526	0.264	0.282	0.682	0.665	0.318	0.335	30
317	8459	48.62	21.96	199.984	0.042	0.302	0.172	1.526	0.274	0.282	0.668	0.645	0.332	0.355	30
318	8460	48.62	22.21	199.793	0.055	0.309	0.176	1.519	0.272	0.289	0.684	0.664	0.316	0.336	30
319	8461	48.62	22.46	198.977	0.086	0.314	0.171	1.501	0.248	0.274	0.671	0.651	0.329	0.349	30
320	8462	48.62	22.71	197.462	0.122	0.32	0.164	1.481	0.228	0.251	0.671	0.647	0.329	0.353	30
321	8463	48.62	22.96	193.794	0.171	0.323	0.153	1.457	0.215	0.231	0.663	0.632	0.337	0.368	30
322	8464	48.62	23.21	189.609	0.199	0.323	0.141	1.419	0.192	0.201	0.636	0.601	0.364	0.399	30
323	8465	48.62	23.46	188.568	0.214	0.32	0.132	1.389	0.172	0.178	0.602	0.566	0.398	0.434	30
324	8466	48.62	23.71	184.261	0.234	0.317	0.121	1.319	0.147	0.149	0.559	0.513	0.441	0.487	30
325	8467	48.62	23.96	182.659	0.247	0.315	0.12	1.305	0.143	0.145	0.544	0.498	0.455	0.502	30
326	8468	48.62	24.21	188.655	0.224	0.316	0.132	1.357	0.169	0.177	0.583	0.542	0.417	0.458	30
327	8469	48.62	24.46	195.177	0.176	0.314	0.142	1.437	0.19	0.204	0.629	0.597	0.371	0.403	30
328	8470	48.62	24.71	198.958	0.122	0.306	0.143	1.49	0.192	0.209	0.637	0.61	0.363	0.39	30
329	8471	48.62	24.96	199.928	0.091	0.302	0.145	1.504	0.2	0.215	0.662	0.639	0.339	0.361	30
330	8472	48.62	25.21	199.998	0.08	0.309	0.154	1.498	0.225	0.237	0.695	0.676	0.305	0.324	30
331	8473	48.62	25.46	200	0.08	0.314	0.161	1.486	0.244	0.255	0.719	0.701	0.281	0.299	30
332	8474	48.62	25.71	200	0.086	0.316	0.165	1.479	0.243	0.255	0.726	0.712	0.274	0.288	30
333	8475	48.62	25.96	199.998	0.088	0.314	0.167	1.48	0.239	0.253	0.725	0.712	0.275	0.289	30
334	8476	48.62	26.21	199.999	0.087	0.312	0.165	1.476	0.229	0.244	0.714	0.702	0.286	0.298	30
335	8477	48.62	26.46	200	0.082	0.315	0.165	1.467	0.23	0.243	0.708	0.697	0.293	0.303	30
336	8478	48.62	26.71	200	0.085	0.319	0.167	1.466	0.234	0.247	0.722	0.711	0.278	0.289	30
337	8479	48.62	26.96	200	0.087	0.313	0.161	1.478	0.229	0.241	0.717	0.703	0.284	0.297	30
338	8480	48.62	27.21	199.998	0.081	0.31	0.158	1.479	0.228	0.239	0.71	0.696	0.291	0.304	30
339	8481	48.62	27.46	199.999	0.077	0.311	0.161	1.476	0.228	0.241	0.712	0.699	0.288	0.301	30
340	8482	48.62	27.71	200	0.073	0.314	0.166	1.47	0.237	0.247	0.734	0.724	0.266	0.276	30
341	8483	48.62	27.96	200	0.068	0.315	0.168	1.463	0.24	0.248	0.741	0.731	0.259	0.269	30
342	8484	48.62	28.21	200	0.068	0.316	0.169	1.465	0.237	0.245	0.741	0.73	0.26	0.27	30
343	8485	48.62	28.46	200	0.067	0.314	0.166	1.471	0.232	0.24	0.728	0.716	0.272	0.284	30
344	8486	48.62	28.71	200	0.066	0.312	0.163	1.477	0.228	0.238	0.718	0.705	0.282	0.295	30
345	8487	48.62	28.96	200	0.066	0.314	0.167	1.478	0.234	0.244	0.728	0.716	0.273	0.284	30
346	8488	48.62	29.21	200	0.068	0.315	0.169	1.48	0.238	0.248	0.726	0.716	0.274	0.284	30
347	8489	48.62	29.46	200	0.067	0.319	0.171	1.473	0.242	0.252	0.73	0.721	0.27	0.28	30
348	8490	48.62	29.71	200	0.061	0.323	0.172	1.456	0.249	0.256	0.742	0.732	0.258	0.268	30
349	8491	48.62	29.96	200	0.054	0.325	0.172	1.462	0.253	0.261	0.731	0.721	0.27	0.279	30
350	8492	48.62	30.21	200	0.058	0.322	0.17	1.466	0.251	0.26	0.726	0.717	0.275	0.283	30
351	8493	48.62	30.46	200	0.057	0.327	0.176	1.454	0.263	0.27	0.74	0.733	0.26	0.267	30
352	8494	48.62	30.71	200	0.058	0.326	0.176	1.452	0.259	0.265	0.734	0.726	0.266	0.274	30
353	8495	48.62	30.96	200	0.055	0.328	0.176	1.44	0.254	0.258	0.729	0.72	0.271	0.28	30
354	8496	48.62	31.21	200	0.052	0.333	0.179	1.425	0.262	0.267	0.741	0.733	0.259	0.267	30
355	8497	48.62	31.46	199.997	0.051	0.335	0.178	1.415	0.261	0.267	0.74	0.733	0.26	0.267	30
356	8498	48.62	31.71	199.998	0.05	0.335	0.177	1.415	0.258	0.262	0.727	0.719	0.273	0.281	30
357	8499	48.62	31.96	200	0.052	0.333	0.175	1.418	0.255	0.259	0.724	0.716	0.276	0.284	30
358	8500	48.62	32.21	200	0.057	0.327	0.173	1.438	0.252	0.257	0.708	0.7	0.292	0.3	30
359	8501	48.62	32.46	200	0.05	0.33	0.17	1.423	0.257	0.26	0.717	0.707	0.283	0.293	30
360	8502	48.62	32.71	200	0.044	0.33	0.169	1.423	0.252	0.255	0.717	0.708	0.283	0.292	30
361	8503	48.62	32.96	199.998	0.043	0.33	0.171	1.434	0.253	0.258	0.719	0.711	0.281	0.29	30
362	8504	48.62	33.21	200	0.042	0.33	0.171	1.438	0.25	0.254	0.709	0.7	0.292	0.3	30
363	8505	48.62	33.46	200	0.038	0.335	0.174	1.425	0.253	0.254	0.722	0.712	0.278	0.288	30
364	8506	48.62	33.71	199.999	0.04	0.334	0.176	1.426	0.255	0.255	0.73	0.721	0.27	0.279	30
365	8507	48.62	33.96	199.965	0.042	0.331	0.171	1.442	0.248	0.249	0.71	0.7	0.29	0.3	30
366	8508	48.62	34.21	199.841	0.044	0.328	0.165	1.45	0.243	0.247	0.697	0.687	0.303	0.313	30
367	8509	48.62	34.46	199.964	0.036	0.323	0.159	1.466	0.236	0.243	0.665	0.655	0.335	0.345	30
368	8510	48.62	34.71	199.984	0.025	0.328	0.167	1.461	0.248	0.253	0.687	0.676	0.313	0.324	30
369	8511	48.37	-4.29	199.968	0.132	0.324	0.152	1.432	0.181	0.205	0.651	0.635	0.349	0.365	30
370	8512	48.37	-4.04	199.989	0.148	0.329	0.155	1.421	0.184	0.209	0.686	0.672	0.314	0.328	30
371	8513	48.37	-3.79	199.992	0.148	0.33	0.155	1.426	0.188	0.212	0.684	0.668	0.316	0.332	30
372	8514	48.37	-3.54	199.989	0.145	0.33	0.157	1.439	0.198	0.222	0.701	0.685	0.299	0.315	30
373	8515	48.37	-3.29	199.983	0.146	0.327	0.151	1.435	0.193	0.216	0.674	0.658	0.327	0.342	30
374	8516	48.37	-3.04	199.97	0.15	0.327	0.153	1.447	0.19	0.215	0.697	0.68	0.303	0.32	30
375	8517	48.37	-2.79	199.964	0.148	0.323	0.155	1.466	0.191	0.217	0.706	0.688	0.294	0.312	30
376	8518	48.37	-2.54	199.978	0.139	0.316	0.154	1.483	0.194	0.223	0.707	0.691	0.293	0.309	30
377	8519	48.37	-2.29	199.965	0.128	0.312	0.153	1.497	0.194	0.223	0.699	0.682	0.301	0.318	30
378	8520	48.37	-2.04	199.977	0.121	0.306	0.15	1.504	0.197	0.223	0.681	0.664	0.318	0.336	30
379	8521	48.37	-1.79	199.981	0.12	0.305	0.15	1.504	0.2	0.224	0.667	0.65	0.333	0.35	30
380	8522	48.37	-1.54	199.978	0.127	0.305	0.148	1.505	0.2	0.225	0.677	0.66	0.323	0.34	30
381	8523	48.37	-1.29	199.998	0.134	0.308	0.148	1.51	0.192	0.218	0.71	0.693	0.29	0.307	30
382	8524	48.37	-1.04	199.999	0.138	0.311	0.148	1.506	0.188	0.212	0.724	0.704	0.276	0.296	30
383	8525	48.37	-0.789999999999999	199.99	0.136	0.311	0.149	1.506	0.186	0.211	0.708	0.69	0.292	0.31	30
384	8526	48.37	-0.539999999999999	199.994	0.136	0.308	0.152	1.51	0.185	0.212	0.689	0.672	0.311	0.328	30
385	8527	48.37	-0.289999999999999	199.983	0.145	0.312	0.157	1.509	0.193	0.22	0.7	0.685	0.3	0.315	30
386	8528	48.37	-0.0399999999999991	199.977	0.14	0.313	0.164	1.509	0.206	0.235	0.704	0.693	0.296	0.307	30
387	8529	48.37	0.210000000000001	199.991	0.131	0.317	0.177	1.52	0.226	0.262	0.742	0.731	0.258	0.269	30
388	8530	48.37	0.460000000000001	199.991	0.135	0.319	0.18	1.52	0.23	0.268	0.755	0.745	0.244	0.255	30
389	8531	48.37	0.710000000000001	199.999	0.144	0.321	0.183	1.52	0.229	0.264	0.756	0.747	0.245	0.253	30
390	8532	48.37	0.960000000000001	200	0.144	0.325	0.178	1.522	0.215	0.245	0.769	0.761	0.231	0.238	30
391	8533	48.37	1.21	200	0.129	0.332	0.177	1.525	0.214	0.241	0.789	0.784	0.21	0.215	30
392	8534	48.37	1.46	200	0.115	0.333	0.185	1.53	0.238	0.264	0.791	0.784	0.208	0.215	30
393	8535	48.37	1.71	200	0.111	0.336	0.195	1.532	0.26	0.286	0.812	0.799	0.188	0.201	30
394	8536	48.37	1.96	200	0.115	0.336	0.197	1.527	0.259	0.285	0.793	0.777	0.206	0.223	30
395	8537	48.37	2.21	200	0.122	0.327	0.192	1.528	0.254	0.28	0.757	0.741	0.243	0.259	30
396	8538	48.37	2.46	200	0.122	0.309	0.174	1.531	0.228	0.254	0.679	0.661	0.321	0.339	30
397	8539	48.37	2.71	200	0.121	0.292	0.158	1.533	0.203	0.232	0.616	0.6	0.384	0.4	30
398	8540	48.37	2.96	200	0.118	0.306	0.172	1.536	0.232	0.264	0.703	0.687	0.297	0.313	30
399	8541	48.37	3.21	200	0.124	0.318	0.185	1.532	0.254	0.285	0.751	0.737	0.249	0.263	30
400	8542	48.37	3.46	200	0.135	0.326	0.197	1.534	0.271	0.307	0.791	0.783	0.209	0.218	30
401	8543	48.37	3.71	200	0.134	0.325	0.196	1.54	0.269	0.305	0.786	0.778	0.214	0.222	30
402	8544	48.37	3.96	200	0.134	0.32	0.193	1.545	0.265	0.297	0.767	0.758	0.234	0.242	30
403	8545	48.37	4.21	199.985	0.129	0.318	0.191	1.545	0.26	0.291	0.749	0.74	0.252	0.26	30
404	8546	48.37	4.46	199.98	0.128	0.316	0.184	1.543	0.248	0.277	0.733	0.722	0.267	0.278	30
405	8547	48.37	4.71	199.996	0.139	0.315	0.18	1.541	0.245	0.273	0.734	0.725	0.266	0.275	30
406	8548	48.37	4.96	199.997	0.161	0.326	0.193	1.534	0.268	0.298	0.772	0.763	0.228	0.237	30
407	8549	48.37	5.21	199.999	0.171	0.333	0.199	1.526	0.28	0.309	0.771	0.762	0.229	0.238	30
408	8550	48.37	5.46	199.998	0.168	0.339	0.201	1.52	0.281	0.308	0.773	0.763	0.227	0.237	30
409	8551	48.37	5.71	199.992	0.17	0.337	0.199	1.516	0.28	0.306	0.756	0.745	0.244	0.255	30
410	8552	48.37	5.96	199.991	0.159	0.331	0.196	1.52	0.281	0.309	0.754	0.743	0.246	0.257	30
411	8553	48.37	6.21	199.998	0.151	0.322	0.187	1.527	0.26	0.286	0.726	0.711	0.274	0.289	30
412	8554	48.37	6.46	199.999	0.145	0.318	0.176	1.527	0.241	0.266	0.698	0.681	0.302	0.319	30
413	8555	48.37	6.71	199.896	0.163	0.309	0.16	1.501	0.212	0.232	0.627	0.605	0.373	0.395	30
414	8556	48.37	6.96	199.686	0.21	0.3	0.136	1.443	0.167	0.177	0.531	0.499	0.469	0.501	30
415	8557	48.37	7.21	199.627	0.229	0.3	0.132	1.419	0.165	0.17	0.528	0.492	0.472	0.508	30
416	8558	48.37	7.46	199.854	0.14	0.294	0.143	1.49	0.188	0.201	0.573	0.553	0.427	0.447	30
417	8559	48.37	7.71	199.995	0.087	0.287	0.145	1.511	0.199	0.214	0.579	0.559	0.42	0.441	30
418	8560	48.37	7.96	199.904	0.138	0.296	0.145	1.488	0.196	0.212	0.588	0.557	0.412	0.442	30
419	8561	48.37	8.21	198.465	0.214	0.303	0.134	1.419	0.174	0.181	0.54	0.499	0.459	0.501	30
420	8562	48.37	8.46	198.213	0.203	0.319	0.156	1.44	0.216	0.235	0.629	0.601	0.371	0.399	30
421	8563	48.37	8.71	199.792	0.169	0.325	0.176	1.492	0.256	0.282	0.704	0.688	0.296	0.312	30
422	8564	48.37	8.96	199.921	0.171	0.322	0.172	1.489	0.251	0.277	0.693	0.674	0.307	0.326	30
423	8565	48.37	9.21	199.988	0.189	0.328	0.177	1.478	0.262	0.292	0.706	0.687	0.294	0.313	30
424	8566	48.37	9.46	199.998	0.194	0.33	0.176	1.474	0.265	0.297	0.718	0.701	0.282	0.299	30
425	8567	48.37	9.71	199.999	0.175	0.323	0.171	1.49	0.246	0.271	0.714	0.699	0.286	0.301	30
426	8568	48.37	9.96	199.983	0.143	0.308	0.157	1.517	0.215	0.234	0.669	0.653	0.331	0.347	30
427	8569	48.37	10.21	199.972	0.127	0.3	0.146	1.523	0.198	0.215	0.626	0.608	0.374	0.391	30
428	8570	48.37	10.46	199.975	0.137	0.296	0.142	1.519	0.19	0.207	0.604	0.583	0.396	0.417	30
429	8571	48.37	10.71	199.981	0.142	0.293	0.14	1.518	0.186	0.201	0.592	0.57	0.408	0.43	30
430	8572	48.37	10.96	199.996	0.127	0.294	0.145	1.529	0.194	0.209	0.608	0.59	0.392	0.41	30
431	8573	48.37	11.21	199.998	0.13	0.296	0.147	1.526	0.194	0.211	0.625	0.607	0.375	0.393	30
432	8574	48.37	11.46	200	0.125	0.297	0.151	1.528	0.203	0.22	0.631	0.615	0.368	0.385	30
433	8575	48.37	11.71	200	0.12	0.296	0.151	1.529	0.206	0.222	0.634	0.617	0.366	0.383	30
434	8576	48.37	11.96	199.994	0.118	0.297	0.149	1.53	0.206	0.223	0.656	0.638	0.344	0.362	30
435	8577	48.37	12.21	199.995	0.126	0.299	0.152	1.528	0.208	0.226	0.674	0.654	0.326	0.345	30
436	8578	48.37	12.46	199.991	0.127	0.298	0.149	1.527	0.207	0.224	0.657	0.637	0.343	0.363	30
437	8579	48.37	12.71	199.953	0.131	0.298	0.148	1.527	0.201	0.216	0.631	0.611	0.369	0.389	30
438	8580	48.37	12.96	199.877	0.136	0.301	0.149	1.524	0.202	0.218	0.63	0.61	0.369	0.389	30
439	8581	48.37	13.21	199.867	0.122	0.303	0.151	1.521	0.209	0.226	0.658	0.639	0.343	0.361	30
440	8582	48.37	13.46	199.938	0.12	0.307	0.154	1.514	0.217	0.234	0.666	0.645	0.335	0.355	30
441	8583	48.37	13.71	199.724	0.137	0.309	0.154	1.511	0.212	0.229	0.647	0.624	0.354	0.376	30
442	8584	48.37	13.96	199.882	0.139	0.306	0.151	1.513	0.207	0.223	0.632	0.612	0.368	0.388	30
443	8585	48.37	14.21	199.665	0.149	0.303	0.146	1.503	0.199	0.213	0.614	0.591	0.386	0.409	30
444	8586	48.37	14.46	199.815	0.154	0.3	0.144	1.509	0.193	0.208	0.6	0.58	0.4	0.42	30
445	8587	48.37	14.71	199.608	0.178	0.296	0.135	1.489	0.173	0.187	0.564	0.538	0.436	0.461	30
446	8588	48.37	14.96	199.209	0.194	0.297	0.13	1.462	0.162	0.174	0.545	0.514	0.455	0.486	30
447	8589	48.37	15.21	199.715	0.186	0.299	0.137	1.479	0.17	0.185	0.571	0.541	0.429	0.459	30
448	8590	48.37	15.46	199.98	0.168	0.293	0.148	1.514	0.187	0.205	0.598	0.573	0.402	0.427	30
449	8591	48.37	15.71	199.998	0.116	0.291	0.158	1.529	0.206	0.222	0.628	0.612	0.372	0.388	30
450	8592	48.37	15.96	200	0.093	0.295	0.163	1.531	0.217	0.232	0.652	0.637	0.348	0.363	30
451	8593	48.37	16.21	200	0.097	0.297	0.165	1.524	0.223	0.24	0.654	0.638	0.346	0.362	30
452	8594	48.37	16.46	200	0.088	0.296	0.169	1.522	0.229	0.244	0.652	0.637	0.348	0.363	30
453	8595	48.37	16.71	200	0.072	0.292	0.164	1.52	0.227	0.238	0.613	0.596	0.387	0.404	30
454	8596	48.37	16.96	200	0.07	0.279	0.147	1.517	0.201	0.212	0.516	0.496	0.484	0.504	30
455	8597	48.37	17.21	200	0.091	0.284	0.149	1.508	0.205	0.22	0.562	0.539	0.438	0.461	30
456	8598	48.37	17.46	200	0.07	0.302	0.171	1.506	0.235	0.243	0.677	0.656	0.323	0.344	30
457	8599	48.37	17.71	200	0.049	0.301	0.173	1.503	0.239	0.242	0.682	0.659	0.319	0.342	30
458	8600	48.37	17.96	200	0.059	0.307	0.178	1.506	0.249	0.255	0.708	0.688	0.293	0.312	30
459	8601	48.37	18.21	200	0.074	0.307	0.177	1.509	0.244	0.255	0.7	0.679	0.3	0.321	30
460	8602	48.37	18.46	199.996	0.101	0.308	0.172	1.506	0.231	0.245	0.672	0.649	0.328	0.351	30
461	8603	48.37	18.71	199.981	0.128	0.31	0.166	1.496	0.226	0.244	0.665	0.64	0.335	0.36	30
462	8604	48.37	18.96	199.948	0.143	0.31	0.164	1.493	0.228	0.249	0.673	0.65	0.327	0.35	30
463	8605	48.37	19.21	199.864	0.143	0.307	0.161	1.494	0.227	0.249	0.681	0.66	0.319	0.34	30
464	8606	48.37	19.46	199.914	0.136	0.304	0.16	1.498	0.222	0.242	0.637	0.614	0.363	0.386	30
465	8607	48.37	19.71	199.892	0.109	0.3	0.164	1.512	0.228	0.247	0.63	0.607	0.37	0.393	30
466	8608	48.37	19.96	199.927	0.103	0.302	0.169	1.517	0.237	0.258	0.639	0.619	0.361	0.381	30
467	8609	48.37	20.21	199.983	0.087	0.304	0.174	1.519	0.252	0.275	0.647	0.628	0.353	0.372	30
468	8610	48.37	20.46	199.986	0.095	0.304	0.171	1.517	0.243	0.268	0.625	0.605	0.375	0.395	30
469	8611	48.37	20.71	199.989	0.089	0.305	0.176	1.521	0.253	0.278	0.625	0.609	0.375	0.391	30
470	8612	48.37	20.96	199.997	0.073	0.307	0.181	1.526	0.268	0.29	0.641	0.626	0.359	0.374	30
471	8613	48.37	21.21	199.999	0.08	0.305	0.179	1.522	0.26	0.282	0.643	0.626	0.357	0.374	30
472	8614	48.37	21.46	199.995	0.096	0.299	0.167	1.517	0.245	0.265	0.622	0.6	0.378	0.4	30
473	8615	48.37	21.71	199.999	0.048	0.3	0.174	1.52	0.281	0.287	0.632	0.606	0.368	0.394	30
474	8616	48.37	21.96	200	0.034	0.29	0.165	1.522	0.278	0.277	0.6	0.571	0.4	0.429	30
475	8617	48.37	22.21	200	0.033	0.287	0.161	1.522	0.268	0.277	0.6	0.577	0.4	0.423	30
476	8618	48.37	22.46	199.988	0.036	0.305	0.174	1.52	0.284	0.302	0.656	0.638	0.344	0.362	30
477	8619	48.37	22.71	199.787	0.047	0.31	0.17	1.516	0.264	0.284	0.662	0.645	0.338	0.355	30
478	8620	48.37	22.96	198.202	0.08	0.319	0.168	1.5	0.247	0.272	0.678	0.66	0.322	0.34	30
479	8621	48.37	23.21	195.329	0.124	0.326	0.161	1.481	0.231	0.253	0.671	0.647	0.329	0.353	30
480	8622	48.37	23.46	190.689	0.172	0.324	0.145	1.446	0.205	0.216	0.651	0.618	0.349	0.382	30
481	8623	48.37	23.71	184.649	0.214	0.321	0.133	1.382	0.175	0.18	0.62	0.579	0.38	0.421	30
482	8624	48.37	23.96	180.87	0.238	0.318	0.123	1.327	0.148	0.15	0.577	0.531	0.423	0.469	30
483	8625	48.37	24.21	182.021	0.239	0.316	0.121	1.302	0.143	0.146	0.553	0.51	0.446	0.49	30
484	8626	48.37	24.46	187.205	0.228	0.317	0.127	1.346	0.163	0.17	0.573	0.533	0.427	0.467	30
485	8627	48.37	24.71	191.894	0.207	0.317	0.137	1.397	0.182	0.194	0.606	0.571	0.394	0.428	30
486	8628	48.37	24.96	198.493	0.158	0.313	0.147	1.466	0.199	0.215	0.648	0.62	0.352	0.379	30
487	8629	48.37	25.21	199.602	0.104	0.306	0.15	1.493	0.211	0.228	0.664	0.642	0.336	0.358	30
488	8630	48.37	25.46	199.966	0.075	0.305	0.151	1.497	0.224	0.239	0.669	0.649	0.331	0.351	30
489	8631	48.37	25.71	200	0.069	0.308	0.156	1.492	0.233	0.246	0.684	0.665	0.316	0.335	30
490	8632	48.37	25.96	199.998	0.074	0.309	0.16	1.485	0.231	0.243	0.689	0.671	0.311	0.329	30
491	8633	48.37	26.21	199.999	0.074	0.309	0.162	1.475	0.235	0.246	0.699	0.682	0.301	0.318	30
492	8634	48.37	26.46	200	0.07	0.315	0.17	1.464	0.247	0.256	0.717	0.704	0.283	0.296	30
493	8635	48.37	26.71	200	0.069	0.322	0.175	1.452	0.254	0.262	0.727	0.715	0.273	0.285	30
494	8636	48.37	26.96	200	0.066	0.316	0.167	1.463	0.241	0.247	0.703	0.689	0.297	0.312	30
495	8637	48.37	27.21	200	0.065	0.315	0.165	1.464	0.24	0.246	0.703	0.688	0.298	0.312	30
496	8638	48.37	27.46	200	0.068	0.318	0.169	1.46	0.243	0.25	0.723	0.709	0.278	0.291	30
497	8639	48.37	27.71	200	0.069	0.319	0.173	1.463	0.248	0.254	0.737	0.724	0.264	0.276	30
498	8640	48.37	27.96	200	0.066	0.321	0.174	1.465	0.252	0.259	0.746	0.734	0.255	0.266	30
499	8641	48.37	28.21	200	0.064	0.325	0.178	1.46	0.262	0.267	0.761	0.75	0.239	0.251	30
500	8642	48.37	28.46	200	0.066	0.326	0.179	1.454	0.268	0.274	0.767	0.755	0.233	0.245	30
501	8643	48.37	28.71	200	0.069	0.324	0.176	1.46	0.257	0.265	0.753	0.74	0.247	0.26	30
502	8644	48.37	28.96	200	0.069	0.318	0.17	1.473	0.246	0.256	0.735	0.722	0.265	0.278	30
503	8645	48.37	29.21	200	0.066	0.32	0.172	1.473	0.252	0.262	0.737	0.723	0.264	0.277	30
504	8646	48.37	29.46	200	0.062	0.323	0.175	1.465	0.257	0.266	0.745	0.734	0.255	0.266	30
505	8647	48.37	29.71	200	0.06	0.324	0.174	1.459	0.26	0.268	0.743	0.732	0.257	0.268	30
506	8648	48.37	29.96	200	0.053	0.328	0.178	1.457	0.271	0.277	0.745	0.734	0.255	0.266	30
507	8649	48.37	30.21	200	0.053	0.331	0.18	1.451	0.28	0.287	0.752	0.745	0.248	0.255	30
508	8650	48.37	30.46	200	0.054	0.332	0.184	1.452	0.279	0.286	0.747	0.74	0.253	0.26	30
509	8651	48.37	30.71	200	0.056	0.333	0.187	1.445	0.287	0.293	0.761	0.754	0.239	0.246	30
510	8652	48.37	30.96	200	0.056	0.335	0.188	1.43	0.287	0.292	0.761	0.754	0.239	0.246	30
511	8653	48.37	31.21	200	0.057	0.339	0.187	1.416	0.285	0.291	0.764	0.757	0.236	0.243	30
512	8654	48.37	31.46	200	0.06	0.341	0.186	1.414	0.281	0.287	0.759	0.753	0.241	0.247	30
513	8655	48.37	31.71	200	0.058	0.345	0.184	1.394	0.281	0.286	0.755	0.748	0.245	0.252	30
514	8656	48.37	31.96	199.999	0.057	0.344	0.181	1.394	0.282	0.286	0.756	0.749	0.244	0.251	30
515	8657	48.37	32.21	199.999	0.054	0.337	0.18	1.411	0.278	0.284	0.743	0.738	0.257	0.262	30
516	8658	48.37	32.46	199.998	0.054	0.335	0.18	1.415	0.272	0.276	0.732	0.725	0.268	0.275	30
517	8659	48.37	32.71	199.999	0.046	0.341	0.18	1.397	0.282	0.285	0.736	0.728	0.263	0.272	30
518	8660	48.37	32.96	200	0.042	0.342	0.18	1.399	0.281	0.284	0.738	0.73	0.262	0.27	30
519	8661	48.37	33.21	199.996	0.044	0.339	0.181	1.418	0.278	0.283	0.745	0.738	0.255	0.262	30
520	8662	48.37	33.46	199.994	0.047	0.34	0.182	1.429	0.274	0.278	0.744	0.737	0.256	0.263	30
521	8663	48.37	33.71	199.995	0.048	0.342	0.183	1.427	0.272	0.275	0.738	0.73	0.262	0.27	30
522	8664	48.37	33.96	200	0.048	0.342	0.186	1.432	0.278	0.281	0.743	0.734	0.257	0.266	30
523	8665	48.37	34.21	199.999	0.044	0.342	0.189	1.435	0.28	0.283	0.748	0.738	0.253	0.262	30
524	8666	48.37	34.46	199.995	0.049	0.341	0.185	1.438	0.276	0.28	0.744	0.735	0.256	0.265	30
525	8667	48.37	34.71	199.986	0.047	0.336	0.18	1.447	0.271	0.277	0.731	0.722	0.269	0.278	30
526	8668	48.12	-4.54	199.96	0.117	0.316	0.149	1.443	0.182	0.206	0.62	0.602	0.381	0.398	30
527	8669	48.12	-4.29	199.948	0.125	0.319	0.151	1.441	0.185	0.208	0.636	0.62	0.365	0.381	30
528	8670	48.12	-4.04	199.996	0.137	0.323	0.155	1.444	0.191	0.216	0.671	0.657	0.329	0.343	30
529	8671	48.12	-3.79	199.997	0.145	0.324	0.153	1.45	0.183	0.208	0.683	0.666	0.317	0.334	30
530	8672	48.12	-3.54	199.984	0.147	0.323	0.15	1.452	0.185	0.209	0.674	0.656	0.326	0.344	30
531	8673	48.12	-3.29	199.976	0.151	0.322	0.147	1.449	0.182	0.206	0.665	0.647	0.335	0.353	30
532	8674	48.12	-3.04	199.97	0.147	0.322	0.152	1.467	0.189	0.216	0.7	0.683	0.3	0.317	30
533	8675	48.12	-2.79	199.979	0.138	0.318	0.157	1.487	0.198	0.231	0.723	0.709	0.277	0.291	30
534	8676	48.12	-2.54	199.959	0.14	0.316	0.156	1.486	0.195	0.226	0.711	0.695	0.289	0.305	30
535	8677	48.12	-2.29	199.929	0.133	0.313	0.155	1.499	0.196	0.227	0.706	0.691	0.294	0.309	30
536	8678	48.12	-2.04	199.928	0.131	0.31	0.153	1.507	0.198	0.231	0.698	0.684	0.302	0.316	30
537	8679	48.12	-1.79	199.986	0.123	0.304	0.155	1.512	0.204	0.235	0.674	0.662	0.326	0.338	30
538	8680	48.12	-1.54	199.967	0.127	0.307	0.157	1.512	0.206	0.239	0.679	0.667	0.321	0.333	30
539	8681	48.12	-1.29	199.984	0.131	0.313	0.158	1.513	0.205	0.241	0.715	0.704	0.285	0.296	30
540	8682	48.12	-1.04	199.997	0.134	0.314	0.157	1.511	0.197	0.23	0.726	0.712	0.274	0.288	30
541	8683	48.12	-0.789999999999999	199.996	0.131	0.314	0.159	1.515	0.197	0.231	0.707	0.697	0.293	0.303	30
542	8684	48.12	-0.539999999999999	199.999	0.127	0.316	0.16	1.517	0.196	0.231	0.7	0.691	0.301	0.309	30
543	8685	48.12	-0.289999999999999	199.994	0.134	0.315	0.162	1.514	0.198	0.232	0.696	0.684	0.304	0.316	30
544	8686	48.12	-0.0399999999999991	199.995	0.124	0.313	0.169	1.523	0.219	0.257	0.709	0.701	0.291	0.298	30
545	8687	48.12	0.210000000000001	199.999	0.114	0.303	0.166	1.528	0.22	0.256	0.662	0.652	0.338	0.348	30
546	8688	48.12	0.460000000000001	199.997	0.124	0.303	0.165	1.526	0.213	0.251	0.661	0.653	0.338	0.347	30
547	8689	48.12	0.710000000000001	200	0.135	0.312	0.176	1.527	0.222	0.261	0.711	0.706	0.289	0.294	30
548	8690	48.12	0.960000000000001	200	0.135	0.323	0.177	1.532	0.214	0.247	0.766	0.761	0.234	0.238	30
549	8691	48.12	1.21	200	0.128	0.328	0.182	1.529	0.225	0.257	0.774	0.77	0.226	0.23	30
550	8692	48.12	1.46	200	0.114	0.332	0.198	1.533	0.263	0.292	0.794	0.786	0.205	0.214	30
551	8693	48.12	1.71	200	0.1	0.332	0.201	1.535	0.278	0.3	0.788	0.771	0.212	0.229	30
552	8694	48.12	1.96	200	0.103	0.327	0.194	1.531	0.266	0.289	0.754	0.736	0.245	0.264	30
553	8695	48.12	2.21	200	0.107	0.316	0.184	1.532	0.255	0.279	0.714	0.696	0.286	0.303	30
554	8696	48.12	2.46	200	0.107	0.319	0.19	1.536	0.272	0.296	0.728	0.712	0.272	0.288	30
555	8697	48.12	2.71	200	0.113	0.311	0.182	1.539	0.25	0.283	0.703	0.691	0.297	0.309	30
556	8698	48.12	2.96	200	0.117	0.315	0.178	1.542	0.224	0.262	0.732	0.721	0.268	0.279	30
557	8699	48.12	3.21	199.999	0.132	0.319	0.183	1.537	0.237	0.273	0.737	0.727	0.263	0.273	30
558	8700	48.12	3.46	199.992	0.151	0.32	0.187	1.536	0.252	0.291	0.751	0.743	0.249	0.257	30
559	8701	48.12	3.71	199.995	0.152	0.323	0.191	1.539	0.257	0.296	0.766	0.759	0.235	0.241	30
560	8702	48.12	3.96	200	0.145	0.317	0.189	1.541	0.252	0.291	0.745	0.738	0.256	0.262	30
561	8703	48.12	4.21	199.994	0.142	0.318	0.188	1.542	0.251	0.286	0.74	0.732	0.26	0.268	30
562	8704	48.12	4.46	199.991	0.159	0.325	0.193	1.535	0.268	0.301	0.761	0.755	0.239	0.245	30
563	8705	48.12	4.71	199.997	0.173	0.332	0.2	1.532	0.285	0.318	0.78	0.774	0.22	0.226	30
564	8706	48.12	4.96	199.999	0.168	0.335	0.204	1.531	0.292	0.326	0.789	0.782	0.211	0.218	30
565	8707	48.12	5.21	199.999	0.165	0.336	0.202	1.526	0.287	0.317	0.774	0.765	0.226	0.236	30
566	8708	48.12	5.46	199.986	0.162	0.338	0.201	1.517	0.287	0.315	0.766	0.757	0.234	0.243	30
567	8709	48.12	5.71	199.978	0.159	0.331	0.188	1.51	0.267	0.291	0.732	0.72	0.268	0.28	30
568	8710	48.12	5.96	199.988	0.155	0.326	0.183	1.515	0.256	0.282	0.718	0.704	0.282	0.296	30
569	8711	48.12	6.21	199.995	0.152	0.319	0.172	1.517	0.233	0.257	0.683	0.664	0.317	0.336	30
570	8712	48.12	6.46	199.939	0.166	0.311	0.153	1.497	0.198	0.217	0.613	0.588	0.387	0.412	30
571	8713	48.12	6.71	199.536	0.213	0.31	0.137	1.431	0.166	0.176	0.535	0.5	0.465	0.5	30
572	8714	48.12	6.96	198.677	0.236	0.308	0.129	1.382	0.157	0.162	0.514	0.472	0.486	0.528	30
573	8715	48.12	7.21	199.186	0.209	0.3	0.135	1.427	0.173	0.181	0.538	0.506	0.462	0.494	30
574	8716	48.12	7.46	199.943	0.117	0.294	0.146	1.501	0.196	0.211	0.577	0.558	0.423	0.442	30
575	8717	48.12	7.71	199.945	0.109	0.296	0.151	1.51	0.204	0.224	0.616	0.591	0.384	0.409	30
576	8718	48.12	7.96	198.812	0.177	0.304	0.146	1.454	0.195	0.211	0.585	0.547	0.415	0.453	30
577	8719	48.12	8.21	196.12	0.229	0.311	0.135	1.386	0.176	0.183	0.542	0.5	0.458	0.5	30
578	8720	48.12	8.46	197.509	0.191	0.322	0.159	1.44	0.22	0.241	0.644	0.617	0.356	0.383	30
579	8721	48.12	8.71	199.483	0.192	0.326	0.171	1.453	0.244	0.27	0.672	0.645	0.328	0.355	30
580	8722	48.12	8.96	199.744	0.2	0.331	0.174	1.447	0.25	0.278	0.673	0.648	0.327	0.352	30
581	8723	48.12	9.21	199.935	0.181	0.322	0.166	1.479	0.232	0.257	0.662	0.641	0.338	0.359	30
582	8724	48.12	9.46	199.96	0.154	0.314	0.157	1.498	0.213	0.234	0.648	0.627	0.352	0.373	30
583	8725	48.12	9.71	199.978	0.143	0.31	0.152	1.503	0.199	0.217	0.644	0.622	0.356	0.377	30
584	8726	48.12	9.96	199.912	0.146	0.308	0.147	1.501	0.191	0.21	0.63	0.607	0.37	0.393	30
585	8727	48.12	10.21	199.832	0.144	0.308	0.145	1.5	0.192	0.21	0.621	0.598	0.379	0.402	30
586	8728	48.12	10.46	199.843	0.143	0.313	0.148	1.496	0.198	0.217	0.627	0.604	0.373	0.396	30
587	8729	48.12	10.71	199.873	0.135	0.309	0.148	1.505	0.198	0.216	0.634	0.611	0.366	0.389	30
588	8730	48.12	10.96	199.887	0.132	0.307	0.148	1.51	0.199	0.217	0.642	0.619	0.358	0.381	30
589	8731	48.12	11.21	199.912	0.138	0.303	0.145	1.504	0.19	0.208	0.614	0.589	0.386	0.411	30
590	8732	48.12	11.46	199.896	0.142	0.299	0.144	1.507	0.19	0.206	0.585	0.562	0.415	0.438	30
591	8733	48.12	11.71	199.921	0.141	0.302	0.145	1.51	0.197	0.212	0.6	0.577	0.4	0.423	30
592	8734	48.12	11.96	199.885	0.142	0.307	0.145	1.505	0.196	0.214	0.632	0.606	0.368	0.394	30
593	8735	48.12	12.21	199.93	0.141	0.311	0.148	1.503	0.202	0.221	0.647	0.623	0.352	0.377	30
594	8736	48.12	12.46	199.899	0.135	0.306	0.148	1.508	0.204	0.223	0.654	0.63	0.345	0.37	30
595	8737	48.12	12.71	199.632	0.133	0.307	0.148	1.51	0.199	0.217	0.642	0.618	0.358	0.382	30
596	8738	48.12	12.96	199.411	0.132	0.312	0.149	1.5	0.203	0.221	0.64	0.617	0.359	0.383	30
597	8739	48.12	13.21	199.393	0.143	0.315	0.15	1.485	0.211	0.228	0.647	0.62	0.352	0.379	30
598	8740	48.12	13.46	199.407	0.147	0.316	0.153	1.482	0.213	0.23	0.645	0.619	0.355	0.381	30
599	8741	48.12	13.71	199.742	0.132	0.316	0.158	1.505	0.219	0.237	0.661	0.641	0.339	0.359	30
600	8742	48.12	13.96	199.795	0.113	0.313	0.161	1.521	0.227	0.247	0.687	0.67	0.313	0.33	30
601	8743	48.12	14.21	199.781	0.111	0.313	0.163	1.52	0.235	0.254	0.695	0.677	0.305	0.323	30
602	8744	48.12	14.46	199.688	0.119	0.314	0.163	1.515	0.233	0.251	0.685	0.666	0.315	0.334	30
603	8745	48.12	14.71	199.726	0.122	0.313	0.16	1.513	0.223	0.243	0.661	0.642	0.34	0.358	30
604	8746	48.12	14.96	199.514	0.139	0.312	0.157	1.503	0.218	0.238	0.636	0.615	0.364	0.385	30
605	8747	48.12	15.21	199.531	0.144	0.313	0.162	1.505	0.222	0.243	0.652	0.631	0.348	0.37	30
606	8748	48.12	15.46	199.429	0.144	0.314	0.166	1.504	0.231	0.254	0.671	0.65	0.329	0.35	30
607	8749	48.12	15.71	199.368	0.142	0.311	0.164	1.503	0.233	0.254	0.675	0.655	0.324	0.345	30
608	8750	48.12	15.96	199.887	0.14	0.305	0.162	1.511	0.223	0.248	0.653	0.631	0.347	0.369	30
609	8751	48.12	16.21	199.997	0.118	0.3	0.166	1.522	0.226	0.251	0.63	0.612	0.37	0.388	30
610	8752	48.12	16.46	200	0.08	0.294	0.169	1.525	0.239	0.251	0.62	0.602	0.38	0.398	30
611	8753	48.12	16.71	200	0.066	0.292	0.163	1.521	0.234	0.244	0.605	0.583	0.395	0.417	30
612	8754	48.12	16.96	200	0.066	0.288	0.158	1.514	0.231	0.238	0.584	0.557	0.416	0.443	30
613	8755	48.12	17.21	200	0.063	0.283	0.151	1.51	0.22	0.218	0.58	0.544	0.42	0.456	30
614	8756	48.12	17.46	200	0.048	0.286	0.156	1.511	0.225	0.217	0.606	0.567	0.394	0.433	30
615	8757	48.12	17.71	200	0.04	0.284	0.158	1.507	0.23	0.221	0.604	0.564	0.396	0.436	30
616	8758	48.12	17.96	200	0.039	0.296	0.167	1.501	0.251	0.244	0.626	0.589	0.374	0.411	30
617	8759	48.12	18.21	200	0.046	0.302	0.173	1.505	0.253	0.252	0.657	0.627	0.344	0.373	30
618	8760	48.12	18.46	200	0.054	0.307	0.18	1.51	0.254	0.26	0.693	0.668	0.307	0.332	30
619	8761	48.12	18.71	200	0.064	0.31	0.182	1.509	0.262	0.272	0.686	0.664	0.314	0.336	30
620	8762	48.12	18.96	199.998	0.087	0.305	0.175	1.506	0.253	0.272	0.662	0.642	0.338	0.358	30
621	8763	48.12	19.21	200	0.086	0.299	0.169	1.512	0.244	0.263	0.652	0.634	0.348	0.366	30
622	8764	48.12	19.46	200	0.078	0.298	0.17	1.515	0.245	0.264	0.624	0.605	0.376	0.395	30
623	8765	48.12	19.71	200	0.087	0.295	0.166	1.518	0.234	0.255	0.596	0.575	0.404	0.425	30
624	8766	48.12	19.96	199.998	0.096	0.29	0.159	1.518	0.224	0.246	0.579	0.556	0.421	0.444	30
625	8767	48.12	20.21	199.997	0.088	0.293	0.162	1.52	0.236	0.259	0.585	0.564	0.414	0.436	30
626	8768	48.12	20.46	199.986	0.115	0.304	0.169	1.507	0.235	0.264	0.604	0.58	0.396	0.42	30
627	8769	48.12	20.71	199.997	0.088	0.302	0.175	1.514	0.254	0.276	0.612	0.591	0.388	0.409	30
628	8770	48.12	20.96	200	0.049	0.307	0.181	1.516	0.282	0.288	0.635	0.613	0.365	0.388	30
629	8771	48.12	21.21	200	0.047	0.307	0.179	1.512	0.284	0.289	0.627	0.602	0.373	0.398	30
630	8772	48.12	21.46	200	0.041	0.286	0.156	1.513	0.248	0.248	0.551	0.522	0.449	0.477	30
631	8773	48.12	21.71	200	0.027	0.264	0.141	1.518	0.229	0.218	0.477	0.443	0.523	0.556	30
632	8774	48.12	21.96	200	0.029	0.243	0.124	1.525	0.195	0.186	0.42	0.391	0.58	0.609	30
633	8775	48.12	22.21	200	0.033	0.242	0.124	1.529	0.194	0.192	0.442	0.418	0.558	0.582	30
634	8776	48.12	22.46	200	0.037	0.292	0.165	1.522	0.279	0.281	0.62	0.593	0.38	0.407	30
635	8777	48.12	22.71	199.998	0.038	0.301	0.169	1.52	0.281	0.291	0.65	0.628	0.35	0.373	30
636	8778	48.12	22.96	199.959	0.038	0.31	0.17	1.521	0.275	0.293	0.672	0.655	0.328	0.345	30
637	8779	48.12	23.21	198.714	0.064	0.317	0.166	1.511	0.251	0.273	0.672	0.655	0.328	0.345	30
638	8780	48.12	23.46	198.321	0.084	0.316	0.154	1.5	0.227	0.244	0.657	0.634	0.343	0.366	30
639	8781	48.12	23.71	196.397	0.122	0.317	0.151	1.479	0.218	0.233	0.662	0.635	0.338	0.364	30
640	8782	48.12	23.96	190.476	0.178	0.319	0.144	1.435	0.197	0.208	0.645	0.612	0.354	0.388	30
641	8783	48.12	24.21	184.467	0.224	0.319	0.131	1.363	0.166	0.171	0.596	0.555	0.404	0.445	30
642	8784	48.12	24.46	183.082	0.242	0.316	0.121	1.311	0.146	0.149	0.557	0.514	0.443	0.486	30
643	8785	48.12	24.71	186.67	0.238	0.316	0.125	1.334	0.157	0.163	0.562	0.523	0.438	0.477	30
644	8786	48.12	24.96	194.834	0.216	0.317	0.138	1.409	0.184	0.195	0.605	0.574	0.395	0.426	30
645	8787	48.12	25.21	195.404	0.194	0.318	0.144	1.414	0.197	0.21	0.619	0.59	0.381	0.41	30
646	8788	48.12	25.46	198.383	0.137	0.312	0.146	1.459	0.208	0.224	0.636	0.61	0.364	0.39	30
647	8789	48.12	25.71	199.913	0.085	0.303	0.147	1.494	0.216	0.233	0.654	0.633	0.346	0.367	30
648	8790	48.12	25.96	200	0.069	0.307	0.156	1.493	0.232	0.246	0.68	0.662	0.32	0.338	30
649	8791	48.12	26.21	200	0.06	0.309	0.163	1.49	0.242	0.255	0.696	0.679	0.304	0.321	30
650	8792	48.12	26.46	200	0.055	0.314	0.174	1.477	0.254	0.266	0.716	0.702	0.284	0.298	30
651	8793	48.12	26.71	200	0.057	0.326	0.189	1.46	0.272	0.284	0.741	0.73	0.259	0.27	30
652	8794	48.12	26.96	200	0.058	0.329	0.188	1.453	0.273	0.282	0.738	0.727	0.262	0.274	30
653	8795	48.12	27.21	200	0.06	0.327	0.186	1.451	0.275	0.283	0.744	0.731	0.256	0.269	30
654	8796	48.12	27.46	200	0.063	0.331	0.189	1.445	0.283	0.29	0.765	0.753	0.235	0.247	30
655	8797	48.12	27.71	199.999	0.063	0.332	0.191	1.442	0.29	0.296	0.777	0.765	0.223	0.235	30
656	8798	48.12	27.96	200	0.063	0.332	0.191	1.44	0.293	0.299	0.774	0.763	0.226	0.237	30
657	8799	48.12	28.21	200	0.065	0.331	0.189	1.451	0.284	0.291	0.769	0.758	0.231	0.242	30
658	8800	48.12	28.46	200	0.066	0.328	0.184	1.457	0.276	0.284	0.754	0.742	0.246	0.258	30
659	8801	48.12	28.71	200	0.067	0.326	0.182	1.458	0.27	0.278	0.745	0.731	0.256	0.269	30
660	8802	48.12	28.96	200	0.071	0.323	0.176	1.465	0.261	0.269	0.737	0.723	0.263	0.278	30
661	8803	48.12	29.21	200	0.071	0.323	0.174	1.472	0.261	0.27	0.732	0.717	0.268	0.284	30
662	8804	48.12	29.46	200	0.064	0.328	0.18	1.463	0.275	0.282	0.753	0.739	0.247	0.261	30
663	8805	48.12	29.71	200	0.06	0.33	0.184	1.457	0.281	0.289	0.757	0.746	0.243	0.254	30
664	8806	48.12	29.96	199.999	0.053	0.331	0.184	1.456	0.283	0.29	0.75	0.739	0.25	0.261	30
665	8807	48.12	30.21	199.997	0.05	0.334	0.187	1.448	0.292	0.299	0.76	0.751	0.24	0.249	30
666	8808	48.12	30.46	200	0.051	0.34	0.196	1.435	0.309	0.315	0.786	0.779	0.214	0.221	30
667	8809	48.12	30.71	199.999	0.053	0.34	0.197	1.436	0.311	0.318	0.791	0.786	0.209	0.214	30
668	8810	48.12	30.96	199.999	0.058	0.342	0.197	1.428	0.308	0.317	0.784	0.779	0.216	0.22	30
669	8811	48.12	31.21	200	0.057	0.344	0.196	1.418	0.301	0.309	0.78	0.775	0.22	0.225	30
670	8812	48.12	31.46	200	0.061	0.344	0.191	1.418	0.291	0.298	0.762	0.757	0.237	0.243	30
671	8813	48.12	31.71	200	0.067	0.344	0.185	1.413	0.287	0.294	0.754	0.749	0.246	0.251	30
672	8814	48.12	31.96	199.992	0.065	0.347	0.182	1.373	0.29	0.297	0.751	0.748	0.249	0.252	30
673	8815	48.12	32.21	199.986	0.058	0.345	0.185	1.375	0.295	0.302	0.758	0.756	0.242	0.244	30
674	8816	48.12	32.46	199.993	0.056	0.342	0.188	1.402	0.287	0.293	0.742	0.738	0.258	0.261	30
675	8817	48.12	32.71	199.997	0.047	0.346	0.187	1.394	0.291	0.296	0.733	0.727	0.267	0.273	30
676	8818	48.12	32.96	199.993	0.049	0.348	0.186	1.39	0.288	0.293	0.731	0.725	0.269	0.275	30
677	8819	48.12	33.21	199.993	0.051	0.345	0.187	1.416	0.294	0.301	0.746	0.742	0.254	0.258	30
678	8820	48.12	33.46	199.977	0.058	0.339	0.185	1.446	0.285	0.292	0.729	0.723	0.272	0.277	30
