# Command file for Castanea
# Generated on Rstudio by user vandermeersch, on the 2023-06-23

# The filenames below are relative to the folder containing this command file
castaneaFileName	=	CastaneaSpecies_08_2021.txt
inventoryFileName	=	C:/Users/vandermeersch/Documents/CEFE/phd/hindcasting/simulation/castanea/run/inventory.txt

climateBaseName	=	D:/climate/HadCM3B_60Kyr_Climate/2023_dataset/castanea_format/025deg/5500BP/
climateExtension	=	.txt
simulationName	=	ind1_


#	siteId	gridName	latitude	longitude	soilHeight	stone	wfc	wilt	bulk	SOLCLAYtop	SOLCLAYsol	SOLFINtop	SOLFINsol	SOLSANDtop	SOLSANDsol	numberOfYears
1	5364	53.62	26.71	199.827	0.082	0.291	0.114	1.489	0.089	0.108	0.432	0.427	0.568	0.573	30
2	5365	53.62	26.96	199.716	0.089	0.299	0.116	1.474	0.091	0.112	0.444	0.439	0.556	0.561	30
3	5366	53.62	27.21	199.961	0.076	0.303	0.121	1.474	0.099	0.121	0.484	0.48	0.516	0.52	30
4	5367	53.62	27.46	199.989	0.072	0.305	0.122	1.471	0.103	0.125	0.493	0.489	0.506	0.51	30
5	5368	53.62	27.71	199.989	0.063	0.301	0.121	1.461	0.1	0.119	0.469	0.463	0.531	0.537	30
6	5369	53.62	27.96	199.998	0.051	0.294	0.118	1.452	0.095	0.11	0.444	0.437	0.556	0.563	30
7	5370	53.62	28.21	199.998	0.054	0.293	0.115	1.444	0.088	0.102	0.405	0.397	0.595	0.603	30
8	5371	53.62	28.46	199.999	0.056	0.293	0.112	1.445	0.081	0.095	0.379	0.369	0.621	0.631	30
9	5372	53.62	28.71	200	0.054	0.297	0.114	1.447	0.083	0.097	0.393	0.382	0.607	0.618	30
10	5373	53.62	28.96	200	0.05	0.301	0.116	1.447	0.086	0.099	0.397	0.387	0.603	0.613	30
11	5374	53.62	29.21	200	0.054	0.297	0.115	1.465	0.085	0.099	0.399	0.389	0.601	0.611	30
12	5375	53.62	29.46	199.999	0.064	0.296	0.109	1.438	0.072	0.087	0.353	0.341	0.647	0.659	30
13	5376	53.62	29.71	199.992	0.07	0.298	0.11	1.453	0.079	0.096	0.37	0.359	0.63	0.64	30
14	5377	53.62	29.96	199.987	0.063	0.304	0.119	1.473	0.096	0.116	0.427	0.417	0.573	0.583	30
15	5378	53.62	30.21	199.999	0.059	0.309	0.123	1.456	0.109	0.127	0.456	0.446	0.544	0.554	30
16	5379	53.62	30.46	199.998	0.059	0.308	0.121	1.46	0.112	0.128	0.461	0.448	0.539	0.552	30
17	5380	53.62	30.71	199.999	0.056	0.307	0.122	1.464	0.116	0.134	0.47	0.455	0.53	0.545	30
18	5381	53.62	30.96	200	0.054	0.308	0.123	1.457	0.116	0.134	0.467	0.452	0.533	0.548	30
19	5382	53.62	31.21	199.998	0.061	0.309	0.124	1.453	0.116	0.133	0.462	0.446	0.538	0.554	30
20	5383	53.62	31.46	199.998	0.055	0.312	0.127	1.451	0.125	0.142	0.494	0.478	0.506	0.522	30
21	5384	53.62	31.71	199.997	0.049	0.314	0.128	1.447	0.128	0.146	0.498	0.483	0.502	0.517	30
22	5385	53.62	31.96	199.999	0.049	0.315	0.132	1.445	0.138	0.156	0.515	0.501	0.485	0.499	30
23	5386	53.62	32.21	199.997	0.052	0.318	0.133	1.445	0.135	0.153	0.514	0.499	0.486	0.501	30
24	5387	53.62	32.46	199.998	0.048	0.318	0.131	1.441	0.132	0.15	0.502	0.487	0.498	0.513	30
25	5388	53.62	32.71	199.999	0.048	0.317	0.129	1.438	0.126	0.143	0.481	0.466	0.519	0.534	30
26	5389	53.62	32.96	199.998	0.057	0.317	0.13	1.434	0.128	0.145	0.478	0.463	0.522	0.537	30
27	5390	53.62	33.21	199.998	0.049	0.325	0.137	1.419	0.152	0.169	0.529	0.514	0.471	0.486	30
28	5391	53.62	33.46	199.999	0.043	0.327	0.144	1.413	0.173	0.191	0.588	0.577	0.411	0.423	30
29	5392	53.62	33.71	199.998	0.044	0.324	0.138	1.4	0.154	0.169	0.539	0.526	0.461	0.474	30
30	5393	53.62	33.96	199.998	0.056	0.318	0.127	1.427	0.127	0.144	0.484	0.465	0.516	0.535	30
31	5394	53.62	34.21	199.994	0.064	0.318	0.126	1.43	0.128	0.145	0.488	0.469	0.511	0.531	30
32	5395	53.62	34.46	199.989	0.062	0.317	0.129	1.421	0.135	0.152	0.506	0.489	0.494	0.511	30
33	5396	53.62	34.71	199.998	0.055	0.321	0.134	1.413	0.152	0.17	0.532	0.517	0.468	0.483	30
34	5397	53.37	-9.54	196.23	0.182	0.323	0.126	1.273	0.118	0.125	0.414	0.405	0.586	0.594	30
35	5398	53.37	-9.29	195.903	0.176	0.328	0.132	1.302	0.141	0.148	0.454	0.446	0.546	0.554	30
36	5399	53.37	-9.04	193.995	0.169	0.337	0.144	1.288	0.2	0.206	0.545	0.528	0.455	0.472	30
37	5400	53.37	-8.79	191.096	0.186	0.338	0.147	1.297	0.21	0.218	0.575	0.56	0.425	0.44	30
38	5401	53.37	-8.54	192.983	0.186	0.336	0.143	1.275	0.196	0.206	0.549	0.535	0.451	0.464	30
39	5402	53.37	-8.29	189.701	0.186	0.335	0.142	1.267	0.193	0.205	0.529	0.517	0.47	0.483	30
40	5403	53.37	-8.04	189.179	0.188	0.334	0.14	1.26	0.195	0.205	0.511	0.502	0.489	0.498	30
41	5404	53.37	-7.79	192.946	0.188	0.334	0.142	1.286	0.196	0.206	0.52	0.515	0.48	0.485	30
42	5405	53.37	-7.54	194.838	0.188	0.335	0.146	1.295	0.196	0.206	0.529	0.524	0.471	0.476	30
43	5406	53.37	-7.29	194.536	0.187	0.335	0.143	1.262	0.187	0.198	0.502	0.497	0.497	0.503	30
44	5407	53.37	-7.04	193.059	0.19	0.334	0.143	1.264	0.189	0.2	0.497	0.492	0.503	0.508	30
45	5408	53.37	-6.79	194.26	0.185	0.333	0.147	1.326	0.196	0.204	0.522	0.519	0.477	0.481	30
46	5409	53.37	-6.54	194.862	0.182	0.329	0.149	1.384	0.203	0.21	0.548	0.545	0.451	0.455	30
47	5410	53.37	-6.29	194.188	0.178	0.322	0.143	1.399	0.192	0.197	0.526	0.516	0.474	0.484	30
48	5411	53.37	-3.04	199.679	0.124	0.312	0.136	1.44	0.185	0.187	0.483	0.47	0.517	0.53	30
49	5412	53.37	-2.79	199.797	0.137	0.314	0.138	1.438	0.195	0.197	0.478	0.47	0.522	0.53	30
50	5413	53.37	-2.54	199.742	0.143	0.317	0.138	1.424	0.192	0.194	0.476	0.471	0.523	0.529	30
51	5414	53.37	-2.29	199.607	0.143	0.314	0.136	1.423	0.183	0.188	0.502	0.497	0.498	0.503	30
52	5415	53.37	-2.04	198.236	0.19	0.323	0.14	1.37	0.183	0.192	0.535	0.536	0.465	0.464	30
53	5416	53.37	-1.79	194.488	0.21	0.331	0.143	1.332	0.181	0.191	0.538	0.539	0.462	0.461	30
54	5417	53.37	-1.54	197.662	0.184	0.323	0.145	1.395	0.199	0.211	0.572	0.566	0.428	0.434	30
55	5418	53.37	-1.29	199.631	0.164	0.316	0.155	1.456	0.224	0.236	0.596	0.586	0.403	0.414	30
56	5419	53.37	-1.04	199.934	0.143	0.307	0.148	1.456	0.214	0.222	0.532	0.515	0.468	0.485	30
57	5420	53.37	-0.789999999999999	199.99	0.137	0.312	0.155	1.447	0.233	0.234	0.537	0.515	0.462	0.485	30
58	5421	53.37	-0.539999999999999	199.998	0.139	0.316	0.163	1.449	0.244	0.248	0.569	0.548	0.431	0.452	30
59	5422	53.37	-0.289999999999999	200	0.147	0.319	0.164	1.45	0.234	0.245	0.593	0.579	0.407	0.421	30
60	5423	53.37	-0.0399999999999991	199.999	0.146	0.324	0.17	1.445	0.246	0.256	0.635	0.619	0.365	0.381	30
61	5424	53.37	0.210000000000001	200	0.117	0.331	0.168	1.413	0.26	0.259	0.637	0.606	0.363	0.394	30
62	5425	53.37	5.96	199.984	0.074	0.343	0.163	1.411	0.26	0.246	0.642	0.616	0.358	0.384	30
63	5426	53.37	6.21	199.995	0.068	0.328	0.148	1.4	0.219	0.211	0.538	0.515	0.462	0.485	30
64	5427	53.37	6.46	199.989	0.065	0.336	0.161	1.443	0.25	0.235	0.653	0.619	0.347	0.381	30
65	5428	53.37	6.71	199.998	0.062	0.333	0.157	1.451	0.247	0.231	0.636	0.599	0.364	0.401	30
66	5429	53.37	7.21	199.999	0.076	0.346	0.167	1.423	0.26	0.25	0.628	0.598	0.372	0.402	30
67	5430	53.37	7.46	199.999	0.075	0.32	0.139	1.376	0.178	0.174	0.45	0.427	0.55	0.573	30
68	5431	53.37	7.71	200	0.073	0.297	0.118	1.364	0.106	0.11	0.323	0.31	0.677	0.69	30
69	5432	53.37	7.96	200	0.078	0.299	0.123	1.38	0.125	0.13	0.354	0.342	0.646	0.658	30
70	5433	53.37	8.21	200	0.087	0.329	0.148	1.351	0.209	0.206	0.507	0.487	0.493	0.513	30
71	5434	53.37	8.46	200	0.087	0.343	0.161	1.366	0.248	0.239	0.593	0.568	0.406	0.432	30
72	5435	53.37	8.71	200	0.08	0.293	0.119	1.42	0.118	0.124	0.326	0.315	0.674	0.685	30
73	5436	53.37	8.96	200	0.08	0.281	0.108	1.401	0.08	0.09	0.246	0.242	0.754	0.757	30
74	5437	53.37	9.21	200	0.082	0.269	0.104	1.419	0.064	0.077	0.211	0.213	0.788	0.786	30
75	5438	53.37	9.46	200	0.081	0.267	0.104	1.445	0.07	0.082	0.229	0.231	0.77	0.768	30
76	5439	53.37	9.71	199.994	0.088	0.267	0.107	1.47	0.093	0.105	0.301	0.298	0.698	0.701	30
77	5440	53.37	9.96	199.99	0.097	0.271	0.109	1.483	0.102	0.113	0.348	0.344	0.651	0.655	30
78	5441	53.37	10.21	199.999	0.081	0.28	0.115	1.479	0.113	0.12	0.343	0.336	0.657	0.664	30
79	5442	53.37	10.46	199.999	0.081	0.273	0.111	1.488	0.097	0.108	0.32	0.315	0.68	0.685	30
80	5443	53.37	10.71	199.999	0.078	0.273	0.11	1.475	0.091	0.103	0.307	0.307	0.693	0.693	30
81	5444	53.37	10.96	199.999	0.079	0.274	0.11	1.482	0.089	0.102	0.301	0.304	0.699	0.696	30
82	5445	53.37	11.21	199.999	0.075	0.266	0.105	1.48	0.071	0.085	0.233	0.241	0.767	0.76	30
83	5446	53.37	11.46	199.995	0.074	0.265	0.104	1.468	0.066	0.08	0.207	0.216	0.793	0.784	30
84	5447	53.37	11.71	199.999	0.08	0.269	0.107	1.477	0.08	0.095	0.264	0.273	0.736	0.727	30
85	5448	53.37	11.96	199.999	0.082	0.269	0.108	1.494	0.091	0.106	0.297	0.305	0.703	0.695	30
86	5449	53.37	12.21	199.953	0.086	0.272	0.109	1.497	0.089	0.105	0.291	0.301	0.708	0.699	30
87	5450	53.37	12.46	199.908	0.087	0.28	0.112	1.493	0.091	0.107	0.305	0.311	0.695	0.688	30
88	5451	53.37	12.71	199.848	0.09	0.283	0.112	1.476	0.091	0.104	0.305	0.307	0.695	0.693	30
89	5452	53.37	12.96	199.83	0.098	0.271	0.107	1.482	0.08	0.094	0.271	0.272	0.728	0.727	30
90	5453	53.37	13.21	199.973	0.102	0.271	0.11	1.491	0.089	0.104	0.303	0.305	0.696	0.694	30
91	5454	53.37	13.46	199.997	0.096	0.279	0.116	1.512	0.103	0.118	0.346	0.35	0.653	0.649	30
92	5455	53.37	13.71	199.996	0.09	0.282	0.12	1.534	0.12	0.136	0.397	0.402	0.603	0.598	30
93	5456	53.37	13.96	199.996	0.086	0.288	0.121	1.528	0.127	0.143	0.409	0.414	0.591	0.586	30
94	5457	53.37	14.21	199.99	0.081	0.286	0.119	1.517	0.123	0.138	0.387	0.392	0.613	0.608	30
95	5458	53.37	14.46	199.98	0.084	0.284	0.117	1.495	0.118	0.128	0.366	0.364	0.634	0.636	30
96	5459	53.37	14.71	199.999	0.086	0.284	0.116	1.465	0.105	0.111	0.325	0.32	0.674	0.679	30
97	5460	53.37	14.96	200	0.072	0.28	0.113	1.488	0.092	0.104	0.287	0.292	0.713	0.708	30
98	5461	53.37	15.21	200	0.072	0.275	0.111	1.515	0.09	0.105	0.288	0.296	0.712	0.704	30
99	5462	53.37	15.46	199.998	0.083	0.266	0.106	1.512	0.082	0.096	0.269	0.274	0.73	0.725	30
100	5463	53.37	15.71	199.995	0.098	0.258	0.099	1.474	0.06	0.072	0.219	0.221	0.78	0.778	30
101	5464	53.37	15.96	199.994	0.104	0.258	0.098	1.481	0.058	0.07	0.224	0.225	0.775	0.774	30
102	5465	53.37	16.21	199.926	0.099	0.262	0.1	1.486	0.062	0.076	0.237	0.239	0.762	0.76	30
103	5466	53.37	16.46	199.92	0.096	0.263	0.1	1.479	0.059	0.073	0.224	0.227	0.775	0.772	30
104	5467	53.37	16.71	199.969	0.093	0.258	0.097	1.474	0.055	0.069	0.213	0.216	0.785	0.783	30
105	5468	53.37	16.96	199.944	0.081	0.264	0.103	1.514	0.074	0.089	0.259	0.266	0.74	0.734	30
106	5469	53.37	17.21	199.959	0.073	0.264	0.105	1.531	0.081	0.098	0.277	0.284	0.722	0.716	30
107	5470	53.37	17.46	199.993	0.068	0.266	0.106	1.548	0.084	0.102	0.295	0.303	0.704	0.696	30
108	5471	53.37	17.71	199.857	0.069	0.269	0.109	1.561	0.094	0.115	0.327	0.338	0.673	0.661	30
109	5472	53.37	17.96	199.398	0.08	0.261	0.103	1.52	0.078	0.095	0.269	0.277	0.731	0.723	30
110	5473	53.37	18.21	199.946	0.068	0.261	0.107	1.55	0.094	0.112	0.322	0.33	0.678	0.67	30
111	5474	53.37	18.46	199.987	0.069	0.267	0.112	1.554	0.115	0.133	0.378	0.382	0.622	0.618	30
112	5475	53.37	18.71	199.999	0.062	0.272	0.114	1.556	0.125	0.142	0.395	0.398	0.605	0.602	30
113	5476	53.37	18.96	200	0.059	0.278	0.116	1.57	0.123	0.142	0.393	0.399	0.607	0.601	30
114	5477	53.37	19.21	199.998	0.062	0.278	0.114	1.557	0.116	0.133	0.377	0.382	0.623	0.617	30
115	5478	53.37	19.46	199.995	0.079	0.269	0.109	1.518	0.101	0.116	0.345	0.348	0.655	0.652	30
116	5479	53.37	19.71	199.999	0.079	0.266	0.108	1.51	0.096	0.111	0.345	0.349	0.654	0.65	30
117	5480	53.37	19.96	199.999	0.075	0.274	0.11	1.498	0.094	0.109	0.336	0.339	0.663	0.66	30
118	5481	53.37	20.21	199.99	0.074	0.281	0.112	1.501	0.097	0.113	0.338	0.343	0.662	0.656	30
119	5482	53.37	20.46	199.947	0.081	0.271	0.105	1.482	0.075	0.09	0.287	0.291	0.712	0.708	30
120	5483	53.37	20.71	199.965	0.081	0.266	0.1	1.463	0.055	0.068	0.229	0.23	0.77	0.769	30
121	5484	53.37	20.96	199.993	0.065	0.273	0.104	1.463	0.057	0.07	0.213	0.215	0.786	0.784	30
122	5485	53.37	21.21	199.995	0.057	0.277	0.106	1.458	0.067	0.081	0.227	0.232	0.772	0.768	30
123	5486	53.37	21.46	199.994	0.056	0.278	0.107	1.45	0.069	0.084	0.23	0.236	0.769	0.763	30
124	5487	53.37	21.71	199.995	0.058	0.274	0.105	1.454	0.064	0.078	0.217	0.222	0.782	0.777	30
125	5488	53.37	21.96	199.998	0.055	0.262	0.103	1.492	0.07	0.086	0.266	0.272	0.733	0.727	30
126	5489	53.37	22.21	200	0.061	0.264	0.105	1.513	0.074	0.092	0.297	0.304	0.702	0.696	30
127	5490	53.37	22.46	200	0.056	0.282	0.111	1.448	0.089	0.105	0.308	0.314	0.691	0.686	30
128	5491	53.37	22.71	199.999	0.055	0.271	0.107	1.471	0.082	0.096	0.295	0.298	0.704	0.701	30
129	5492	53.37	22.96	199.934	0.062	0.261	0.105	1.502	0.086	0.1	0.317	0.32	0.683	0.68	30
130	5493	53.37	23.21	199.912	0.071	0.261	0.104	1.493	0.084	0.097	0.312	0.311	0.688	0.689	30
131	5494	53.37	23.46	199.934	0.073	0.266	0.104	1.495	0.079	0.092	0.313	0.31	0.686	0.69	30
132	5495	53.37	23.71	199.959	0.074	0.276	0.111	1.516	0.094	0.108	0.394	0.39	0.605	0.61	30
133	5496	53.37	23.96	199.998	0.063	0.282	0.118	1.536	0.107	0.121	0.447	0.442	0.553	0.558	30
134	5497	53.37	24.21	199.998	0.056	0.278	0.116	1.544	0.099	0.113	0.414	0.409	0.586	0.591	30
135	5498	53.37	24.46	199.999	0.061	0.276	0.111	1.524	0.089	0.105	0.373	0.368	0.627	0.632	30
136	5499	53.37	24.71	199.999	0.057	0.278	0.113	1.513	0.083	0.099	0.349	0.345	0.651	0.655	30
137	5500	53.37	24.96	199.959	0.055	0.274	0.111	1.512	0.077	0.092	0.321	0.317	0.678	0.683	30
138	5501	53.37	25.21	199.775	0.064	0.276	0.11	1.503	0.082	0.099	0.358	0.354	0.642	0.645	30
139	5502	53.37	25.46	199.949	0.083	0.281	0.113	1.506	0.099	0.118	0.456	0.45	0.544	0.55	30
140	5503	53.37	25.71	199.961	0.09	0.289	0.118	1.506	0.102	0.123	0.473	0.466	0.527	0.533	30
141	5504	53.37	25.96	199.964	0.088	0.296	0.124	1.512	0.112	0.133	0.51	0.504	0.49	0.496	30
142	5505	53.37	26.21	199.99	0.077	0.292	0.123	1.517	0.11	0.13	0.519	0.515	0.481	0.485	30
143	5506	53.37	26.46	199.971	0.075	0.289	0.12	1.517	0.102	0.12	0.493	0.487	0.507	0.512	30
144	5507	53.37	26.71	199.847	0.078	0.289	0.117	1.503	0.096	0.112	0.467	0.459	0.533	0.541	30
145	5508	53.37	26.96	199.65	0.076	0.292	0.113	1.479	0.089	0.105	0.426	0.42	0.573	0.58	30
146	5509	53.37	27.21	199.966	0.065	0.296	0.117	1.472	0.091	0.11	0.436	0.432	0.564	0.568	30
147	5510	53.37	27.46	199.987	0.065	0.299	0.116	1.454	0.083	0.105	0.404	0.401	0.595	0.599	30
148	5511	53.37	27.71	199.99	0.059	0.294	0.114	1.451	0.082	0.103	0.384	0.379	0.616	0.621	30
149	5512	53.37	27.96	199.999	0.051	0.289	0.111	1.457	0.076	0.097	0.356	0.351	0.643	0.649	30
150	5513	53.37	28.21	199.999	0.05	0.285	0.11	1.46	0.074	0.092	0.344	0.339	0.655	0.661	30
151	5514	53.37	28.46	199.997	0.057	0.284	0.107	1.458	0.068	0.082	0.33	0.32	0.67	0.68	30
152	5515	53.37	28.71	199.996	0.053	0.29	0.111	1.459	0.079	0.093	0.365	0.354	0.634	0.646	30
153	5516	53.37	28.96	199.999	0.05	0.294	0.112	1.453	0.081	0.094	0.369	0.358	0.631	0.642	30
154	5517	53.37	29.21	200	0.054	0.295	0.115	1.476	0.084	0.1	0.386	0.377	0.614	0.623	30
155	5518	53.37	29.46	199.999	0.059	0.298	0.115	1.482	0.086	0.103	0.398	0.39	0.601	0.61	30
156	5519	53.37	29.71	199.991	0.061	0.301	0.116	1.477	0.087	0.104	0.397	0.386	0.603	0.614	30
157	5520	53.37	29.96	199.984	0.062	0.299	0.113	1.473	0.08	0.099	0.379	0.367	0.621	0.633	30
158	5521	53.37	30.21	199.999	0.06	0.304	0.117	1.453	0.089	0.107	0.403	0.392	0.596	0.608	30
159	5522	53.37	30.46	199.999	0.054	0.309	0.123	1.469	0.108	0.125	0.454	0.441	0.546	0.559	30
160	5523	53.37	30.71	200	0.045	0.311	0.129	1.487	0.12	0.139	0.487	0.472	0.513	0.528	30
161	5524	53.37	30.96	199.999	0.052	0.312	0.128	1.456	0.105	0.124	0.441	0.427	0.559	0.573	30
162	5525	53.37	31.21	199.999	0.057	0.308	0.12	1.451	0.097	0.114	0.421	0.405	0.579	0.595	30
163	5526	53.37	31.46	200	0.05	0.314	0.127	1.459	0.114	0.133	0.467	0.451	0.533	0.55	30
164	5527	53.37	31.71	199.999	0.044	0.32	0.131	1.45	0.13	0.15	0.496	0.48	0.504	0.521	30
165	5528	53.37	31.96	200	0.042	0.319	0.136	1.458	0.139	0.16	0.521	0.506	0.479	0.493	30
166	5529	53.37	32.21	199.999	0.042	0.319	0.137	1.463	0.141	0.159	0.528	0.514	0.472	0.486	30
167	5530	53.37	32.46	199.999	0.043	0.317	0.135	1.457	0.144	0.16	0.527	0.511	0.473	0.489	30
168	5531	53.37	32.71	200	0.047	0.316	0.13	1.444	0.134	0.149	0.491	0.473	0.509	0.527	30
169	5532	53.37	32.96	200	0.056	0.313	0.125	1.444	0.118	0.134	0.455	0.436	0.545	0.564	30
170	5533	53.37	33.21	200	0.052	0.319	0.129	1.438	0.131	0.148	0.485	0.465	0.515	0.534	30
171	5534	53.37	33.46	199.999	0.047	0.324	0.134	1.425	0.15	0.168	0.528	0.512	0.472	0.488	30
172	5535	53.37	33.71	199.996	0.042	0.326	0.14	1.413	0.171	0.187	0.581	0.57	0.419	0.43	30
173	5536	53.37	33.96	199.994	0.048	0.32	0.135	1.422	0.157	0.171	0.546	0.533	0.454	0.467	30
174	5537	53.37	34.21	199.993	0.05	0.318	0.132	1.431	0.147	0.163	0.528	0.514	0.472	0.486	30
175	5538	53.37	34.46	199.989	0.062	0.315	0.126	1.431	0.131	0.146	0.487	0.471	0.513	0.529	30
176	5539	53.37	34.71	199.997	0.061	0.318	0.127	1.426	0.141	0.159	0.508	0.491	0.492	0.509	30
177	5540	53.12	-9.54	196.985	0.178	0.329	0.134	1.302	0.143	0.151	0.474	0.466	0.526	0.534	30
178	5541	53.12	-9.29	196.356	0.179	0.333	0.14	1.307	0.172	0.179	0.509	0.5	0.491	0.5	30
179	5542	53.12	-9.04	196.087	0.184	0.338	0.148	1.319	0.2	0.208	0.536	0.529	0.464	0.471	30
180	5543	53.12	-8.79	194.157	0.181	0.333	0.144	1.327	0.202	0.208	0.545	0.534	0.455	0.466	30
181	5544	53.12	-8.54	192.744	0.197	0.327	0.136	1.325	0.179	0.188	0.526	0.519	0.474	0.481	30
182	5545	53.12	-8.29	189.697	0.191	0.332	0.142	1.304	0.195	0.205	0.534	0.524	0.466	0.476	30
183	5546	53.12	-8.04	190.61	0.19	0.334	0.144	1.304	0.197	0.207	0.521	0.514	0.478	0.486	30
184	5547	53.12	-7.79	193.544	0.197	0.331	0.144	1.324	0.191	0.199	0.526	0.524	0.474	0.476	30
185	5548	53.12	-7.54	193.779	0.203	0.329	0.142	1.323	0.186	0.194	0.522	0.519	0.477	0.481	30
186	5549	53.12	-7.29	194.978	0.191	0.33	0.145	1.325	0.191	0.201	0.516	0.511	0.484	0.489	30
187	5550	53.12	-7.04	196.554	0.195	0.33	0.146	1.339	0.196	0.207	0.517	0.513	0.483	0.487	30
188	5551	53.12	-6.79	197.366	0.197	0.327	0.147	1.383	0.191	0.2	0.534	0.537	0.465	0.463	30
189	5552	53.12	-6.54	196.711	0.225	0.322	0.135	1.33	0.172	0.177	0.51	0.511	0.49	0.489	30
190	5553	53.12	-6.29	192.281	0.239	0.322	0.129	1.311	0.155	0.161	0.485	0.482	0.514	0.518	30
191	5554	53.12	-4.04	195.441	0.223	0.337	0.142	1.26	0.179	0.185	0.516	0.517	0.484	0.483	30
192	5555	53.12	-3.79	197.116	0.215	0.337	0.144	1.289	0.186	0.194	0.543	0.544	0.457	0.456	30
193	5556	53.12	-3.54	197.142	0.203	0.334	0.146	1.328	0.195	0.203	0.573	0.571	0.427	0.429	30
194	5557	53.12	-3.29	197.062	0.199	0.332	0.15	1.355	0.207	0.215	0.587	0.585	0.413	0.415	30
195	5558	53.12	-3.04	198.336	0.168	0.327	0.149	1.404	0.212	0.218	0.558	0.55	0.442	0.45	30
196	5559	53.12	-2.79	199.825	0.149	0.327	0.149	1.421	0.215	0.218	0.522	0.516	0.478	0.484	30
197	5560	53.12	-2.54	199.891	0.144	0.324	0.146	1.416	0.206	0.209	0.508	0.504	0.492	0.496	30
198	5561	53.12	-2.29	199.826	0.158	0.323	0.147	1.408	0.199	0.203	0.557	0.556	0.442	0.444	30
199	5562	53.12	-2.04	198.783	0.192	0.329	0.151	1.371	0.204	0.215	0.589	0.593	0.411	0.407	30
200	5563	53.12	-1.79	195.615	0.196	0.335	0.159	1.362	0.216	0.231	0.607	0.614	0.393	0.386	30
201	5564	53.12	-1.54	198.522	0.181	0.326	0.155	1.4	0.217	0.231	0.607	0.607	0.393	0.393	30
202	5565	53.12	-1.29	199.817	0.165	0.316	0.157	1.452	0.224	0.239	0.609	0.602	0.39	0.398	30
203	5566	53.12	-1.04	199.907	0.157	0.313	0.155	1.459	0.225	0.238	0.579	0.567	0.421	0.433	30
204	5567	53.12	-0.789999999999999	199.996	0.147	0.315	0.16	1.458	0.242	0.247	0.56	0.54	0.44	0.46	30
205	5568	53.12	-0.539999999999999	199.998	0.145	0.317	0.166	1.451	0.248	0.254	0.587	0.567	0.413	0.433	30
206	5569	53.12	-0.289999999999999	200	0.129	0.32	0.161	1.427	0.252	0.252	0.576	0.552	0.424	0.448	30
207	5570	53.12	-0.0399999999999991	200	0.126	0.321	0.159	1.44	0.236	0.24	0.593	0.567	0.407	0.432	30
208	5571	53.12	0.210000000000001	200	0.114	0.325	0.158	1.435	0.243	0.241	0.607	0.574	0.393	0.426	30
209	5572	53.12	5.46	199.975	0.072	0.346	0.168	1.423	0.271	0.254	0.676	0.649	0.324	0.351	30
210	5573	53.12	5.71	200	0.071	0.355	0.176	1.392	0.299	0.287	0.695	0.674	0.305	0.326	30
211	5574	53.12	5.96	200	0.07	0.342	0.155	1.372	0.25	0.24	0.57	0.547	0.43	0.453	30
212	5575	53.12	6.21	200	0.068	0.313	0.134	1.381	0.177	0.175	0.433	0.415	0.567	0.585	30
213	5576	53.12	6.46	200	0.064	0.303	0.129	1.394	0.159	0.158	0.391	0.376	0.608	0.624	30
214	5577	53.12	6.71	200	0.06	0.298	0.123	1.416	0.147	0.14	0.362	0.342	0.637	0.658	30
215	5578	53.12	6.96	200	0.059	0.305	0.128	1.408	0.166	0.154	0.395	0.369	0.605	0.63	30
216	5579	53.12	7.21	200	0.066	0.311	0.137	1.387	0.182	0.172	0.43	0.408	0.57	0.591	30
217	5580	53.12	7.46	200	0.07	0.3	0.126	1.359	0.143	0.14	0.369	0.353	0.631	0.647	30
218	5581	53.12	7.71	200	0.073	0.282	0.11	1.349	0.088	0.089	0.262	0.254	0.738	0.746	30
219	5582	53.12	7.96	200	0.075	0.274	0.104	1.359	0.066	0.074	0.22	0.219	0.779	0.781	30
220	5583	53.12	8.21	200	0.079	0.282	0.112	1.378	0.097	0.105	0.283	0.277	0.716	0.723	30
221	5584	53.12	8.46	200	0.081	0.295	0.125	1.407	0.139	0.143	0.369	0.357	0.631	0.643	30
222	5585	53.12	8.71	200	0.081	0.289	0.122	1.435	0.128	0.134	0.356	0.345	0.644	0.654	30
223	5586	53.12	8.96	200	0.079	0.287	0.117	1.413	0.109	0.114	0.31	0.304	0.69	0.695	30
224	5587	53.12	9.21	200	0.078	0.265	0.105	1.448	0.071	0.083	0.232	0.235	0.768	0.764	30
225	5588	53.12	9.46	200	0.078	0.258	0.101	1.455	0.065	0.078	0.221	0.225	0.778	0.775	30
226	5589	53.12	9.71	199.999	0.084	0.253	0.098	1.468	0.061	0.076	0.229	0.233	0.77	0.766	30
227	5590	53.12	9.96	199.996	0.101	0.249	0.095	1.478	0.058	0.074	0.233	0.238	0.766	0.761	30
228	5591	53.12	10.21	199.996	0.1	0.254	0.099	1.491	0.069	0.085	0.268	0.27	0.732	0.729	30
229	5592	53.12	10.46	199.997	0.095	0.257	0.104	1.504	0.081	0.097	0.306	0.307	0.694	0.692	30
230	5593	53.12	10.71	199.993	0.095	0.255	0.103	1.498	0.08	0.096	0.303	0.307	0.696	0.693	30
231	5594	53.12	10.96	199.987	0.096	0.256	0.101	1.488	0.078	0.092	0.29	0.295	0.71	0.705	30
232	5595	53.12	11.21	199.999	0.068	0.258	0.102	1.481	0.075	0.087	0.243	0.248	0.757	0.752	30
233	5596	53.12	11.46	199.999	0.072	0.258	0.103	1.48	0.072	0.084	0.227	0.233	0.773	0.767	30
234	5597	53.12	11.71	199.999	0.069	0.26	0.106	1.487	0.081	0.094	0.258	0.266	0.742	0.734	30
235	5598	53.12	11.96	199.998	0.071	0.258	0.106	1.495	0.083	0.098	0.273	0.282	0.727	0.718	30
236	5599	53.12	12.21	199.999	0.077	0.26	0.106	1.5	0.083	0.099	0.274	0.286	0.725	0.714	30
237	5600	53.12	12.46	200	0.078	0.258	0.103	1.489	0.067	0.083	0.222	0.234	0.777	0.766	30
238	5601	53.12	12.71	199.989	0.09	0.256	0.1	1.477	0.061	0.075	0.207	0.214	0.792	0.785	30
239	5602	53.12	12.96	199.954	0.1	0.254	0.1	1.474	0.066	0.08	0.225	0.227	0.774	0.772	30
240	5603	53.12	13.21	199.988	0.095	0.254	0.101	1.481	0.067	0.08	0.23	0.232	0.769	0.767	30
241	5604	53.12	13.46	199.994	0.096	0.256	0.101	1.487	0.064	0.077	0.222	0.224	0.777	0.776	30
242	5605	53.12	13.71	199.999	0.099	0.265	0.108	1.501	0.09	0.105	0.293	0.296	0.706	0.704	30
243	5606	53.12	13.96	200	0.09	0.276	0.116	1.52	0.123	0.139	0.389	0.393	0.611	0.607	30
244	5607	53.12	14.21	200	0.086	0.281	0.118	1.51	0.13	0.143	0.395	0.398	0.605	0.602	30
245	5608	53.12	14.46	200	0.086	0.274	0.113	1.515	0.116	0.127	0.356	0.357	0.644	0.643	30
246	5609	53.12	14.71	200	0.084	0.273	0.113	1.534	0.109	0.125	0.364	0.37	0.636	0.63	30
247	5610	53.12	14.96	200	0.075	0.279	0.116	1.531	0.117	0.133	0.379	0.386	0.621	0.614	30
248	5611	53.12	15.21	200	0.082	0.272	0.112	1.531	0.1	0.116	0.339	0.346	0.661	0.654	30
249	5612	53.12	15.46	200	0.081	0.264	0.108	1.528	0.089	0.105	0.298	0.307	0.701	0.692	30
250	5613	53.12	15.71	199.998	0.093	0.253	0.099	1.49	0.063	0.076	0.22	0.225	0.779	0.774	30
251	5614	53.12	15.96	199.989	0.103	0.246	0.094	1.465	0.049	0.061	0.183	0.184	0.816	0.815	30
252	5615	53.12	16.21	199.961	0.098	0.246	0.095	1.489	0.052	0.065	0.196	0.199	0.803	0.8	30
253	5616	53.12	16.46	199.965	0.091	0.254	0.102	1.505	0.072	0.087	0.252	0.258	0.747	0.741	30
254	5617	53.12	16.71	199.996	0.084	0.254	0.1	1.497	0.07	0.085	0.242	0.247	0.757	0.752	30
255	5618	53.12	16.96	199.999	0.08	0.261	0.103	1.507	0.082	0.099	0.276	0.281	0.723	0.718	30
256	5619	53.12	17.21	199.997	0.071	0.264	0.108	1.539	0.096	0.116	0.323	0.331	0.676	0.669	30
257	5620	53.12	17.46	199.999	0.065	0.263	0.108	1.552	0.091	0.111	0.318	0.326	0.682	0.673	30
258	5621	53.12	17.71	199.999	0.064	0.258	0.105	1.547	0.083	0.102	0.287	0.296	0.712	0.703	30
259	5622	53.12	17.96	199.987	0.072	0.255	0.102	1.521	0.077	0.092	0.256	0.259	0.744	0.741	30
260	5623	53.12	18.21	199.964	0.073	0.257	0.105	1.525	0.086	0.101	0.287	0.288	0.713	0.712	30
261	5624	53.12	18.46	199.987	0.066	0.263	0.109	1.545	0.099	0.117	0.328	0.332	0.672	0.668	30
262	5625	53.12	18.71	200	0.06	0.265	0.111	1.556	0.112	0.131	0.355	0.36	0.645	0.64	30
263	5626	53.12	18.96	200	0.059	0.262	0.109	1.558	0.106	0.125	0.347	0.353	0.652	0.647	30
264	5627	53.12	19.21	200	0.06	0.26	0.108	1.559	0.102	0.121	0.352	0.358	0.647	0.642	30
265	5628	53.12	19.46	200	0.061	0.259	0.106	1.537	0.093	0.11	0.326	0.333	0.673	0.666	30
266	5629	53.12	19.71	199.997	0.066	0.26	0.102	1.489	0.075	0.089	0.262	0.268	0.737	0.732	30
267	5630	53.12	19.96	199.998	0.059	0.267	0.107	1.487	0.085	0.1	0.294	0.301	0.706	0.698	30
268	5631	53.12	20.21	200	0.061	0.269	0.109	1.497	0.087	0.103	0.306	0.313	0.694	0.686	30
269	5632	53.12	20.46	199.995	0.061	0.267	0.108	1.513	0.085	0.102	0.308	0.317	0.691	0.682	30
270	5633	53.12	20.71	199.997	0.065	0.271	0.11	1.515	0.091	0.108	0.329	0.337	0.67	0.663	30
271	5634	53.12	20.96	199.999	0.058	0.266	0.106	1.501	0.077	0.092	0.269	0.276	0.73	0.724	30
272	5635	53.12	21.21	200	0.057	0.267	0.104	1.48	0.069	0.083	0.227	0.234	0.772	0.765	30
273	5636	53.12	21.46	200	0.054	0.263	0.103	1.479	0.065	0.079	0.209	0.214	0.79	0.785	30
274	5637	53.12	21.71	200	0.051	0.26	0.103	1.497	0.069	0.083	0.235	0.242	0.764	0.758	30
275	5638	53.12	21.96	199.999	0.055	0.256	0.102	1.515	0.075	0.091	0.282	0.288	0.717	0.711	30
276	5639	53.12	22.21	199.999	0.062	0.264	0.105	1.507	0.083	0.1	0.314	0.319	0.685	0.68	30
277	5640	53.12	22.46	200	0.056	0.271	0.108	1.487	0.084	0.1	0.303	0.309	0.696	0.69	30
278	5641	53.12	22.71	200	0.054	0.263	0.105	1.501	0.081	0.096	0.294	0.3	0.705	0.7	30
279	5642	53.12	22.96	199.972	0.055	0.262	0.104	1.496	0.081	0.094	0.295	0.297	0.705	0.703	30
280	5643	53.12	23.21	199.927	0.062	0.258	0.101	1.492	0.074	0.086	0.278	0.276	0.721	0.724	30
281	5644	53.12	23.46	199.89	0.075	0.263	0.099	1.474	0.067	0.08	0.267	0.262	0.732	0.737	30
282	5645	53.12	23.71	199.906	0.074	0.265	0.101	1.486	0.072	0.085	0.285	0.282	0.714	0.718	30
283	5646	53.12	23.96	199.953	0.068	0.271	0.109	1.522	0.094	0.109	0.383	0.378	0.617	0.621	30
284	5647	53.12	24.21	199.9	0.069	0.278	0.114	1.53	0.103	0.118	0.436	0.43	0.563	0.57	30
285	5648	53.12	24.46	199.995	0.08	0.279	0.114	1.522	0.107	0.123	0.456	0.449	0.543	0.55	30
286	5649	53.12	24.71	199.997	0.069	0.281	0.117	1.533	0.115	0.13	0.478	0.472	0.522	0.528	30
287	5650	53.12	24.96	199.999	0.066	0.28	0.117	1.538	0.11	0.126	0.467	0.462	0.533	0.538	30
288	5651	53.12	25.21	199.976	0.065	0.279	0.115	1.528	0.104	0.119	0.45	0.444	0.549	0.556	30
289	5652	53.12	25.46	199.941	0.086	0.28	0.109	1.496	0.09	0.107	0.411	0.406	0.589	0.594	30
290	5653	53.12	25.71	199.95	0.085	0.284	0.11	1.497	0.088	0.106	0.407	0.402	0.593	0.598	30
291	5654	53.12	25.96	199.987	0.066	0.284	0.119	1.521	0.107	0.125	0.462	0.457	0.538	0.543	30
292	5655	53.12	26.21	199.995	0.069	0.29	0.122	1.522	0.112	0.131	0.505	0.5	0.495	0.5	30
293	5656	53.12	26.46	199.999	0.079	0.293	0.123	1.522	0.12	0.137	0.559	0.554	0.44	0.445	30
294	5657	53.12	26.71	199.984	0.079	0.293	0.122	1.513	0.118	0.137	0.551	0.547	0.449	0.453	30
295	5658	53.12	26.96	199.976	0.074	0.297	0.122	1.51	0.117	0.135	0.541	0.537	0.459	0.463	30
296	5659	53.12	27.21	199.999	0.069	0.299	0.121	1.51	0.114	0.13	0.534	0.53	0.466	0.47	30
297	5660	53.12	27.46	199.999	0.06	0.298	0.122	1.507	0.106	0.124	0.499	0.496	0.501	0.504	30
298	5661	53.12	27.71	200	0.053	0.285	0.115	1.496	0.088	0.106	0.4	0.397	0.599	0.603	30
299	5662	53.12	27.96	199.999	0.062	0.277	0.108	1.486	0.069	0.088	0.329	0.325	0.671	0.675	30
300	5663	53.12	28.21	199.998	0.061	0.274	0.106	1.483	0.065	0.082	0.312	0.306	0.688	0.693	30
301	5664	53.12	28.46	199.997	0.063	0.273	0.105	1.481	0.066	0.08	0.312	0.303	0.688	0.697	30
302	5665	53.12	28.71	199.993	0.059	0.276	0.105	1.473	0.064	0.078	0.303	0.293	0.697	0.706	30
303	5666	53.12	28.96	199.998	0.054	0.278	0.108	1.481	0.067	0.081	0.316	0.308	0.684	0.692	30
304	5667	53.12	29.21	199.999	0.059	0.284	0.111	1.484	0.074	0.087	0.337	0.329	0.662	0.671	30
305	5668	53.12	29.46	199.999	0.059	0.294	0.121	1.515	0.099	0.113	0.417	0.411	0.582	0.589	30
306	5669	53.12	29.71	200	0.052	0.303	0.126	1.529	0.119	0.133	0.478	0.471	0.522	0.528	30
307	5670	53.12	29.96	199.999	0.052	0.304	0.122	1.497	0.102	0.119	0.433	0.426	0.567	0.574	30
308	5671	53.12	30.21	200	0.057	0.306	0.12	1.464	0.093	0.111	0.413	0.402	0.587	0.598	30
309	5672	53.12	30.46	200	0.05	0.308	0.125	1.491	0.111	0.131	0.474	0.462	0.526	0.538	30
310	5673	53.12	30.71	200	0.047	0.309	0.128	1.496	0.125	0.143	0.507	0.494	0.493	0.506	30
311	5674	53.12	30.96	199.999	0.057	0.307	0.12	1.46	0.096	0.114	0.421	0.406	0.579	0.595	30
312	5675	53.12	31.21	200	0.056	0.305	0.118	1.465	0.094	0.112	0.42	0.401	0.58	0.599	30
313	5676	53.12	31.46	200	0.039	0.314	0.13	1.48	0.123	0.14	0.489	0.473	0.511	0.527	30
314	5677	53.12	31.71	200	0.034	0.32	0.136	1.474	0.14	0.157	0.513	0.499	0.487	0.501	30
315	5678	53.12	31.96	200	0.038	0.32	0.135	1.466	0.138	0.157	0.511	0.498	0.489	0.502	30
316	5679	53.12	32.21	199.997	0.039	0.32	0.138	1.464	0.144	0.162	0.525	0.513	0.475	0.487	30
317	5680	53.12	32.46	199.982	0.043	0.318	0.135	1.451	0.14	0.157	0.522	0.509	0.478	0.491	30
318	5681	53.12	32.71	199.998	0.049	0.317	0.13	1.444	0.133	0.15	0.505	0.491	0.495	0.509	30
319	5682	53.12	32.96	200	0.047	0.319	0.132	1.444	0.149	0.164	0.531	0.516	0.469	0.484	30
320	5683	53.12	33.21	199.999	0.039	0.323	0.137	1.429	0.172	0.187	0.58	0.568	0.42	0.432	30
321	5684	53.12	33.46	199.999	0.037	0.325	0.14	1.425	0.187	0.202	0.599	0.588	0.401	0.412	30
322	5685	53.12	33.71	199.999	0.036	0.324	0.137	1.426	0.171	0.186	0.576	0.564	0.423	0.436	30
323	5686	53.12	33.96	199.997	0.04	0.322	0.138	1.42	0.175	0.191	0.585	0.576	0.414	0.424	30
324	5687	53.12	34.21	199.998	0.047	0.315	0.13	1.418	0.151	0.166	0.521	0.51	0.479	0.49	30
325	5688	53.12	34.46	199.995	0.059	0.312	0.123	1.429	0.127	0.142	0.468	0.454	0.532	0.546	30
326	5689	53.12	34.71	199.993	0.061	0.316	0.126	1.427	0.142	0.158	0.52	0.505	0.48	0.495	30
327	5690	52.87	-9.29	198.823	0.177	0.336	0.143	1.332	0.169	0.18	0.553	0.547	0.447	0.453	30
328	5691	52.87	-9.04	197.097	0.185	0.337	0.146	1.33	0.202	0.21	0.552	0.544	0.448	0.456	30
329	5692	52.87	-8.79	196.296	0.193	0.332	0.143	1.33	0.195	0.202	0.538	0.531	0.462	0.469	30
330	5693	52.87	-8.54	196.692	0.209	0.326	0.138	1.34	0.178	0.186	0.524	0.523	0.476	0.477	30
331	5694	52.87	-8.29	196.116	0.21	0.327	0.141	1.343	0.186	0.194	0.536	0.535	0.463	0.465	30
332	5695	52.87	-8.04	195.124	0.21	0.331	0.146	1.357	0.195	0.204	0.555	0.554	0.445	0.446	30
333	5696	52.87	-7.79	193.651	0.204	0.334	0.147	1.33	0.197	0.207	0.544	0.542	0.456	0.458	30
334	5697	52.87	-7.54	193.892	0.201	0.333	0.148	1.337	0.2	0.21	0.545	0.543	0.455	0.457	30
335	5698	52.87	-7.29	195.816	0.207	0.33	0.149	1.363	0.199	0.209	0.553	0.556	0.446	0.444	30
336	5699	52.87	-7.04	197.443	0.207	0.327	0.147	1.387	0.196	0.206	0.546	0.548	0.454	0.452	30
337	5700	52.87	-6.79	199.252	0.207	0.323	0.143	1.403	0.185	0.195	0.526	0.531	0.474	0.469	30
338	5701	52.87	-6.54	198.297	0.233	0.324	0.137	1.333	0.172	0.18	0.517	0.522	0.483	0.478	30
339	5702	52.87	-6.29	196.74	0.233	0.329	0.139	1.342	0.177	0.185	0.527	0.53	0.472	0.469	30
340	5703	52.87	-4.54	197.522	0.165	0.336	0.149	1.367	0.189	0.202	0.543	0.545	0.457	0.455	30
341	5704	52.87	-4.04	197.662	0.207	0.334	0.139	1.28	0.17	0.171	0.504	0.499	0.496	0.501	30
342	5705	52.87	-3.79	196.995	0.224	0.334	0.137	1.252	0.169	0.172	0.506	0.506	0.494	0.494	30
343	5706	52.87	-3.54	196.357	0.226	0.337	0.142	1.271	0.185	0.191	0.547	0.549	0.453	0.451	30
344	5707	52.87	-3.29	195.013	0.22	0.337	0.152	1.318	0.208	0.218	0.594	0.595	0.406	0.405	30
345	5708	52.87	-3.04	197.182	0.188	0.329	0.154	1.402	0.215	0.224	0.597	0.594	0.403	0.406	30
346	5709	52.87	-2.79	199.627	0.159	0.323	0.151	1.431	0.211	0.217	0.556	0.55	0.444	0.45	30
347	5710	52.87	-2.54	199.67	0.154	0.32	0.15	1.432	0.208	0.215	0.535	0.53	0.465	0.47	30
348	5711	52.87	-2.29	199.805	0.161	0.32	0.152	1.428	0.213	0.22	0.569	0.566	0.431	0.434	30
349	5712	52.87	-2.04	199.608	0.168	0.326	0.157	1.42	0.222	0.232	0.603	0.602	0.397	0.397	30
350	5713	52.87	-1.79	199.459	0.165	0.327	0.162	1.426	0.232	0.244	0.619	0.618	0.381	0.382	30
351	5714	52.87	-1.54	199.824	0.159	0.32	0.16	1.448	0.227	0.239	0.613	0.607	0.387	0.393	30
352	5715	52.87	-1.29	199.902	0.156	0.316	0.159	1.46	0.231	0.243	0.601	0.59	0.399	0.41	30
353	5716	52.87	-1.04	199.963	0.16	0.323	0.17	1.463	0.256	0.271	0.621	0.61	0.379	0.39	30
354	5717	52.87	-0.789999999999999	199.994	0.164	0.327	0.177	1.46	0.276	0.289	0.647	0.636	0.353	0.364	30
355	5718	52.87	-0.539999999999999	199.999	0.163	0.327	0.178	1.451	0.278	0.29	0.651	0.638	0.35	0.362	30
356	5719	52.87	-0.289999999999999	200	0.131	0.329	0.165	1.407	0.269	0.268	0.603	0.575	0.397	0.425	30
357	5720	52.87	-0.0399999999999991	200	0.103	0.323	0.152	1.417	0.235	0.228	0.578	0.537	0.422	0.463	30
358	5721	52.87	0.210000000000001	199.999	0.114	0.324	0.156	1.424	0.244	0.241	0.585	0.553	0.415	0.447	30
359	5722	52.87	0.460000000000001	199.992	0.12	0.311	0.149	1.469	0.2	0.209	0.552	0.532	0.447	0.468	30
360	5723	52.87	0.710000000000001	199.995	0.133	0.313	0.154	1.466	0.206	0.224	0.572	0.559	0.428	0.441	30
361	5724	52.87	4.96	199.908	0.059	0.311	0.138	1.487	0.21	0.191	0.499	0.465	0.501	0.535	30
362	5725	52.87	5.46	199.966	0.077	0.347	0.158	1.402	0.248	0.234	0.595	0.57	0.405	0.43	30
363	5726	52.87	5.71	199.998	0.073	0.339	0.148	1.405	0.228	0.215	0.557	0.529	0.443	0.471	30
364	5727	52.87	5.96	199.998	0.066	0.324	0.135	1.377	0.191	0.181	0.453	0.428	0.547	0.572	30
365	5728	52.87	6.21	199.999	0.061	0.286	0.113	1.394	0.108	0.109	0.275	0.258	0.725	0.741	30
366	5729	52.87	6.46	200	0.06	0.268	0.103	1.418	0.069	0.078	0.195	0.186	0.805	0.814	30
367	5730	52.87	6.71	200	0.058	0.265	0.1	1.428	0.062	0.069	0.183	0.176	0.817	0.824	30
368	5731	52.87	6.96	200	0.056	0.271	0.102	1.413	0.064	0.066	0.195	0.186	0.804	0.814	30
369	5732	52.87	7.21	200	0.06	0.264	0.1	1.407	0.057	0.06	0.179	0.172	0.821	0.828	30
370	5733	52.87	7.46	200	0.072	0.258	0.098	1.422	0.055	0.064	0.184	0.182	0.816	0.818	30
371	5734	52.87	7.71	200	0.078	0.256	0.097	1.417	0.052	0.064	0.187	0.191	0.812	0.808	30
372	5735	52.87	7.96	200	0.079	0.255	0.098	1.417	0.054	0.066	0.195	0.2	0.804	0.799	30
373	5736	52.87	8.21	200	0.082	0.255	0.1	1.447	0.066	0.079	0.238	0.24	0.762	0.76	30
374	5737	52.87	8.46	200	0.084	0.263	0.106	1.469	0.08	0.094	0.273	0.275	0.726	0.725	30
375	5738	52.87	8.71	200	0.082	0.273	0.112	1.483	0.099	0.113	0.332	0.331	0.667	0.669	30
376	5739	52.87	8.96	200	0.082	0.283	0.12	1.485	0.12	0.132	0.396	0.391	0.604	0.609	30
377	5740	52.87	9.21	200	0.079	0.273	0.114	1.489	0.108	0.12	0.353	0.35	0.647	0.65	30
378	5741	52.87	9.46	200	0.084	0.257	0.103	1.491	0.078	0.092	0.277	0.278	0.723	0.721	30
379	5742	52.87	9.71	199.999	0.095	0.253	0.099	1.496	0.068	0.084	0.27	0.273	0.729	0.726	30
380	5743	52.87	9.96	199.999	0.098	0.247	0.094	1.496	0.056	0.073	0.24	0.244	0.759	0.755	30
381	5744	52.87	10.21	199.977	0.104	0.245	0.093	1.483	0.054	0.071	0.233	0.237	0.765	0.762	30
382	5745	52.87	10.46	199.865	0.107	0.253	0.098	1.491	0.07	0.088	0.295	0.298	0.704	0.702	30
383	5746	52.87	10.71	199.972	0.096	0.259	0.104	1.5	0.082	0.099	0.33	0.335	0.669	0.665	30
384	5747	52.87	10.96	199.999	0.091	0.263	0.106	1.503	0.091	0.107	0.342	0.348	0.658	0.651	30
385	5748	52.87	11.21	200	0.071	0.263	0.107	1.493	0.091	0.105	0.298	0.307	0.702	0.693	30
386	5749	52.87	11.46	200	0.068	0.258	0.104	1.487	0.079	0.094	0.255	0.265	0.745	0.735	30
387	5750	52.87	11.71	199.999	0.063	0.264	0.11	1.486	0.095	0.108	0.288	0.295	0.712	0.705	30
388	5751	52.87	11.96	199.998	0.063	0.265	0.111	1.48	0.098	0.11	0.286	0.292	0.713	0.708	30
389	5752	52.87	12.21	200	0.067	0.259	0.107	1.48	0.085	0.098	0.254	0.262	0.746	0.737	30
390	5753	52.87	12.46	200	0.07	0.258	0.106	1.484	0.079	0.093	0.244	0.253	0.755	0.747	30
391	5754	52.87	12.71	200	0.072	0.263	0.108	1.482	0.081	0.095	0.265	0.273	0.734	0.727	30
392	5755	52.87	12.96	200	0.074	0.255	0.104	1.483	0.071	0.085	0.233	0.24	0.766	0.76	30
393	5756	52.87	13.21	200	0.076	0.248	0.101	1.497	0.07	0.084	0.231	0.237	0.768	0.763	30
394	5757	52.87	13.46	200	0.084	0.242	0.096	1.491	0.058	0.07	0.193	0.196	0.806	0.803	30
395	5758	52.87	13.71	199.998	0.099	0.247	0.098	1.486	0.066	0.079	0.228	0.23	0.771	0.77	30
396	5759	52.87	13.96	199.998	0.099	0.264	0.109	1.5	0.108	0.119	0.344	0.344	0.656	0.655	30
397	5760	52.87	14.21	200	0.088	0.274	0.118	1.495	0.134	0.14	0.382	0.379	0.618	0.621	30
398	5761	52.87	14.46	199.999	0.087	0.258	0.108	1.517	0.099	0.113	0.304	0.309	0.696	0.691	30
399	5762	52.87	14.71	200	0.086	0.251	0.104	1.522	0.09	0.105	0.282	0.29	0.718	0.71	30
400	5763	52.87	14.96	200	0.083	0.253	0.103	1.517	0.085	0.101	0.272	0.279	0.727	0.72	30
401	5764	52.87	15.21	200	0.088	0.252	0.102	1.499	0.076	0.089	0.251	0.256	0.748	0.743	30
402	5765	52.87	15.46	199.999	0.085	0.253	0.104	1.5	0.079	0.093	0.259	0.266	0.741	0.734	30
403	5766	52.87	15.71	200	0.088	0.253	0.102	1.491	0.076	0.088	0.242	0.247	0.758	0.752	30
404	5767	52.87	15.96	199.998	0.09	0.24	0.094	1.48	0.052	0.063	0.166	0.17	0.833	0.828	30
405	5768	52.87	16.21	199.998	0.084	0.239	0.094	1.488	0.046	0.058	0.151	0.156	0.848	0.842	30
406	5769	52.87	16.46	199.998	0.076	0.244	0.099	1.507	0.066	0.081	0.21	0.218	0.789	0.781	30
407	5770	52.87	16.71	200	0.068	0.243	0.1	1.527	0.073	0.09	0.239	0.248	0.76	0.751	30
408	5771	52.87	16.96	200	0.066	0.244	0.101	1.537	0.077	0.096	0.255	0.264	0.744	0.735	30
409	5772	52.87	17.21	200	0.062	0.246	0.103	1.56	0.084	0.104	0.289	0.3	0.71	0.7	30
410	5773	52.87	17.46	200	0.059	0.248	0.106	1.575	0.089	0.111	0.325	0.336	0.675	0.663	30
411	5774	52.87	17.71	200	0.062	0.247	0.104	1.566	0.083	0.104	0.31	0.32	0.69	0.679	30
412	5775	52.87	17.96	199.994	0.064	0.245	0.102	1.559	0.085	0.104	0.3	0.309	0.699	0.69	30
413	5776	52.87	18.21	199.969	0.061	0.252	0.107	1.548	0.098	0.116	0.305	0.313	0.694	0.687	30
414	5777	52.87	18.46	199.988	0.063	0.251	0.105	1.529	0.087	0.103	0.27	0.276	0.73	0.724	30
415	5778	52.87	18.71	200	0.062	0.247	0.104	1.54	0.089	0.105	0.285	0.291	0.715	0.708	30
416	5779	52.87	18.96	200	0.063	0.243	0.102	1.548	0.086	0.104	0.287	0.295	0.713	0.705	30
417	5780	52.87	19.21	200	0.055	0.244	0.102	1.555	0.088	0.107	0.302	0.312	0.697	0.688	30
418	5781	52.87	19.46	200	0.053	0.249	0.1	1.542	0.073	0.09	0.25	0.26	0.749	0.74	30
419	5782	52.87	19.71	200	0.049	0.258	0.104	1.531	0.076	0.093	0.274	0.283	0.726	0.717	30
420	5783	52.87	19.96	200	0.048	0.263	0.107	1.522	0.081	0.098	0.284	0.294	0.715	0.706	30
421	5784	52.87	20.21	200	0.05	0.257	0.105	1.527	0.082	0.099	0.276	0.286	0.723	0.714	30
422	5785	52.87	20.46	200	0.056	0.257	0.104	1.521	0.084	0.101	0.282	0.291	0.717	0.708	30
423	5786	52.87	20.71	200	0.056	0.273	0.113	1.514	0.107	0.125	0.356	0.365	0.644	0.634	30
424	5787	52.87	20.96	200	0.054	0.27	0.11	1.508	0.099	0.117	0.34	0.348	0.66	0.652	30
425	5788	52.87	21.21	200	0.054	0.259	0.103	1.508	0.071	0.087	0.253	0.261	0.746	0.738	30
426	5789	52.87	21.46	200	0.053	0.252	0.1	1.507	0.063	0.078	0.218	0.224	0.782	0.776	30
427	5790	52.87	21.71	200	0.053	0.249	0.099	1.521	0.068	0.083	0.234	0.24	0.765	0.759	30
428	5791	52.87	21.96	199.994	0.054	0.249	0.099	1.527	0.072	0.088	0.261	0.266	0.738	0.733	30
429	5792	52.87	22.21	199.998	0.049	0.25	0.102	1.54	0.081	0.099	0.314	0.319	0.686	0.68	30
430	5793	52.87	22.46	200	0.046	0.252	0.103	1.538	0.081	0.097	0.323	0.327	0.676	0.673	30
431	5794	52.87	22.71	200	0.048	0.255	0.104	1.529	0.08	0.095	0.318	0.319	0.682	0.68	30
432	5795	52.87	22.96	200	0.049	0.261	0.104	1.517	0.079	0.093	0.303	0.305	0.697	0.695	30
433	5796	52.87	23.21	199.998	0.045	0.257	0.102	1.532	0.077	0.09	0.29	0.291	0.71	0.709	30
434	5797	52.87	23.46	199.975	0.049	0.256	0.101	1.526	0.078	0.09	0.291	0.289	0.708	0.711	30
435	5798	52.87	23.71	199.909	0.06	0.26	0.099	1.482	0.067	0.08	0.255	0.251	0.744	0.749	30
436	5799	52.87	23.96	199.644	0.069	0.271	0.104	1.479	0.076	0.09	0.297	0.295	0.702	0.705	30
437	5800	52.87	24.21	199.266	0.074	0.281	0.11	1.492	0.091	0.105	0.362	0.358	0.637	0.642	30
438	5801	52.87	24.46	199.931	0.07	0.278	0.111	1.512	0.099	0.113	0.392	0.386	0.607	0.613	30
439	5802	52.87	24.71	199.919	0.066	0.273	0.11	1.521	0.098	0.113	0.395	0.389	0.605	0.611	30
440	5803	52.87	24.96	199.968	0.059	0.271	0.112	1.53	0.103	0.119	0.423	0.418	0.577	0.582	30
441	5804	52.87	25.21	199.973	0.054	0.271	0.112	1.532	0.104	0.12	0.426	0.421	0.573	0.578	30
442	5805	52.87	25.46	199.972	0.066	0.276	0.109	1.506	0.09	0.108	0.373	0.368	0.627	0.631	30
443	5806	52.87	25.71	199.907	0.072	0.283	0.108	1.478	0.087	0.103	0.362	0.356	0.638	0.643	30
444	5807	52.87	25.96	199.846	0.059	0.285	0.114	1.484	0.096	0.112	0.39	0.384	0.61	0.616	30
445	5808	52.87	26.21	199.991	0.062	0.283	0.113	1.495	0.091	0.109	0.396	0.389	0.604	0.611	30
446	5809	52.87	26.46	199.999	0.067	0.278	0.113	1.512	0.097	0.115	0.435	0.431	0.564	0.569	30
447	5810	52.87	26.71	199.985	0.066	0.282	0.116	1.513	0.099	0.119	0.453	0.449	0.547	0.551	30
448	5811	52.87	26.96	199.988	0.062	0.286	0.116	1.506	0.095	0.112	0.425	0.419	0.575	0.581	30
449	5812	52.87	27.21	199.999	0.056	0.286	0.118	1.517	0.103	0.116	0.438	0.432	0.562	0.568	30
450	5813	52.87	27.46	199.994	0.053	0.286	0.12	1.527	0.105	0.117	0.444	0.439	0.555	0.561	30
451	5814	52.87	27.71	199.998	0.047	0.28	0.117	1.52	0.096	0.108	0.402	0.398	0.598	0.602	30
452	5815	52.87	27.96	199.998	0.05	0.275	0.111	1.499	0.083	0.095	0.343	0.337	0.656	0.662	30
453	5816	52.87	28.21	200	0.056	0.272	0.107	1.49	0.072	0.086	0.305	0.298	0.695	0.702	30
454	5817	52.87	28.46	200	0.058	0.27	0.106	1.489	0.07	0.083	0.302	0.294	0.697	0.706	30
455	5818	52.87	28.71	200	0.059	0.271	0.105	1.48	0.064	0.078	0.292	0.283	0.707	0.716	30
456	5819	52.87	28.96	200	0.063	0.271	0.103	1.473	0.06	0.074	0.275	0.265	0.724	0.734	30
457	5820	52.87	29.21	200	0.062	0.274	0.104	1.478	0.063	0.077	0.283	0.274	0.716	0.726	30
458	5821	52.87	29.46	200	0.055	0.282	0.11	1.493	0.075	0.088	0.328	0.319	0.671	0.68	30
459	5822	52.87	29.71	200	0.051	0.289	0.115	1.513	0.093	0.106	0.384	0.376	0.615	0.623	30
460	5823	52.87	29.96	200	0.047	0.296	0.12	1.5	0.106	0.12	0.423	0.416	0.577	0.584	30
461	5824	52.87	30.21	200	0.05	0.3	0.12	1.486	0.105	0.119	0.428	0.418	0.572	0.582	30
462	5825	52.87	30.46	200	0.045	0.304	0.127	1.515	0.127	0.144	0.5	0.487	0.5	0.513	30
463	5826	52.87	30.71	200	0.048	0.304	0.127	1.51	0.12	0.138	0.487	0.473	0.513	0.527	30
464	5827	52.87	30.96	200	0.054	0.307	0.123	1.464	0.103	0.12	0.442	0.427	0.558	0.573	30
465	5828	52.87	31.21	199.998	0.057	0.299	0.116	1.481	0.088	0.103	0.392	0.375	0.608	0.625	30
466	5829	52.87	31.46	199.998	0.045	0.304	0.125	1.497	0.113	0.127	0.453	0.439	0.547	0.561	30
467	5830	52.87	31.71	200	0.038	0.314	0.131	1.486	0.128	0.143	0.498	0.486	0.502	0.514	30
468	5831	52.87	31.96	199.997	0.045	0.314	0.13	1.454	0.123	0.14	0.479	0.468	0.521	0.532	30
469	5832	52.87	32.21	199.99	0.048	0.314	0.131	1.461	0.121	0.138	0.465	0.453	0.535	0.546	30
470	5833	52.87	32.46	199.98	0.047	0.314	0.129	1.46	0.121	0.139	0.473	0.462	0.527	0.538	30
471	5834	52.87	32.71	199.997	0.05	0.316	0.13	1.454	0.136	0.154	0.519	0.508	0.481	0.492	30
472	5835	52.87	32.96	199.999	0.047	0.315	0.132	1.457	0.154	0.173	0.564	0.552	0.436	0.448	30
473	5836	52.87	33.21	199.999	0.038	0.314	0.135	1.467	0.173	0.191	0.601	0.592	0.399	0.408	30
474	5837	52.87	33.46	200	0.037	0.317	0.134	1.461	0.171	0.188	0.572	0.561	0.427	0.439	30
475	5838	52.87	33.71	200	0.041	0.319	0.131	1.451	0.153	0.172	0.546	0.533	0.454	0.467	30
476	5839	52.87	33.96	200	0.047	0.314	0.128	1.441	0.139	0.156	0.516	0.504	0.484	0.496	30
477	5840	52.87	34.21	199.997	0.056	0.306	0.12	1.448	0.117	0.136	0.463	0.448	0.537	0.552	30
478	5841	52.87	34.46	199.992	0.062	0.31	0.126	1.445	0.131	0.15	0.502	0.488	0.498	0.512	30
479	5842	52.87	34.71	199.992	0.05	0.319	0.138	1.436	0.177	0.195	0.613	0.605	0.387	0.395	30
480	5843	52.62	-9.54	198.297	0.161	0.336	0.145	1.326	0.173	0.182	0.531	0.525	0.468	0.475	30
481	5844	52.62	-9.29	199.206	0.19	0.336	0.145	1.332	0.176	0.186	0.547	0.545	0.453	0.455	30
482	5845	52.62	-9.04	196.509	0.19	0.336	0.147	1.342	0.195	0.202	0.545	0.542	0.455	0.458	30
483	5846	52.62	-8.79	196.277	0.188	0.335	0.15	1.343	0.213	0.219	0.55	0.544	0.45	0.456	30
484	5847	52.62	-8.54	196.413	0.194	0.333	0.152	1.367	0.206	0.213	0.558	0.559	0.442	0.441	30
485	5848	52.62	-8.29	196.905	0.212	0.33	0.146	1.348	0.195	0.202	0.557	0.56	0.442	0.44	30
486	5849	52.62	-8.04	194.879	0.218	0.33	0.145	1.351	0.197	0.205	0.561	0.561	0.439	0.439	30
487	5850	52.62	-7.79	193.041	0.204	0.334	0.149	1.348	0.203	0.213	0.56	0.556	0.44	0.444	30
488	5851	52.62	-7.54	195.255	0.206	0.334	0.151	1.356	0.204	0.215	0.566	0.568	0.434	0.432	30
489	5852	52.62	-7.29	196.485	0.201	0.332	0.151	1.38	0.205	0.216	0.568	0.57	0.432	0.43	30
490	5853	52.62	-7.04	197.911	0.212	0.327	0.147	1.384	0.196	0.206	0.547	0.551	0.452	0.449	30
491	5854	52.62	-6.79	199.062	0.218	0.324	0.142	1.383	0.181	0.19	0.528	0.534	0.471	0.466	30
492	5855	52.62	-6.54	199.507	0.208	0.325	0.146	1.399	0.19	0.2	0.552	0.557	0.448	0.443	30
493	5856	52.62	-6.29	198.583	0.213	0.326	0.142	1.372	0.184	0.193	0.537	0.54	0.463	0.46	30
494	5857	52.62	-4.04	197.51	0.202	0.335	0.144	1.298	0.182	0.184	0.531	0.524	0.469	0.476	30
495	5858	52.62	-3.79	197.128	0.228	0.333	0.137	1.266	0.174	0.177	0.532	0.53	0.468	0.47	30
496	5859	52.62	-3.54	197.936	0.217	0.336	0.143	1.291	0.183	0.188	0.568	0.569	0.432	0.431	30
497	5860	52.62	-3.29	198.787	0.21	0.337	0.155	1.354	0.212	0.22	0.62	0.623	0.38	0.377	30
498	5861	52.62	-3.04	199.077	0.199	0.331	0.156	1.39	0.216	0.225	0.621	0.62	0.379	0.38	30
499	5862	52.62	-2.79	199.416	0.186	0.324	0.154	1.419	0.213	0.222	0.594	0.591	0.406	0.409	30
500	5863	52.62	-2.54	199.474	0.177	0.322	0.156	1.437	0.215	0.226	0.585	0.58	0.415	0.42	30
501	5864	52.62	-2.29	199.707	0.162	0.316	0.154	1.45	0.215	0.226	0.567	0.561	0.432	0.439	30
502	5865	52.62	-2.04	199.655	0.156	0.315	0.152	1.454	0.212	0.225	0.583	0.573	0.417	0.427	30
503	5866	52.62	-1.79	199.815	0.16	0.319	0.159	1.453	0.229	0.243	0.602	0.592	0.398	0.408	30
504	5867	52.62	-1.54	199.938	0.161	0.319	0.164	1.455	0.237	0.251	0.619	0.61	0.381	0.39	30
505	5868	52.62	-1.29	199.938	0.162	0.32	0.167	1.454	0.247	0.263	0.64	0.632	0.36	0.368	30
506	5869	52.62	-1.04	199.942	0.165	0.327	0.179	1.458	0.268	0.285	0.665	0.659	0.335	0.341	30
507	5870	52.62	-0.789999999999999	199.981	0.171	0.332	0.183	1.45	0.277	0.293	0.667	0.661	0.333	0.339	30
508	5871	52.62	-0.539999999999999	199.996	0.17	0.331	0.18	1.445	0.28	0.295	0.648	0.636	0.352	0.364	30
509	5872	52.62	-0.289999999999999	200	0.14	0.333	0.168	1.407	0.283	0.284	0.617	0.591	0.383	0.409	30
510	5873	52.62	-0.0399999999999991	200	0.117	0.343	0.166	1.365	0.295	0.283	0.626	0.59	0.374	0.41	30
511	5874	52.62	0.210000000000001	200	0.106	0.333	0.16	1.395	0.273	0.258	0.608	0.566	0.392	0.434	30
512	5875	52.62	0.460000000000001	199.999	0.11	0.314	0.149	1.446	0.225	0.226	0.53	0.506	0.47	0.494	30
513	5876	52.62	0.710000000000001	199.995	0.136	0.306	0.149	1.468	0.201	0.222	0.514	0.506	0.486	0.494	30
514	5877	52.62	0.960000000000001	200	0.135	0.314	0.157	1.465	0.217	0.242	0.544	0.537	0.456	0.463	30
515	5878	52.62	1.21	200	0.12	0.309	0.15	1.463	0.202	0.22	0.501	0.491	0.499	0.509	30
516	5879	52.62	1.46	200	0.102	0.312	0.146	1.449	0.198	0.205	0.492	0.474	0.508	0.526	30
517	5880	52.62	1.71	200	0.099	0.325	0.151	1.45	0.21	0.207	0.534	0.508	0.466	0.492	30
518	5881	52.62	4.96	199.953	0.056	0.321	0.143	1.463	0.227	0.212	0.526	0.493	0.474	0.507	30
519	5882	52.62	5.46	199.987	0.074	0.324	0.139	1.425	0.2	0.187	0.517	0.486	0.483	0.514	30
520	5883	52.62	5.71	199.984	0.074	0.326	0.136	1.431	0.199	0.18	0.565	0.525	0.435	0.475	30
521	5884	52.62	5.96	199.992	0.069	0.321	0.135	1.396	0.201	0.189	0.486	0.456	0.514	0.544	30
522	5885	52.62	6.21	199.998	0.058	0.29	0.119	1.417	0.146	0.141	0.338	0.313	0.662	0.686	30
523	5886	52.62	6.46	200	0.054	0.261	0.101	1.44	0.077	0.082	0.218	0.202	0.782	0.797	30
524	5887	52.62	6.71	200	0.053	0.256	0.098	1.434	0.061	0.067	0.192	0.181	0.807	0.818	30
525	5888	52.62	6.96	200	0.054	0.257	0.097	1.431	0.055	0.06	0.183	0.175	0.816	0.824	30
526	5889	52.62	7.21	200	0.059	0.252	0.096	1.434	0.048	0.056	0.166	0.163	0.834	0.837	30
527	5890	52.62	7.46	200	0.072	0.248	0.094	1.439	0.049	0.059	0.176	0.178	0.823	0.822	30
528	5891	52.62	7.71	199.999	0.085	0.255	0.096	1.447	0.062	0.076	0.249	0.252	0.75	0.748	30
529	5892	52.62	7.96	200	0.085	0.261	0.101	1.435	0.076	0.09	0.288	0.289	0.711	0.71	30
530	5893	52.62	8.21	199.999	0.084	0.268	0.103	1.44	0.08	0.093	0.311	0.312	0.689	0.688	30
531	5894	52.62	8.46	199.999	0.076	0.271	0.107	1.453	0.083	0.096	0.298	0.299	0.702	0.7	30
532	5895	52.62	8.71	200	0.076	0.269	0.107	1.47	0.084	0.097	0.296	0.298	0.703	0.702	30
533	5896	52.62	8.96	200	0.082	0.274	0.113	1.496	0.106	0.12	0.372	0.369	0.628	0.631	30
534	5897	52.62	9.21	199.999	0.085	0.272	0.114	1.502	0.111	0.124	0.385	0.38	0.615	0.62	30
535	5898	52.62	9.46	199.997	0.086	0.27	0.112	1.497	0.107	0.121	0.369	0.366	0.631	0.634	30
536	5899	52.62	9.71	199.982	0.088	0.26	0.107	1.488	0.093	0.106	0.311	0.311	0.689	0.689	30
537	5900	52.62	9.96	199.994	0.088	0.249	0.1	1.49	0.074	0.088	0.262	0.263	0.738	0.737	30
538	5901	52.62	10.21	199.993	0.087	0.251	0.1	1.495	0.079	0.093	0.3	0.3	0.699	0.699	30
539	5902	52.62	10.46	199.956	0.09	0.257	0.101	1.493	0.079	0.094	0.314	0.314	0.686	0.686	30
540	5903	52.62	10.71	199.994	0.097	0.263	0.104	1.498	0.086	0.102	0.357	0.36	0.643	0.64	30
541	5904	52.62	10.96	200	0.094	0.27	0.11	1.503	0.1	0.116	0.387	0.392	0.612	0.608	30
542	5905	52.62	11.21	200	0.088	0.265	0.107	1.498	0.095	0.111	0.337	0.344	0.663	0.655	30
543	5906	52.62	11.46	199.999	0.078	0.258	0.104	1.49	0.087	0.103	0.297	0.305	0.703	0.695	30
544	5907	52.62	11.71	199.999	0.068	0.259	0.106	1.496	0.094	0.11	0.313	0.321	0.687	0.679	30
545	5908	52.62	11.96	199.997	0.061	0.258	0.108	1.489	0.094	0.108	0.287	0.293	0.713	0.707	30
546	5909	52.62	12.21	199.99	0.071	0.252	0.103	1.482	0.078	0.091	0.228	0.234	0.772	0.766	30
547	5910	52.62	12.46	199.996	0.074	0.252	0.103	1.482	0.08	0.093	0.237	0.244	0.762	0.756	30
548	5911	52.62	12.71	199.997	0.067	0.263	0.109	1.482	0.091	0.105	0.284	0.291	0.715	0.708	30
549	5912	52.62	12.96	199.996	0.069	0.259	0.107	1.485	0.085	0.099	0.266	0.272	0.734	0.728	30
550	5913	52.62	13.21	199.998	0.078	0.25	0.105	1.491	0.084	0.095	0.249	0.25	0.751	0.75	30
551	5914	52.62	13.46	200	0.082	0.253	0.11	1.492	0.097	0.107	0.275	0.277	0.724	0.723	30
552	5915	52.62	13.71	199.999	0.09	0.249	0.104	1.5	0.084	0.098	0.269	0.276	0.731	0.724	30
553	5916	52.62	13.96	199.996	0.1	0.248	0.102	1.5	0.085	0.098	0.286	0.292	0.713	0.707	30
554	5917	52.62	14.21	199.999	0.085	0.269	0.116	1.486	0.128	0.136	0.36	0.36	0.639	0.64	30
555	5918	52.62	14.46	199.999	0.072	0.276	0.122	1.479	0.138	0.147	0.366	0.367	0.634	0.633	30
556	5919	52.62	14.71	199.992	0.08	0.262	0.11	1.491	0.108	0.12	0.309	0.312	0.691	0.688	30
557	5920	52.62	14.96	199.996	0.084	0.252	0.102	1.496	0.089	0.101	0.274	0.277	0.725	0.723	30
558	5921	52.62	15.21	200	0.084	0.25	0.101	1.497	0.078	0.091	0.258	0.261	0.741	0.738	30
559	5922	52.62	15.46	199.999	0.082	0.245	0.099	1.5	0.068	0.08	0.225	0.23	0.774	0.769	30
560	5923	52.62	15.71	200	0.082	0.242	0.097	1.504	0.062	0.075	0.198	0.205	0.801	0.794	30
561	5924	52.62	15.96	199.999	0.087	0.238	0.096	1.506	0.061	0.075	0.2	0.206	0.799	0.792	30
562	5925	52.62	16.21	199.999	0.079	0.242	0.1	1.522	0.076	0.093	0.245	0.253	0.754	0.746	30
563	5926	52.62	16.46	200	0.068	0.239	0.101	1.534	0.085	0.103	0.27	0.279	0.73	0.72	30
564	5927	52.62	16.71	200	0.063	0.237	0.101	1.544	0.087	0.105	0.275	0.285	0.724	0.715	30
565	5928	52.62	16.96	200	0.068	0.238	0.101	1.542	0.084	0.1	0.27	0.276	0.729	0.723	30
566	5929	52.62	17.21	200	0.061	0.236	0.099	1.553	0.081	0.1	0.271	0.28	0.728	0.72	30
567	5930	52.62	17.46	200	0.056	0.24	0.103	1.572	0.089	0.111	0.31	0.322	0.69	0.677	30
568	5931	52.62	17.71	200	0.064	0.237	0.1	1.559	0.083	0.104	0.291	0.303	0.708	0.696	30
569	5932	52.62	17.96	200	0.067	0.241	0.103	1.567	0.095	0.116	0.336	0.347	0.663	0.652	30
570	5933	52.62	18.21	200	0.061	0.247	0.107	1.564	0.107	0.127	0.346	0.356	0.654	0.643	30
571	5934	52.62	18.46	200	0.054	0.244	0.106	1.549	0.1	0.119	0.318	0.33	0.682	0.669	30
572	5935	52.62	18.71	200	0.054	0.242	0.105	1.55	0.101	0.123	0.333	0.347	0.666	0.652	30
573	5936	52.62	18.96	199.997	0.059	0.239	0.102	1.546	0.091	0.111	0.306	0.317	0.694	0.683	30
574	5937	52.62	19.21	199.997	0.062	0.243	0.101	1.533	0.082	0.1	0.282	0.291	0.717	0.709	30
575	5938	52.62	19.46	199.999	0.064	0.248	0.102	1.537	0.081	0.099	0.288	0.295	0.712	0.705	30
576	5939	52.62	19.71	200	0.06	0.258	0.109	1.549	0.09	0.107	0.338	0.343	0.662	0.657	30
577	5940	52.62	19.96	200	0.056	0.261	0.109	1.551	0.086	0.104	0.336	0.343	0.663	0.657	30
578	5941	52.62	20.21	200	0.052	0.26	0.108	1.548	0.087	0.106	0.326	0.334	0.674	0.666	30
579	5942	52.62	20.46	200	0.051	0.247	0.101	1.545	0.077	0.095	0.278	0.289	0.721	0.711	30
580	5943	52.62	20.71	200	0.053	0.253	0.103	1.529	0.082	0.1	0.281	0.292	0.719	0.708	30
581	5944	52.62	20.96	200	0.056	0.261	0.106	1.511	0.092	0.111	0.307	0.317	0.692	0.683	30
582	5945	52.62	21.21	200	0.056	0.256	0.103	1.515	0.079	0.095	0.27	0.278	0.729	0.722	30
583	5946	52.62	21.46	199.999	0.055	0.25	0.1	1.516	0.065	0.079	0.229	0.234	0.77	0.766	30
584	5947	52.62	21.71	200	0.056	0.251	0.098	1.515	0.063	0.075	0.209	0.211	0.791	0.788	30
585	5948	52.62	21.96	200	0.052	0.247	0.098	1.528	0.067	0.081	0.226	0.229	0.774	0.77	30
586	5949	52.62	22.21	200	0.047	0.244	0.099	1.544	0.071	0.087	0.264	0.268	0.736	0.732	30
587	5950	52.62	22.46	200	0.044	0.244	0.099	1.547	0.071	0.087	0.286	0.288	0.714	0.711	30
588	5951	52.62	22.71	200	0.046	0.246	0.1	1.539	0.074	0.09	0.299	0.301	0.701	0.699	30
589	5952	52.62	22.96	199.998	0.049	0.25	0.1	1.517	0.072	0.087	0.284	0.286	0.715	0.714	30
590	5953	52.62	23.21	199.992	0.047	0.252	0.1	1.519	0.072	0.086	0.276	0.278	0.724	0.723	30
591	5954	52.62	23.46	199.863	0.053	0.253	0.101	1.52	0.073	0.087	0.297	0.295	0.703	0.705	30
592	5955	52.62	23.71	199.478	0.066	0.265	0.102	1.481	0.072	0.084	0.3	0.294	0.699	0.705	30
593	5956	52.62	23.96	199.013	0.077	0.272	0.103	1.47	0.079	0.093	0.32	0.316	0.679	0.684	30
594	5957	52.62	24.21	199.743	0.062	0.272	0.108	1.509	0.091	0.106	0.36	0.355	0.64	0.645	30
595	5958	52.62	24.46	199.979	0.054	0.272	0.113	1.526	0.103	0.118	0.407	0.403	0.592	0.597	30
596	5959	52.62	24.71	199.943	0.056	0.268	0.11	1.516	0.095	0.109	0.377	0.372	0.623	0.628	30
597	5960	52.62	24.96	199.969	0.054	0.267	0.108	1.508	0.089	0.101	0.348	0.341	0.651	0.659	30
598	5961	52.62	25.21	199.985	0.051	0.274	0.111	1.499	0.099	0.111	0.36	0.352	0.64	0.648	30
599	5962	52.62	25.46	199.982	0.05	0.282	0.114	1.493	0.1	0.114	0.353	0.347	0.646	0.653	30
600	5963	52.62	25.71	199.912	0.059	0.284	0.112	1.475	0.091	0.107	0.333	0.327	0.666	0.673	30
601	5964	52.62	25.96	199.83	0.056	0.289	0.114	1.471	0.09	0.108	0.34	0.334	0.66	0.666	30
602	5965	52.62	26.21	199.985	0.055	0.279	0.111	1.487	0.085	0.1	0.333	0.327	0.666	0.673	30
603	5966	52.62	26.46	199.998	0.057	0.271	0.106	1.498	0.077	0.093	0.328	0.32	0.671	0.68	30
604	5967	52.62	26.71	199.99	0.054	0.282	0.111	1.478	0.084	0.1	0.343	0.334	0.657	0.666	30
605	5968	52.62	26.96	199.993	0.053	0.283	0.111	1.477	0.086	0.099	0.33	0.321	0.67	0.679	30
606	5969	52.62	27.21	199.999	0.048	0.284	0.113	1.48	0.096	0.106	0.343	0.333	0.658	0.667	30
607	5970	52.62	27.46	199.997	0.05	0.275	0.109	1.502	0.081	0.093	0.326	0.318	0.674	0.682	30
608	5971	52.62	27.71	199.994	0.048	0.279	0.11	1.493	0.08	0.092	0.326	0.318	0.674	0.683	30
609	5972	52.62	27.96	199.992	0.045	0.281	0.113	1.493	0.089	0.1	0.341	0.333	0.659	0.668	30
610	5973	52.62	28.21	200	0.046	0.278	0.111	1.494	0.091	0.102	0.34	0.332	0.66	0.668	30
611	5974	52.62	28.46	200	0.043	0.277	0.11	1.5	0.085	0.096	0.339	0.33	0.66	0.67	30
612	5975	52.62	28.71	200	0.052	0.272	0.105	1.483	0.069	0.081	0.307	0.295	0.693	0.705	30
613	5976	52.62	28.96	200	0.056	0.263	0.102	1.485	0.064	0.077	0.286	0.276	0.713	0.723	30
614	5977	52.62	29.21	200	0.057	0.264	0.103	1.491	0.064	0.078	0.284	0.277	0.715	0.723	30
615	5978	52.62	29.46	200	0.058	0.27	0.105	1.497	0.067	0.081	0.303	0.294	0.696	0.705	30
616	5979	52.62	29.71	199.999	0.054	0.282	0.11	1.495	0.077	0.089	0.328	0.317	0.671	0.683	30
617	5980	52.62	29.96	200	0.05	0.287	0.112	1.491	0.086	0.097	0.356	0.345	0.644	0.655	30
618	5981	52.62	30.21	200	0.051	0.296	0.116	1.464	0.097	0.109	0.388	0.377	0.612	0.623	30
619	5982	52.62	30.46	200	0.05	0.295	0.121	1.513	0.119	0.131	0.461	0.447	0.539	0.553	30
620	5983	52.62	30.71	200	0.049	0.295	0.126	1.529	0.133	0.146	0.506	0.494	0.494	0.506	30
621	5984	52.62	30.96	200	0.049	0.303	0.129	1.496	0.135	0.148	0.509	0.497	0.491	0.503	30
622	5985	52.62	31.21	199.999	0.052	0.301	0.121	1.478	0.105	0.12	0.424	0.411	0.576	0.589	30
623	5986	52.62	31.46	199.998	0.045	0.304	0.123	1.481	0.11	0.125	0.437	0.425	0.563	0.575	30
624	5987	52.62	31.71	199.999	0.046	0.305	0.125	1.484	0.119	0.134	0.463	0.453	0.537	0.547	30
625	5988	52.62	31.96	199.989	0.051	0.302	0.124	1.481	0.114	0.13	0.447	0.438	0.553	0.562	30
626	5989	52.62	32.21	199.986	0.045	0.31	0.131	1.49	0.136	0.152	0.51	0.501	0.49	0.499	30
627	5990	52.62	32.46	199.996	0.04	0.314	0.134	1.479	0.147	0.164	0.552	0.545	0.448	0.455	30
628	5991	52.62	32.71	199.999	0.044	0.311	0.132	1.47	0.154	0.171	0.578	0.569	0.422	0.431	30
629	5992	52.62	32.96	200	0.042	0.307	0.134	1.471	0.166	0.184	0.61	0.602	0.39	0.398	30
630	5993	52.62	33.21	200	0.036	0.307	0.134	1.48	0.165	0.18	0.581	0.573	0.418	0.427	30
631	5994	52.62	33.46	200	0.041	0.315	0.13	1.465	0.153	0.171	0.544	0.534	0.455	0.466	30
632	5995	52.62	33.71	200	0.046	0.317	0.13	1.445	0.154	0.172	0.552	0.541	0.448	0.459	30
633	5996	52.62	33.96	200	0.05	0.311	0.124	1.446	0.13	0.146	0.493	0.478	0.507	0.522	30
634	5997	52.62	34.21	199.999	0.064	0.305	0.116	1.454	0.105	0.125	0.443	0.425	0.557	0.575	30
635	5998	52.62	34.46	199.997	0.06	0.311	0.125	1.454	0.134	0.155	0.534	0.518	0.466	0.482	30
636	5999	52.62	34.71	199.998	0.046	0.32	0.139	1.453	0.187	0.205	0.658	0.649	0.342	0.351	30
637	6000	52.37	-9.54	197.933	0.193	0.34	0.148	1.308	0.187	0.195	0.549	0.547	0.451	0.453	30
638	6001	52.37	-9.29	198.581	0.212	0.338	0.145	1.302	0.183	0.191	0.552	0.555	0.448	0.445	30
639	6002	52.37	-9.04	196.286	0.213	0.337	0.148	1.327	0.19	0.199	0.561	0.565	0.439	0.435	30
640	6003	52.37	-8.79	196.19	0.205	0.335	0.151	1.362	0.205	0.216	0.577	0.581	0.423	0.419	30
641	6004	52.37	-8.54	196.033	0.206	0.333	0.152	1.367	0.204	0.214	0.576	0.58	0.424	0.42	30
642	6005	52.37	-8.29	195.512	0.217	0.333	0.148	1.353	0.197	0.205	0.567	0.573	0.433	0.427	30
643	6006	52.37	-8.04	193.78	0.218	0.331	0.145	1.352	0.193	0.201	0.554	0.554	0.446	0.446	30
644	6007	52.37	-7.79	195.513	0.214	0.331	0.148	1.375	0.198	0.206	0.563	0.563	0.437	0.437	30
645	6008	52.37	-7.54	197.223	0.217	0.332	0.147	1.356	0.194	0.204	0.561	0.566	0.439	0.434	30
646	6009	52.37	-7.29	198.401	0.201	0.331	0.15	1.376	0.2	0.211	0.568	0.573	0.432	0.427	30
647	6010	52.37	-7.04	199.172	0.204	0.329	0.148	1.373	0.198	0.208	0.559	0.562	0.441	0.438	30
648	6011	52.37	-6.79	199.633	0.199	0.326	0.147	1.394	0.19	0.201	0.556	0.559	0.444	0.441	30
649	6012	52.37	-6.54	199.787	0.177	0.325	0.147	1.417	0.196	0.206	0.55	0.552	0.45	0.448	30
650	6013	52.37	-4.04	199.037	0.195	0.337	0.147	1.319	0.184	0.191	0.557	0.556	0.443	0.444	30
651	6014	52.37	-3.79	194.94	0.215	0.334	0.134	1.248	0.171	0.173	0.528	0.527	0.472	0.473	30
652	6015	52.37	-3.54	196.398	0.219	0.338	0.142	1.287	0.184	0.19	0.573	0.575	0.427	0.425	30
653	6016	52.37	-3.29	199.43	0.216	0.337	0.15	1.323	0.203	0.21	0.619	0.622	0.381	0.378	30
654	6017	52.37	-3.04	199.401	0.214	0.332	0.153	1.366	0.206	0.215	0.621	0.622	0.379	0.378	30
655	6018	52.37	-2.79	199.511	0.195	0.325	0.157	1.414	0.213	0.223	0.62	0.619	0.38	0.381	30
656	6019	52.37	-2.54	199.654	0.189	0.325	0.159	1.425	0.22	0.232	0.616	0.615	0.384	0.386	30
657	6020	52.37	-2.29	199.631	0.173	0.321	0.159	1.444	0.223	0.237	0.591	0.585	0.409	0.415	30
658	6021	52.37	-2.04	199.753	0.164	0.322	0.162	1.453	0.226	0.24	0.602	0.594	0.398	0.406	30
659	6022	52.37	-1.79	199.924	0.16	0.321	0.164	1.453	0.233	0.249	0.602	0.593	0.398	0.407	30
660	6023	52.37	-1.54	199.955	0.162	0.318	0.167	1.457	0.243	0.26	0.616	0.606	0.384	0.394	30
661	6024	52.37	-1.29	199.912	0.166	0.327	0.18	1.452	0.268	0.288	0.666	0.659	0.335	0.341	30
662	6025	52.37	-1.04	199.956	0.168	0.331	0.184	1.455	0.277	0.296	0.682	0.677	0.318	0.323	30
663	6026	52.37	-0.789999999999999	199.99	0.17	0.333	0.185	1.459	0.28	0.299	0.673	0.666	0.327	0.334	30
664	6027	52.37	-0.539999999999999	199.997	0.17	0.338	0.184	1.454	0.286	0.302	0.659	0.648	0.341	0.352	30
665	6028	52.37	-0.289999999999999	199.997	0.151	0.337	0.176	1.437	0.285	0.291	0.631	0.61	0.369	0.39	30
666	6029	52.37	-0.0399999999999991	200	0.129	0.342	0.173	1.386	0.298	0.296	0.626	0.599	0.374	0.401	30
667	6030	52.37	0.210000000000001	199.999	0.109	0.339	0.166	1.372	0.286	0.282	0.606	0.578	0.394	0.422	30
668	6031	52.37	0.460000000000001	199.996	0.112	0.318	0.154	1.434	0.237	0.241	0.552	0.533	0.448	0.467	30
669	6032	52.37	0.710000000000001	199.983	0.133	0.3	0.146	1.473	0.2	0.219	0.495	0.488	0.505	0.512	30
670	6033	52.37	0.960000000000001	200	0.129	0.313	0.157	1.476	0.224	0.245	0.55	0.541	0.45	0.459	30
