# Command file for Castanea
# Generated on Rstudio by user vandermeersch, on the 2023-08-22

# The filenames below are relative to the folder containing this command file
castaneaFileName	=	CastaneaSpecies_08_2021.txt
inventoryFileName	=	C:/Users/vandermeersch/Documents/CEFE/phd/hindcasting/simulation/castanea/run/inventory.txt

climateBaseName	=	C:/Users/vandermeersch/Documents/CEFE/phd/hindcasting/simulation/castanea/clim_test/false/500BP/
climateExtension	=	.txt
simulationName	=	ind1_


#	siteId	gridName	latitude	longitude	soilHeight	stone	wfc	wilt	bulk	SOLCLAYtop	SOLCLAYsol	SOLFINtop	SOLFINsol	SOLSANDtop	SOLSANDsol	numberOfYears
1	683	67.87	23.21	197.018	0.126	0.296	0.092	1.26	0.064	0.065	0.421	0.394	0.579	0.606	30
2	684	67.87	23.46	196.278	0.121	0.299	0.094	1.245	0.076	0.077	0.457	0.429	0.543	0.572	30
3	685	67.87	23.71	191.817	0.128	0.297	0.093	1.264	0.07	0.072	0.445	0.418	0.555	0.582	30
4	686	67.87	23.96	191.176	0.144	0.296	0.093	1.295	0.068	0.071	0.447	0.421	0.554	0.579	30
5	687	67.87	24.21	195.233	0.145	0.296	0.093	1.301	0.068	0.072	0.452	0.425	0.548	0.575	30
6	688	67.87	24.46	197.259	0.129	0.298	0.092	1.282	0.064	0.067	0.444	0.42	0.556	0.58	30
7	689	67.87	24.71	196.434	0.115	0.299	0.092	1.268	0.059	0.062	0.436	0.411	0.564	0.589	30
8	690	67.87	24.96	194.463	0.108	0.301	0.095	1.253	0.063	0.066	0.438	0.412	0.562	0.588	30
9	691	67.87	25.21	193.989	0.107	0.303	0.097	1.239	0.065	0.067	0.45	0.424	0.551	0.576	30
10	692	67.87	25.46	191.552	0.117	0.301	0.096	1.247	0.069	0.071	0.455	0.431	0.545	0.569	30
11	693	67.87	25.71	188.804	0.128	0.296	0.093	1.271	0.068	0.071	0.449	0.426	0.551	0.574	30
12	694	67.87	25.96	189.259	0.128	0.299	0.095	1.237	0.065	0.066	0.442	0.421	0.559	0.579	30
13	695	67.87	26.21	187.993	0.125	0.302	0.096	1.231	0.064	0.066	0.437	0.418	0.563	0.582	30
14	696	67.87	26.46	188.295	0.117	0.303	0.096	1.244	0.065	0.067	0.437	0.417	0.563	0.584	30
15	697	67.87	26.71	184.998	0.108	0.305	0.101	1.243	0.068	0.071	0.437	0.415	0.563	0.585	30
16	698	67.87	26.96	178.326	0.114	0.303	0.099	1.238	0.067	0.071	0.43	0.41	0.57	0.589	30
17	699	67.87	27.21	176.496	0.12	0.304	0.099	1.247	0.068	0.071	0.43	0.411	0.57	0.589	30
18	700	67.87	27.46	175.472	0.119	0.314	0.108	1.223	0.084	0.086	0.457	0.436	0.543	0.564	30
19	701	67.87	27.71	174.168	0.127	0.309	0.104	1.242	0.082	0.083	0.45	0.428	0.55	0.572	30
20	702	67.87	27.96	167.672	0.137	0.299	0.095	1.271	0.059	0.061	0.419	0.399	0.581	0.6	30
21	703	67.87	28.21	168.177	0.142	0.299	0.096	1.278	0.059	0.061	0.416	0.397	0.584	0.603	30
22	704	67.87	28.46	174.991	0.146	0.296	0.094	1.298	0.058	0.06	0.411	0.391	0.589	0.609	30
23	705	67.87	28.71	178.016	0.143	0.296	0.094	1.293	0.059	0.059	0.417	0.396	0.584	0.604	30
24	706	67.87	28.96	175.443	0.136	0.3	0.096	1.259	0.06	0.061	0.425	0.405	0.575	0.595	30
25	707	67.87	29.21	178.507	0.138	0.299	0.096	1.283	0.061	0.063	0.435	0.413	0.565	0.587	30
26	708	67.87	29.46	184.441	0.149	0.295	0.094	1.319	0.066	0.069	0.445	0.42	0.555	0.58	30
27	709	67.87	29.71	186.193	0.151	0.293	0.094	1.346	0.07	0.074	0.449	0.424	0.551	0.576	30
28	710	67.87	29.96	186.57	0.148	0.295	0.093	1.362	0.065	0.07	0.442	0.418	0.559	0.582	30
29	711	67.87	30.21	190.859	0.136	0.298	0.094	1.353	0.063	0.068	0.444	0.42	0.556	0.58	30
30	712	67.87	30.46	187.312	0.139	0.299	0.096	1.338	0.062	0.066	0.443	0.419	0.558	0.581	30
31	713	67.87	30.71	183.206	0.146	0.296	0.095	1.326	0.058	0.062	0.438	0.416	0.563	0.584	30
32	714	67.87	30.96	178.429	0.151	0.298	0.097	1.311	0.059	0.064	0.442	0.42	0.558	0.58	30
33	715	67.87	31.21	180.846	0.151	0.295	0.095	1.314	0.058	0.062	0.439	0.415	0.561	0.584	30
34	716	67.87	31.46	180.509	0.156	0.296	0.097	1.316	0.058	0.061	0.433	0.407	0.566	0.592	30
35	717	67.87	31.71	181.58	0.174	0.297	0.098	1.293	0.066	0.068	0.435	0.408	0.565	0.591	30
36	718	67.87	31.96	178.091	0.178	0.298	0.1	1.29	0.068	0.071	0.43	0.404	0.57	0.596	30
37	719	67.87	32.21	180.463	0.17	0.298	0.1	1.312	0.065	0.069	0.427	0.4	0.573	0.6	30
38	720	67.87	32.46	152.297	0.194	0.303	0.102	1.292	0.088	0.092	0.45	0.427	0.55	0.573	30
39	721	67.87	32.71	176.733	0.179	0.305	0.104	1.306	0.086	0.09	0.451	0.429	0.549	0.572	30
40	722	67.87	32.96	190.656	0.149	0.304	0.104	1.317	0.074	0.078	0.45	0.426	0.55	0.575	30
41	723	67.87	33.21	191.733	0.157	0.306	0.106	1.341	0.076	0.079	0.447	0.419	0.554	0.581	30
42	724	67.87	33.46	176.257	0.184	0.302	0.103	1.356	0.075	0.078	0.428	0.403	0.572	0.598	30
43	725	67.87	33.71	170.257	0.192	0.303	0.104	1.351	0.084	0.085	0.436	0.411	0.564	0.589	30
44	726	67.87	33.96	175.334	0.19	0.302	0.105	1.34	0.089	0.091	0.445	0.421	0.555	0.579	30
45	727	67.87	34.21	188.323	0.16	0.302	0.103	1.313	0.072	0.073	0.44	0.414	0.56	0.586	30
46	728	67.87	34.46	176.557	0.169	0.302	0.104	1.316	0.072	0.073	0.432	0.408	0.568	0.592	30
47	729	67.87	34.71	168.858	0.188	0.304	0.106	1.318	0.082	0.083	0.426	0.405	0.574	0.595	30
48	730	67.62	14.96	133.739	0.26	0.304	0.102	1.223	0.079	0.077	0.417	0.394	0.583	0.606	30
49	731	67.62	15.46	133.534	0.248	0.309	0.107	1.221	0.08	0.079	0.42	0.396	0.579	0.604	30
50	732	67.62	15.71	120.756	0.266	0.306	0.105	1.214	0.073	0.071	0.41	0.387	0.59	0.613	30
51	733	67.62	15.96	118.806	0.274	0.301	0.102	1.231	0.06	0.058	0.383	0.361	0.617	0.639	30
52	734	67.62	16.21	103.026	0.264	0.301	0.104	1.215	0.064	0.062	0.394	0.373	0.606	0.627	30
53	735	67.62	16.46	102.662	0.236	0.303	0.104	1.203	0.07	0.069	0.422	0.401	0.578	0.599	30
54	736	67.62	16.71	106.032	0.229	0.301	0.099	1.203	0.076	0.074	0.446	0.424	0.554	0.576	30
55	737	67.62	16.96	116.809	0.226	0.3	0.099	1.193	0.078	0.076	0.467	0.441	0.533	0.559	30
56	738	67.62	17.21	126.011	0.232	0.298	0.099	1.205	0.078	0.076	0.471	0.439	0.529	0.561	30
57	739	67.62	17.46	127.464	0.235	0.298	0.101	1.207	0.078	0.076	0.465	0.433	0.535	0.567	30
58	740	67.62	17.71	130.197	0.222	0.298	0.102	1.217	0.086	0.084	0.465	0.435	0.536	0.565	30
59	741	67.62	17.96	123.127	0.226	0.299	0.103	1.225	0.084	0.083	0.459	0.43	0.541	0.57	30
60	742	67.62	18.21	123.365	0.231	0.298	0.103	1.227	0.082	0.08	0.457	0.425	0.543	0.574	30
61	743	67.62	18.46	130.287	0.231	0.299	0.103	1.22	0.083	0.081	0.462	0.431	0.539	0.569	30
62	744	67.62	18.71	151.429	0.2	0.3	0.103	1.229	0.079	0.076	0.47	0.44	0.53	0.559	30
63	745	67.62	18.96	165.424	0.183	0.299	0.102	1.231	0.076	0.075	0.461	0.434	0.54	0.566	30
64	746	67.62	19.21	169.904	0.178	0.3	0.103	1.227	0.083	0.082	0.472	0.446	0.528	0.554	30
65	747	67.62	19.46	182.133	0.168	0.304	0.103	1.185	0.08	0.078	0.468	0.441	0.532	0.559	30
66	748	67.62	19.71	181.062	0.164	0.303	0.101	1.176	0.072	0.071	0.458	0.433	0.542	0.567	30
67	749	67.62	19.96	191.226	0.153	0.308	0.102	1.141	0.067	0.067	0.451	0.427	0.549	0.573	30
68	750	67.62	20.21	192.67	0.146	0.306	0.101	1.145	0.064	0.065	0.454	0.43	0.546	0.57	30
69	751	67.62	20.46	194.859	0.151	0.3	0.097	1.183	0.064	0.065	0.447	0.423	0.553	0.577	30
70	752	67.62	20.71	197.096	0.156	0.295	0.092	1.251	0.057	0.059	0.422	0.399	0.578	0.602	30
71	753	67.62	20.96	199.109	0.148	0.298	0.091	1.231	0.053	0.055	0.403	0.38	0.597	0.62	30
72	754	67.62	21.21	198.63	0.148	0.297	0.091	1.235	0.049	0.052	0.401	0.376	0.599	0.624	30
73	755	67.62	21.46	198.99	0.143	0.298	0.093	1.231	0.046	0.048	0.391	0.366	0.609	0.634	30
74	756	67.62	21.71	199.346	0.135	0.3	0.094	1.21	0.05	0.053	0.4	0.374	0.6	0.626	30
75	757	67.62	21.96	199.641	0.131	0.297	0.092	1.232	0.045	0.048	0.388	0.363	0.612	0.637	30
76	758	67.62	22.21	199.615	0.123	0.3	0.092	1.201	0.05	0.054	0.387	0.363	0.613	0.637	30
77	759	67.62	22.46	199.307	0.125	0.297	0.09	1.223	0.045	0.049	0.379	0.358	0.62	0.642	30
78	760	67.62	22.71	198.352	0.131	0.295	0.091	1.246	0.053	0.058	0.388	0.367	0.612	0.633	30
79	761	67.62	22.96	196.92	0.136	0.293	0.09	1.27	0.054	0.058	0.406	0.383	0.594	0.617	30
80	762	67.62	23.21	197.913	0.132	0.294	0.09	1.275	0.056	0.058	0.427	0.401	0.573	0.6	30
81	763	67.62	23.46	196.941	0.125	0.295	0.09	1.279	0.067	0.069	0.451	0.421	0.55	0.58	30
82	764	67.62	23.71	192.868	0.136	0.293	0.09	1.3	0.064	0.067	0.44	0.412	0.561	0.588	30
83	765	67.62	23.96	192.54	0.146	0.293	0.09	1.309	0.062	0.066	0.437	0.411	0.564	0.59	30
84	766	67.62	24.21	193.655	0.148	0.297	0.091	1.308	0.07	0.074	0.452	0.425	0.549	0.576	30
85	767	67.62	24.46	194.302	0.132	0.297	0.091	1.304	0.063	0.066	0.443	0.416	0.558	0.584	30
86	768	67.62	24.71	197.154	0.122	0.295	0.089	1.316	0.055	0.058	0.43	0.403	0.57	0.597	30
87	769	67.62	24.96	197.195	0.106	0.299	0.091	1.294	0.057	0.06	0.432	0.406	0.568	0.594	30
88	770	67.62	25.21	196.552	0.109	0.297	0.092	1.288	0.056	0.06	0.429	0.404	0.571	0.596	30
89	771	67.62	25.46	193.949	0.115	0.298	0.093	1.278	0.06	0.062	0.435	0.41	0.566	0.59	30
90	772	67.62	25.71	194.839	0.126	0.293	0.092	1.303	0.062	0.065	0.437	0.413	0.564	0.588	30
91	773	67.62	25.96	194.593	0.128	0.296	0.092	1.297	0.06	0.064	0.434	0.412	0.567	0.588	30
92	774	67.62	26.21	194.628	0.126	0.296	0.092	1.307	0.058	0.063	0.425	0.405	0.575	0.595	30
93	775	67.62	26.46	193.46	0.115	0.3	0.094	1.296	0.062	0.066	0.427	0.406	0.573	0.595	30
94	776	67.62	26.71	186.074	0.103	0.303	0.098	1.259	0.065	0.07	0.436	0.413	0.565	0.587	30
95	777	67.62	26.96	182.134	0.105	0.303	0.099	1.254	0.065	0.071	0.437	0.419	0.563	0.582	30
96	778	67.62	27.21	177.707	0.111	0.301	0.097	1.271	0.066	0.072	0.43	0.412	0.57	0.588	30
97	779	67.62	27.46	176.249	0.115	0.299	0.095	1.275	0.063	0.067	0.418	0.401	0.582	0.6	30
98	780	67.62	27.71	173.214	0.128	0.296	0.093	1.281	0.057	0.06	0.417	0.399	0.583	0.601	30
99	781	67.62	27.96	171.354	0.137	0.295	0.092	1.282	0.055	0.059	0.421	0.404	0.579	0.596	30
100	782	67.62	28.21	173.212	0.141	0.293	0.091	1.305	0.055	0.058	0.421	0.402	0.579	0.598	30
101	783	67.62	28.46	178.619	0.136	0.293	0.091	1.305	0.054	0.058	0.408	0.389	0.592	0.611	30
102	784	67.62	28.71	179.213	0.137	0.295	0.092	1.279	0.053	0.057	0.409	0.391	0.592	0.609	30
103	785	67.62	28.96	177.531	0.137	0.298	0.092	1.267	0.054	0.057	0.424	0.405	0.576	0.595	30
104	786	67.62	29.21	180.152	0.139	0.299	0.092	1.276	0.055	0.057	0.43	0.407	0.57	0.592	30
105	787	67.62	29.46	175.323	0.149	0.295	0.092	1.282	0.057	0.061	0.439	0.415	0.561	0.585	30
106	788	67.62	29.71	171.365	0.156	0.294	0.093	1.291	0.061	0.066	0.448	0.423	0.552	0.577	30
107	789	67.62	29.96	177.19	0.148	0.295	0.093	1.296	0.061	0.065	0.447	0.422	0.553	0.578	30
108	790	67.62	30.21	183.463	0.145	0.293	0.093	1.313	0.062	0.067	0.443	0.418	0.558	0.582	30
109	791	67.62	30.46	189.214	0.149	0.295	0.094	1.334	0.064	0.069	0.438	0.412	0.562	0.588	30
110	792	67.62	30.71	189.15	0.151	0.294	0.094	1.337	0.059	0.064	0.435	0.41	0.565	0.59	30
111	793	67.62	30.96	187.322	0.155	0.295	0.095	1.333	0.058	0.062	0.434	0.409	0.566	0.591	30
112	794	67.62	31.21	184.897	0.155	0.295	0.095	1.321	0.055	0.059	0.427	0.401	0.573	0.599	30
113	795	67.62	31.46	185.557	0.151	0.296	0.095	1.319	0.054	0.058	0.422	0.398	0.577	0.602	30
114	796	67.62	31.71	186.198	0.151	0.296	0.096	1.323	0.053	0.057	0.416	0.392	0.584	0.608	30
115	797	67.62	31.96	183.65	0.158	0.3	0.1	1.322	0.056	0.061	0.419	0.394	0.581	0.606	30
116	798	67.62	32.21	181.344	0.16	0.299	0.099	1.323	0.056	0.061	0.425	0.399	0.575	0.601	30
117	799	67.62	32.46	177.696	0.167	0.301	0.099	1.298	0.065	0.069	0.44	0.415	0.56	0.585	30
118	800	67.62	32.71	188.526	0.147	0.303	0.1	1.287	0.06	0.063	0.429	0.403	0.571	0.597	30
119	801	67.62	32.96	187.344	0.156	0.302	0.1	1.32	0.067	0.071	0.43	0.406	0.57	0.594	30
120	802	67.62	33.21	187.045	0.154	0.302	0.1	1.316	0.067	0.072	0.43	0.407	0.57	0.593	30
121	803	67.62	33.46	169.798	0.177	0.303	0.102	1.302	0.068	0.069	0.435	0.411	0.565	0.589	30
122	804	67.62	33.71	165.681	0.193	0.303	0.103	1.304	0.072	0.073	0.428	0.404	0.572	0.596	30
123	805	67.62	33.96	170.706	0.192	0.303	0.104	1.306	0.078	0.079	0.435	0.409	0.566	0.591	30
124	806	67.62	34.21	181.287	0.149	0.304	0.103	1.275	0.067	0.068	0.44	0.414	0.56	0.586	30
125	807	67.62	34.46	179.803	0.146	0.306	0.105	1.269	0.069	0.069	0.443	0.418	0.557	0.582	30
126	808	67.62	34.71	181.613	0.14	0.299	0.099	1.275	0.058	0.059	0.421	0.398	0.579	0.602	30
127	809	67.37	14.96	139.162	0.261	0.309	0.108	1.235	0.087	0.085	0.425	0.401	0.575	0.599	30
128	810	67.37	15.21	136.959	0.262	0.308	0.107	1.232	0.076	0.074	0.422	0.398	0.577	0.602	30
129	811	67.37	15.46	149.545	0.234	0.309	0.109	1.249	0.076	0.073	0.43	0.405	0.57	0.595	30
130	812	67.37	15.71	131.137	0.258	0.305	0.105	1.233	0.067	0.064	0.415	0.39	0.585	0.61	30
131	813	67.37	15.96	105.127	0.266	0.304	0.106	1.214	0.067	0.064	0.411	0.387	0.589	0.613	30
132	814	67.37	16.21	103.255	0.243	0.304	0.107	1.212	0.074	0.072	0.428	0.406	0.571	0.594	30
133	815	67.37	16.46	111.13	0.234	0.302	0.102	1.186	0.078	0.075	0.443	0.417	0.557	0.582	30
134	816	67.37	16.71	116.137	0.238	0.297	0.098	1.179	0.078	0.076	0.449	0.421	0.551	0.578	30
135	817	67.37	16.96	124.082	0.248	0.296	0.098	1.182	0.081	0.08	0.457	0.427	0.543	0.573	30
136	818	67.37	17.21	117.781	0.264	0.295	0.099	1.22	0.081	0.079	0.447	0.417	0.553	0.583	30
137	819	67.37	17.46	108.68	0.283	0.294	0.104	1.244	0.083	0.08	0.429	0.402	0.571	0.598	30
138	820	67.37	17.71	117.446	0.259	0.296	0.104	1.237	0.088	0.085	0.439	0.411	0.561	0.589	30
139	821	67.37	17.96	120.239	0.245	0.296	0.103	1.235	0.083	0.081	0.445	0.416	0.555	0.583	30
140	822	67.37	18.21	131.468	0.228	0.299	0.102	1.233	0.085	0.083	0.463	0.433	0.537	0.567	30
141	823	67.37	18.46	149.31	0.209	0.302	0.102	1.217	0.088	0.086	0.486	0.455	0.515	0.545	30
142	824	67.37	18.71	160.278	0.197	0.303	0.103	1.23	0.084	0.083	0.48	0.452	0.52	0.549	30
143	825	67.37	18.96	173.942	0.185	0.299	0.1	1.246	0.066	0.067	0.447	0.416	0.553	0.585	30
144	826	67.37	19.21	178.525	0.18	0.298	0.098	1.241	0.058	0.058	0.438	0.408	0.562	0.591	30
145	827	67.37	19.46	185.338	0.173	0.298	0.097	1.222	0.054	0.052	0.426	0.397	0.574	0.602	30
146	828	67.37	19.71	187.858	0.165	0.299	0.096	1.184	0.052	0.052	0.415	0.389	0.584	0.611	30
147	829	67.37	19.96	188.678	0.155	0.304	0.099	1.124	0.056	0.057	0.421	0.399	0.578	0.601	30
148	830	67.37	20.21	190.277	0.161	0.297	0.095	1.209	0.061	0.062	0.429	0.406	0.571	0.594	30
149	831	67.37	20.46	187.189	0.17	0.293	0.093	1.257	0.058	0.06	0.421	0.398	0.579	0.602	30
150	832	67.37	20.71	190.77	0.17	0.29	0.09	1.279	0.049	0.052	0.404	0.381	0.596	0.619	30
151	833	67.37	20.96	193.495	0.163	0.292	0.089	1.266	0.046	0.048	0.392	0.368	0.608	0.632	30
152	834	67.37	21.21	196.874	0.154	0.291	0.088	1.254	0.038	0.039	0.374	0.35	0.625	0.65	30
153	835	67.37	21.46	198.163	0.149	0.29	0.088	1.266	0.033	0.033	0.364	0.339	0.635	0.66	30
154	836	67.37	21.71	197.154	0.148	0.294	0.089	1.266	0.04	0.042	0.396	0.37	0.604	0.63	30
155	837	67.37	21.96	198.517	0.142	0.296	0.09	1.267	0.044	0.048	0.41	0.384	0.59	0.616	30
156	838	67.37	22.21	199.77	0.132	0.301	0.09	1.245	0.054	0.058	0.414	0.388	0.586	0.612	30
157	839	67.37	22.46	199.82	0.123	0.299	0.088	1.257	0.051	0.056	0.405	0.379	0.595	0.621	30
158	840	67.37	22.71	198.417	0.12	0.296	0.088	1.267	0.048	0.053	0.402	0.376	0.598	0.624	30
159	841	67.37	22.96	198.137	0.122	0.298	0.09	1.283	0.053	0.059	0.418	0.394	0.582	0.607	30
160	842	67.37	23.21	199.596	0.117	0.302	0.091	1.264	0.063	0.068	0.44	0.415	0.56	0.585	30
161	843	67.37	23.46	199.544	0.117	0.302	0.091	1.276	0.066	0.072	0.451	0.423	0.549	0.578	30
162	844	67.37	23.71	198.916	0.122	0.299	0.092	1.309	0.064	0.072	0.44	0.412	0.561	0.588	30
163	845	67.37	23.96	198.58	0.124	0.297	0.093	1.318	0.063	0.069	0.436	0.408	0.564	0.592	30
164	846	67.37	24.21	196.458	0.125	0.296	0.092	1.309	0.066	0.072	0.44	0.414	0.561	0.587	30
165	847	67.37	24.46	196.213	0.125	0.295	0.09	1.319	0.063	0.069	0.425	0.401	0.576	0.6	30
166	848	67.37	24.71	198.243	0.117	0.293	0.089	1.327	0.058	0.063	0.405	0.381	0.595	0.619	30
167	849	67.37	24.96	197.985	0.118	0.292	0.088	1.325	0.052	0.057	0.401	0.378	0.599	0.622	30
168	850	67.37	25.21	198.035	0.117	0.29	0.089	1.31	0.046	0.053	0.399	0.377	0.601	0.623	30
169	851	67.37	25.46	195.696	0.109	0.294	0.091	1.263	0.05	0.055	0.41	0.388	0.59	0.613	30
170	852	67.37	25.71	193.564	0.116	0.292	0.09	1.29	0.054	0.059	0.411	0.389	0.589	0.611	30
171	853	67.37	25.96	192.715	0.116	0.293	0.091	1.292	0.054	0.059	0.412	0.39	0.588	0.61	30
172	854	67.37	26.21	192.928	0.123	0.292	0.09	1.311	0.051	0.057	0.408	0.386	0.593	0.614	30
173	855	67.37	26.46	195.864	0.119	0.293	0.09	1.324	0.053	0.058	0.407	0.384	0.594	0.616	30
174	856	67.37	26.71	190.321	0.109	0.297	0.093	1.304	0.058	0.063	0.418	0.395	0.583	0.606	30
175	857	67.37	26.96	187.637	0.118	0.297	0.094	1.313	0.061	0.068	0.428	0.408	0.572	0.592	30
176	858	67.37	27.21	186.355	0.124	0.295	0.092	1.328	0.062	0.068	0.429	0.411	0.571	0.589	30
177	859	67.37	27.46	184.543	0.11	0.297	0.093	1.292	0.059	0.064	0.422	0.404	0.578	0.596	30
178	860	67.37	27.71	183.873	0.125	0.293	0.091	1.316	0.054	0.059	0.41	0.393	0.59	0.608	30
179	861	67.37	27.96	183.564	0.13	0.294	0.091	1.32	0.053	0.059	0.418	0.401	0.582	0.599	30
180	862	67.37	28.21	183.232	0.126	0.292	0.09	1.327	0.049	0.055	0.411	0.394	0.589	0.607	30
181	863	67.37	28.46	182.435	0.14	0.292	0.09	1.336	0.05	0.055	0.414	0.393	0.586	0.607	30
182	864	67.37	28.71	179.63	0.148	0.293	0.09	1.328	0.05	0.056	0.417	0.396	0.583	0.604	30
183	865	67.37	28.96	176.025	0.149	0.294	0.09	1.302	0.054	0.059	0.43	0.408	0.57	0.592	30
184	866	67.37	29.21	172.603	0.147	0.295	0.091	1.286	0.054	0.058	0.428	0.404	0.572	0.596	30
185	867	67.37	29.46	166.841	0.15	0.294	0.092	1.274	0.057	0.061	0.434	0.41	0.566	0.591	30
186	868	67.37	29.71	164.138	0.149	0.294	0.093	1.268	0.062	0.067	0.449	0.423	0.552	0.577	30
187	869	67.37	29.96	168.434	0.139	0.296	0.094	1.242	0.056	0.059	0.442	0.419	0.558	0.581	30
188	870	67.37	30.21	164.725	0.142	0.294	0.094	1.24	0.057	0.06	0.448	0.426	0.552	0.574	30
189	871	67.37	30.46	170.516	0.155	0.293	0.095	1.286	0.062	0.066	0.447	0.423	0.553	0.577	30
190	872	67.37	30.71	183.939	0.156	0.293	0.094	1.33	0.059	0.064	0.438	0.413	0.562	0.586	30
191	873	67.37	30.96	183.793	0.163	0.294	0.094	1.328	0.059	0.062	0.441	0.413	0.559	0.587	30
192	874	67.37	31.21	178.713	0.169	0.293	0.095	1.311	0.065	0.068	0.442	0.414	0.558	0.586	30
193	875	67.37	31.46	189.546	0.166	0.294	0.094	1.326	0.062	0.067	0.436	0.41	0.564	0.59	30
194	876	67.37	31.71	189.33	0.158	0.295	0.093	1.335	0.056	0.061	0.43	0.405	0.571	0.595	30
195	877	67.37	31.96	186.116	0.153	0.297	0.094	1.327	0.052	0.058	0.425	0.4	0.575	0.6	30
196	878	67.37	32.21	190.46	0.145	0.3	0.096	1.322	0.052	0.058	0.412	0.389	0.589	0.611	30
197	879	67.37	32.46	191.491	0.146	0.301	0.098	1.327	0.057	0.063	0.421	0.398	0.579	0.603	30
198	880	67.37	32.71	190.273	0.15	0.3	0.096	1.319	0.055	0.06	0.415	0.393	0.585	0.607	30
199	881	67.37	32.96	192.455	0.145	0.298	0.092	1.304	0.05	0.054	0.405	0.385	0.595	0.615	30
200	882	67.37	33.21	186.624	0.138	0.3	0.094	1.293	0.056	0.062	0.409	0.389	0.591	0.611	30
201	883	67.37	33.46	192.652	0.134	0.299	0.093	1.308	0.054	0.059	0.416	0.395	0.584	0.606	30
202	884	67.37	33.71	192.023	0.12	0.301	0.094	1.274	0.051	0.056	0.413	0.393	0.587	0.607	30
203	885	67.37	33.96	189.712	0.115	0.302	0.096	1.263	0.054	0.059	0.421	0.401	0.579	0.6	30
204	886	67.37	34.21	188.315	0.111	0.3	0.097	1.262	0.05	0.054	0.418	0.398	0.582	0.602	30
205	887	67.37	34.46	187.713	0.124	0.298	0.097	1.272	0.051	0.055	0.434	0.414	0.566	0.587	30
206	888	67.37	34.71	183.324	0.119	0.299	0.096	1.24	0.055	0.057	0.445	0.424	0.556	0.577	30
207	889	67.12	14.21	144.035	0.257	0.306	0.102	1.225	0.094	0.092	0.435	0.408	0.565	0.592	30
208	890	67.12	14.46	140.787	0.26	0.307	0.105	1.227	0.094	0.093	0.432	0.408	0.568	0.592	30
209	891	67.12	14.71	141.116	0.253	0.305	0.103	1.239	0.087	0.087	0.432	0.41	0.568	0.589	30
210	892	67.12	14.96	145.151	0.233	0.303	0.1	1.248	0.08	0.078	0.439	0.416	0.561	0.584	30
211	893	67.12	15.21	149.542	0.223	0.306	0.104	1.252	0.079	0.077	0.45	0.425	0.55	0.574	30
212	894	67.12	15.46	151.46	0.24	0.305	0.104	1.251	0.074	0.071	0.441	0.414	0.558	0.586	30
213	895	67.12	15.71	122.701	0.241	0.302	0.099	1.212	0.069	0.067	0.434	0.408	0.566	0.591	30
214	896	67.12	15.96	115.616	0.236	0.302	0.098	1.208	0.067	0.065	0.436	0.409	0.563	0.591	30
215	897	67.12	16.21	103.622	0.243	0.302	0.102	1.202	0.072	0.07	0.433	0.409	0.566	0.591	30
216	898	67.12	16.46	114.779	0.242	0.301	0.102	1.195	0.078	0.076	0.444	0.419	0.555	0.581	30
217	899	67.12	16.71	113.681	0.248	0.298	0.1	1.206	0.081	0.079	0.44	0.416	0.56	0.584	30
218	900	67.12	16.96	115.418	0.255	0.297	0.1	1.21	0.083	0.081	0.439	0.412	0.561	0.588	30
219	901	67.12	17.21	120.313	0.261	0.297	0.1	1.21	0.083	0.081	0.44	0.41	0.56	0.59	30
220	902	67.12	17.46	122.055	0.254	0.298	0.101	1.221	0.081	0.079	0.442	0.413	0.558	0.587	30
221	903	67.12	17.71	133.067	0.239	0.298	0.101	1.233	0.076	0.073	0.448	0.417	0.552	0.583	30
222	904	67.12	17.96	139.722	0.225	0.299	0.101	1.236	0.075	0.072	0.46	0.427	0.54	0.573	30
223	905	67.12	18.21	150.075	0.212	0.3	0.102	1.234	0.079	0.078	0.472	0.442	0.528	0.558	30
224	906	67.12	18.46	168.479	0.188	0.301	0.101	1.23	0.074	0.074	0.473	0.444	0.528	0.556	30
225	907	67.12	18.71	162.962	0.192	0.3	0.1	1.239	0.077	0.077	0.47	0.445	0.53	0.556	30
226	908	67.12	18.96	166.731	0.187	0.297	0.099	1.242	0.075	0.075	0.458	0.432	0.542	0.569	30
227	909	67.12	19.21	182.55	0.176	0.295	0.096	1.266	0.058	0.058	0.424	0.397	0.577	0.603	30
228	910	67.12	19.46	190.002	0.169	0.296	0.095	1.269	0.048	0.049	0.418	0.39	0.582	0.61	30
229	911	67.12	19.71	192.738	0.16	0.297	0.094	1.24	0.043	0.044	0.401	0.374	0.599	0.626	30
230	912	67.12	19.96	188.952	0.153	0.301	0.095	1.162	0.046	0.048	0.41	0.387	0.59	0.613	30
231	913	67.12	20.21	192.934	0.157	0.299	0.092	1.194	0.054	0.055	0.42	0.397	0.58	0.603	30
232	914	67.12	20.46	192.261	0.167	0.296	0.091	1.251	0.051	0.052	0.416	0.391	0.584	0.609	30
233	915	67.12	20.71	192.018	0.171	0.293	0.09	1.285	0.05	0.052	0.41	0.388	0.59	0.612	30
234	916	67.12	20.96	194.736	0.17	0.292	0.09	1.291	0.048	0.05	0.401	0.38	0.599	0.621	30
235	917	67.12	21.21	197.209	0.16	0.292	0.088	1.281	0.041	0.042	0.393	0.369	0.607	0.631	30
236	918	67.12	21.46	198.38	0.15	0.293	0.088	1.276	0.04	0.041	0.398	0.374	0.602	0.626	30
237	919	67.12	21.71	197.715	0.15	0.293	0.088	1.276	0.04	0.042	0.405	0.381	0.594	0.619	30
238	920	67.12	21.96	198.127	0.144	0.295	0.089	1.279	0.04	0.043	0.409	0.385	0.59	0.615	30
239	921	67.12	22.21	199.559	0.134	0.297	0.089	1.276	0.04	0.046	0.407	0.385	0.593	0.615	30
240	922	67.12	22.46	199.884	0.127	0.296	0.087	1.286	0.042	0.051	0.405	0.381	0.595	0.619	30
241	923	67.12	22.71	199.933	0.122	0.297	0.088	1.281	0.046	0.054	0.406	0.38	0.594	0.62	30
242	924	67.12	22.96	199.906	0.124	0.299	0.089	1.296	0.051	0.059	0.419	0.395	0.58	0.605	30
243	925	67.12	23.21	199.851	0.127	0.3	0.09	1.312	0.055	0.063	0.431	0.408	0.569	0.592	30
244	926	67.12	23.46	199.874	0.124	0.299	0.09	1.323	0.056	0.066	0.429	0.406	0.571	0.594	30
245	927	67.12	23.71	199.435	0.12	0.296	0.091	1.328	0.057	0.068	0.421	0.398	0.579	0.602	30
246	928	67.12	23.96	198.908	0.122	0.293	0.09	1.332	0.054	0.066	0.411	0.388	0.589	0.612	30
247	929	67.12	24.21	198.541	0.132	0.289	0.089	1.338	0.053	0.066	0.405	0.384	0.595	0.616	30
248	930	67.12	24.46	197.935	0.131	0.291	0.089	1.334	0.056	0.067	0.408	0.387	0.592	0.613	30
249	931	67.12	24.71	198.744	0.129	0.291	0.089	1.337	0.057	0.067	0.399	0.378	0.601	0.622	30
250	932	67.12	24.96	197.212	0.121	0.291	0.089	1.341	0.056	0.065	0.392	0.37	0.608	0.63	30
251	933	67.12	25.21	197.163	0.121	0.288	0.088	1.341	0.051	0.059	0.386	0.365	0.614	0.636	30
252	934	67.12	25.46	197.476	0.125	0.287	0.088	1.326	0.044	0.053	0.384	0.365	0.616	0.636	30
253	935	67.12	25.71	194.987	0.124	0.288	0.09	1.324	0.049	0.058	0.39	0.37	0.61	0.63	30
254	936	67.12	25.96	192.391	0.127	0.287	0.089	1.318	0.046	0.054	0.394	0.374	0.606	0.627	30
255	937	67.12	26.21	191.332	0.122	0.29	0.089	1.303	0.045	0.051	0.393	0.372	0.607	0.628	30
256	938	67.12	26.46	190.443	0.112	0.293	0.091	1.275	0.049	0.054	0.404	0.381	0.596	0.619	30
257	939	67.12	26.71	188.601	0.121	0.294	0.091	1.288	0.055	0.06	0.418	0.395	0.582	0.605	30
258	940	67.12	26.96	190.959	0.13	0.296	0.091	1.32	0.063	0.069	0.433	0.41	0.567	0.59	30
259	941	67.12	27.21	195.619	0.121	0.296	0.092	1.338	0.065	0.073	0.437	0.414	0.564	0.586	30
260	942	67.12	27.46	193.078	0.1	0.301	0.097	1.26	0.063	0.07	0.441	0.42	0.559	0.58	30
261	943	67.12	27.71	191.537	0.109	0.297	0.094	1.283	0.055	0.062	0.425	0.405	0.575	0.595	30
262	944	67.12	27.96	193.797	0.12	0.294	0.091	1.334	0.051	0.06	0.423	0.403	0.577	0.598	30
263	945	67.12	28.21	190.24	0.126	0.293	0.091	1.339	0.052	0.059	0.43	0.408	0.57	0.593	30
264	946	67.12	28.46	188.526	0.122	0.296	0.092	1.313	0.054	0.059	0.428	0.406	0.572	0.594	30
265	947	67.12	28.71	184.849	0.113	0.298	0.094	1.264	0.049	0.055	0.424	0.404	0.576	0.597	30
266	948	67.12	28.96	181.011	0.128	0.295	0.092	1.293	0.049	0.056	0.427	0.406	0.573	0.594	30
267	949	67.12	29.21	177.666	0.138	0.295	0.092	1.303	0.056	0.062	0.44	0.417	0.56	0.583	30
268	950	67.12	29.46	172.647	0.145	0.294	0.092	1.307	0.058	0.064	0.443	0.419	0.557	0.581	30
269	951	67.12	29.71	171.042	0.142	0.293	0.092	1.288	0.058	0.064	0.439	0.416	0.562	0.585	30
270	952	67.12	29.96	165.714	0.139	0.295	0.093	1.273	0.059	0.064	0.443	0.42	0.557	0.58	30
271	953	67.12	30.21	171.422	0.147	0.294	0.092	1.281	0.056	0.061	0.439	0.416	0.561	0.584	30
272	954	67.12	30.46	175.668	0.159	0.294	0.093	1.303	0.056	0.061	0.44	0.416	0.56	0.584	30
273	955	67.12	30.71	181.628	0.163	0.293	0.094	1.315	0.057	0.061	0.44	0.413	0.56	0.587	30
274	956	67.12	30.96	187.877	0.16	0.294	0.094	1.321	0.055	0.058	0.435	0.407	0.565	0.593	30
275	957	67.12	31.21	186.211	0.166	0.293	0.094	1.321	0.058	0.061	0.432	0.403	0.568	0.597	30
276	958	67.12	31.46	188.835	0.168	0.295	0.093	1.32	0.061	0.065	0.436	0.407	0.564	0.593	30
277	959	67.12	31.71	193.071	0.164	0.298	0.093	1.319	0.06	0.065	0.441	0.413	0.559	0.587	30
278	960	67.12	31.96	195.104	0.15	0.299	0.094	1.317	0.057	0.065	0.431	0.405	0.57	0.595	30
279	961	67.12	32.21	198.203	0.145	0.299	0.094	1.32	0.056	0.065	0.416	0.392	0.584	0.608	30
280	962	67.12	32.96	191.644	0.179	0.3	0.094	1.314	0.061	0.065	0.429	0.404	0.572	0.596	30
281	963	67.12	33.21	192.163	0.164	0.301	0.094	1.315	0.063	0.07	0.437	0.413	0.564	0.587	30
282	964	67.12	33.46	195.562	0.138	0.304	0.097	1.303	0.063	0.07	0.433	0.409	0.567	0.591	30
283	965	67.12	33.71	192.049	0.121	0.303	0.096	1.285	0.061	0.068	0.418	0.399	0.582	0.601	30
284	966	67.12	33.96	187.753	0.112	0.304	0.097	1.261	0.063	0.07	0.42	0.401	0.58	0.599	30
285	967	67.12	34.21	184.993	0.109	0.303	0.098	1.255	0.062	0.069	0.423	0.404	0.577	0.596	30
286	968	67.12	34.46	188.862	0.119	0.296	0.094	1.287	0.055	0.06	0.428	0.408	0.572	0.592	30
287	969	67.12	34.71	187.504	0.12	0.295	0.096	1.265	0.054	0.059	0.434	0.415	0.566	0.586	30
288	970	66.87	13.96	113.128	0.306	0.305	0.099	1.189	0.087	0.085	0.418	0.391	0.582	0.609	30
289	971	66.87	14.21	108.561	0.293	0.307	0.102	1.184	0.097	0.094	0.427	0.405	0.572	0.595	30
290	972	66.87	14.46	107.128	0.326	0.304	0.101	1.196	0.092	0.089	0.417	0.397	0.583	0.602	30
291	973	66.87	14.71	132.286	0.279	0.299	0.098	1.227	0.076	0.074	0.418	0.397	0.581	0.603	30
292	974	66.87	14.96	129.011	0.24	0.299	0.095	1.22	0.069	0.068	0.43	0.407	0.57	0.593	30
293	975	66.87	15.21	133.549	0.24	0.3	0.098	1.24	0.071	0.069	0.437	0.412	0.563	0.588	30
294	976	66.87	15.46	137.422	0.246	0.299	0.096	1.243	0.066	0.063	0.43	0.402	0.569	0.598	30
295	977	66.87	15.71	115.254	0.25	0.3	0.097	1.21	0.072	0.07	0.43	0.405	0.569	0.594	30
296	978	66.87	15.96	115.586	0.25	0.299	0.097	1.209	0.075	0.071	0.433	0.406	0.567	0.594	30
297	979	66.87	16.21	117.345	0.244	0.3	0.1	1.198	0.078	0.076	0.448	0.422	0.552	0.578	30
298	980	66.87	16.46	128.943	0.233	0.301	0.101	1.202	0.082	0.08	0.459	0.433	0.542	0.567	30
299	981	66.87	16.71	124.626	0.237	0.298	0.099	1.212	0.078	0.075	0.446	0.418	0.554	0.582	30
300	982	66.87	16.96	125.407	0.242	0.298	0.099	1.22	0.077	0.074	0.449	0.417	0.551	0.582	30
301	983	66.87	17.21	133.604	0.244	0.299	0.1	1.224	0.078	0.076	0.452	0.422	0.548	0.578	30
302	984	66.87	17.46	153.872	0.225	0.299	0.099	1.218	0.078	0.077	0.468	0.436	0.532	0.564	30
303	985	66.87	17.71	172.461	0.2	0.299	0.098	1.24	0.071	0.071	0.483	0.446	0.518	0.554	30
304	986	66.87	17.96	173.206	0.195	0.3	0.098	1.253	0.065	0.065	0.47	0.434	0.531	0.566	30
305	987	66.87	18.21	179.236	0.194	0.297	0.096	1.276	0.062	0.063	0.463	0.429	0.537	0.571	30
306	988	66.87	18.46	183.955	0.189	0.297	0.096	1.287	0.064	0.066	0.46	0.428	0.541	0.573	30
307	989	66.87	18.71	187.689	0.177	0.296	0.096	1.301	0.053	0.055	0.436	0.406	0.564	0.594	30
308	990	66.87	18.96	191.142	0.168	0.293	0.094	1.298	0.047	0.049	0.415	0.387	0.585	0.613	30
309	991	66.87	19.21	194.255	0.161	0.295	0.094	1.281	0.046	0.048	0.411	0.388	0.589	0.612	30
310	992	66.87	19.46	193.926	0.166	0.293	0.092	1.289	0.048	0.05	0.422	0.396	0.578	0.604	30
311	993	66.87	19.71	193.174	0.167	0.293	0.092	1.299	0.047	0.049	0.417	0.392	0.583	0.608	30
312	994	66.87	19.96	193.508	0.16	0.295	0.091	1.272	0.047	0.048	0.416	0.393	0.584	0.608	30
313	995	66.87	20.21	195.253	0.154	0.298	0.092	1.223	0.051	0.053	0.411	0.389	0.589	0.611	30
314	996	66.87	20.46	196.456	0.156	0.299	0.091	1.223	0.049	0.05	0.417	0.395	0.583	0.605	30
315	997	66.87	20.71	196.273	0.155	0.297	0.091	1.231	0.044	0.046	0.408	0.387	0.592	0.613	30
316	998	66.87	20.96	197.076	0.152	0.296	0.091	1.238	0.043	0.045	0.395	0.375	0.605	0.625	30
317	999	66.87	21.21	198.835	0.149	0.297	0.09	1.251	0.045	0.048	0.414	0.394	0.586	0.606	30
318	1000	66.87	21.46	199.556	0.148	0.298	0.089	1.276	0.043	0.048	0.422	0.401	0.578	0.599	30
319	1001	66.87	21.71	199.59	0.152	0.294	0.088	1.295	0.042	0.049	0.405	0.384	0.595	0.616	30
320	1002	66.87	21.96	199.583	0.146	0.292	0.087	1.313	0.043	0.05	0.404	0.381	0.596	0.619	30
321	1003	66.87	22.21	199.782	0.137	0.294	0.087	1.316	0.041	0.048	0.405	0.381	0.595	0.619	30
322	1004	66.87	22.46	199.767	0.136	0.293	0.088	1.314	0.04	0.05	0.396	0.374	0.603	0.626	30
323	1005	66.87	22.71	199.713	0.137	0.294	0.088	1.317	0.047	0.055	0.403	0.379	0.597	0.621	30
324	1006	66.87	22.96	199.778	0.129	0.297	0.088	1.305	0.043	0.051	0.404	0.379	0.596	0.621	30
325	1007	66.87	23.21	199.569	0.133	0.297	0.089	1.309	0.044	0.053	0.413	0.389	0.587	0.611	30
326	1008	66.87	23.46	199.218	0.137	0.298	0.089	1.318	0.053	0.063	0.426	0.406	0.573	0.594	30
327	1009	66.87	23.71	199.131	0.128	0.297	0.089	1.316	0.061	0.071	0.425	0.404	0.575	0.596	30
328	1010	66.87	23.96	199.142	0.126	0.295	0.09	1.331	0.063	0.075	0.418	0.397	0.581	0.603	30
329	1011	66.87	24.21	199.041	0.147	0.29	0.088	1.344	0.056	0.07	0.407	0.386	0.593	0.614	30
330	1012	66.87	24.46	198.641	0.142	0.29	0.089	1.341	0.056	0.067	0.405	0.381	0.595	0.618	30
331	1013	66.87	24.71	198.657	0.142	0.29	0.089	1.338	0.054	0.066	0.406	0.383	0.594	0.616	30
332	1014	66.87	24.96	198.269	0.136	0.29	0.089	1.334	0.058	0.069	0.405	0.383	0.595	0.616	30
333	1015	66.87	25.21	196.446	0.126	0.288	0.089	1.333	0.057	0.067	0.401	0.381	0.599	0.619	30
334	1016	66.87	25.46	196.897	0.11	0.288	0.089	1.34	0.056	0.066	0.393	0.372	0.607	0.628	30
335	1017	66.87	25.71	196.455	0.119	0.287	0.088	1.342	0.05	0.06	0.394	0.374	0.607	0.626	30
336	1018	66.87	25.96	196.411	0.13	0.286	0.089	1.342	0.049	0.058	0.396	0.375	0.605	0.625	30
337	1019	66.87	26.21	195.104	0.124	0.286	0.089	1.347	0.05	0.058	0.394	0.373	0.606	0.628	30
338	1020	66.87	26.46	193.007	0.13	0.286	0.089	1.337	0.046	0.054	0.389	0.369	0.611	0.632	30
339	1021	66.87	26.71	188.119	0.129	0.289	0.09	1.304	0.046	0.052	0.394	0.373	0.606	0.627	30
340	1022	66.87	26.96	185.619	0.125	0.292	0.091	1.292	0.049	0.056	0.409	0.386	0.592	0.615	30
341	1023	66.87	27.21	193.041	0.128	0.291	0.091	1.329	0.051	0.06	0.42	0.399	0.58	0.601	30
342	1024	66.87	27.46	194.054	0.113	0.297	0.096	1.319	0.053	0.064	0.425	0.406	0.576	0.594	30
343	1025	66.87	27.71	194.569	0.119	0.295	0.094	1.332	0.05	0.062	0.411	0.391	0.589	0.609	30
344	1026	66.87	27.96	195.155	0.12	0.292	0.092	1.338	0.05	0.061	0.413	0.391	0.587	0.609	30
345	1027	66.87	28.21	194.067	0.126	0.291	0.091	1.352	0.045	0.056	0.416	0.394	0.585	0.607	30
346	1028	66.87	28.46	191.829	0.127	0.293	0.092	1.333	0.047	0.056	0.421	0.4	0.579	0.601	30
347	1029	66.87	28.71	189.328	0.125	0.296	0.092	1.312	0.054	0.062	0.434	0.413	0.566	0.588	30
348	1030	66.87	28.96	187.893	0.14	0.297	0.092	1.313	0.06	0.067	0.449	0.426	0.551	0.575	30
349	1031	66.87	29.21	186.172	0.143	0.298	0.093	1.305	0.063	0.069	0.457	0.431	0.543	0.569	30
350	1032	66.87	29.46	189.774	0.149	0.294	0.092	1.331	0.064	0.071	0.459	0.431	0.541	0.569	30
351	1033	66.87	29.71	187.185	0.15	0.294	0.092	1.308	0.06	0.066	0.451	0.424	0.55	0.576	30
352	1034	66.87	29.96	182.164	0.147	0.295	0.092	1.307	0.062	0.067	0.446	0.42	0.554	0.581	30
353	1035	66.87	30.21	194.479	0.151	0.294	0.09	1.354	0.06	0.066	0.44	0.412	0.561	0.588	30
354	1036	66.87	30.46	196.78	0.157	0.295	0.091	1.363	0.059	0.065	0.445	0.418	0.555	0.582	30
355	1037	66.87	30.71	195.838	0.163	0.294	0.092	1.36	0.057	0.063	0.435	0.407	0.565	0.593	30
356	1038	66.87	30.96	194.923	0.165	0.295	0.094	1.358	0.054	0.059	0.423	0.394	0.578	0.606	30
357	1039	66.87	31.21	195.337	0.163	0.295	0.093	1.354	0.053	0.057	0.42	0.392	0.58	0.608	30
358	1040	66.87	31.46	195.83	0.153	0.294	0.091	1.352	0.054	0.059	0.416	0.391	0.584	0.609	30
359	1041	66.87	31.71	196.657	0.162	0.302	0.099	1.336	0.061	0.068	0.423	0.397	0.578	0.603	30
360	1042	66.87	31.96	196.372	0.154	0.307	0.103	1.321	0.064	0.072	0.418	0.394	0.582	0.606	30
361	1043	66.87	32.21	196.591	0.153	0.304	0.1	1.328	0.062	0.072	0.416	0.392	0.584	0.608	30
362	1044	66.87	32.96	190.995	0.15	0.303	0.099	1.313	0.061	0.069	0.404	0.386	0.596	0.614	30
363	1045	66.87	33.21	193.67	0.161	0.299	0.092	1.317	0.065	0.074	0.433	0.412	0.567	0.588	30
364	1046	66.87	33.46	196.479	0.138	0.301	0.094	1.306	0.065	0.076	0.425	0.406	0.575	0.594	30
365	1047	66.87	33.71	193.79	0.133	0.305	0.098	1.289	0.07	0.079	0.414	0.396	0.586	0.604	30
366	1048	66.87	33.96	194.894	0.12	0.303	0.097	1.292	0.068	0.077	0.408	0.39	0.592	0.61	30
367	1049	66.87	34.21	192.395	0.117	0.302	0.1	1.283	0.07	0.079	0.415	0.395	0.585	0.605	30
368	1050	66.87	34.46	190.764	0.113	0.295	0.096	1.293	0.059	0.068	0.402	0.384	0.598	0.616	30
369	1051	66.87	34.71	192.273	0.119	0.291	0.094	1.282	0.053	0.061	0.402	0.385	0.597	0.615	30
370	1052	66.62	12.96	137.3	0.268	0.305	0.1	1.221	0.088	0.087	0.427	0.399	0.572	0.601	30
371	1053	66.62	13.46	127.612	0.293	0.308	0.099	1.222	0.083	0.08	0.424	0.391	0.576	0.609	30
372	1054	66.62	13.71	110.481	0.33	0.307	0.1	1.199	0.078	0.075	0.403	0.376	0.597	0.624	30
373	1055	66.62	13.96	102.457	0.355	0.305	0.101	1.176	0.084	0.08	0.393	0.37	0.607	0.63	30
374	1056	66.62	14.21	103.934	0.343	0.305	0.102	1.177	0.091	0.087	0.405	0.383	0.595	0.617	30
375	1057	66.62	14.46	99.968	0.336	0.302	0.099	1.183	0.083	0.079	0.4	0.381	0.6	0.618	30
376	1058	66.62	14.71	103.703	0.302	0.302	0.1	1.19	0.081	0.078	0.414	0.397	0.586	0.602	30
377	1059	66.62	14.96	112.811	0.254	0.3	0.097	1.198	0.073	0.07	0.428	0.407	0.572	0.592	30
378	1060	66.62	15.21	108.962	0.25	0.3	0.098	1.2	0.076	0.073	0.434	0.414	0.566	0.586	30
379	1061	66.62	15.46	118.866	0.238	0.3	0.098	1.211	0.072	0.069	0.429	0.409	0.571	0.59	30
380	1062	66.62	15.71	117.158	0.25	0.3	0.099	1.21	0.078	0.075	0.432	0.413	0.568	0.587	30
381	1063	66.62	15.96	121.662	0.251	0.299	0.099	1.207	0.077	0.073	0.436	0.413	0.564	0.586	30
382	1064	66.62	16.21	139.057	0.234	0.301	0.099	1.212	0.074	0.069	0.461	0.432	0.539	0.568	30
383	1065	66.62	16.46	138.523	0.239	0.301	0.101	1.226	0.076	0.072	0.451	0.426	0.549	0.574	30
384	1066	66.62	16.71	144.686	0.231	0.3	0.1	1.231	0.074	0.071	0.458	0.429	0.542	0.571	30
385	1067	66.62	16.96	146.526	0.224	0.3	0.099	1.222	0.072	0.07	0.474	0.443	0.526	0.558	30
386	1068	66.62	17.21	155.517	0.217	0.301	0.099	1.221	0.074	0.072	0.474	0.444	0.527	0.557	30
387	1069	66.62	17.46	171.669	0.201	0.301	0.098	1.223	0.067	0.067	0.478	0.446	0.523	0.554	30
388	1070	66.62	17.71	177.677	0.189	0.299	0.096	1.261	0.057	0.057	0.463	0.431	0.537	0.569	30
389	1071	66.62	17.96	170.298	0.193	0.299	0.098	1.224	0.065	0.064	0.466	0.436	0.534	0.564	30
390	1072	66.62	18.21	168.99	0.198	0.299	0.097	1.233	0.068	0.067	0.465	0.433	0.536	0.567	30
391	1073	66.62	18.46	176.551	0.193	0.297	0.095	1.255	0.066	0.066	0.461	0.428	0.539	0.572	30
392	1074	66.62	18.71	184.091	0.177	0.298	0.095	1.271	0.06	0.061	0.447	0.416	0.553	0.584	30
393	1075	66.62	18.96	193.509	0.165	0.298	0.094	1.269	0.05	0.052	0.426	0.398	0.574	0.602	30
394	1076	66.62	19.21	196.671	0.162	0.299	0.095	1.28	0.047	0.05	0.421	0.396	0.579	0.604	30
395	1077	66.62	19.46	197.487	0.163	0.301	0.096	1.291	0.048	0.051	0.421	0.396	0.579	0.604	30
396	1078	66.62	19.71	197.728	0.161	0.3	0.095	1.292	0.048	0.051	0.425	0.4	0.575	0.6	30
397	1079	66.62	19.96	198.054	0.158	0.297	0.091	1.3	0.05	0.054	0.432	0.41	0.568	0.59	30
398	1080	66.62	20.21	198.516	0.16	0.295	0.09	1.314	0.048	0.052	0.421	0.4	0.579	0.6	30
399	1081	66.62	20.46	198.166	0.163	0.294	0.089	1.315	0.045	0.049	0.414	0.393	0.586	0.607	30
400	1082	66.62	20.71	198.169	0.151	0.295	0.09	1.286	0.037	0.041	0.402	0.381	0.598	0.619	30
401	1083	66.62	20.96	199.406	0.143	0.297	0.09	1.247	0.04	0.043	0.389	0.368	0.611	0.632	30
402	1084	66.62	21.21	199.124	0.149	0.297	0.091	1.249	0.04	0.043	0.392	0.372	0.608	0.628	30
403	1085	66.62	21.46	198.928	0.152	0.298	0.09	1.271	0.04	0.045	0.406	0.39	0.593	0.61	30
404	1086	66.62	21.71	199.239	0.151	0.293	0.089	1.301	0.039	0.049	0.395	0.379	0.604	0.621	30
405	1087	66.62	21.96	199.563	0.15	0.291	0.088	1.33	0.041	0.052	0.393	0.374	0.607	0.626	30
406	1088	66.62	22.21	199.616	0.149	0.292	0.087	1.333	0.047	0.057	0.399	0.376	0.601	0.624	30
407	1089	66.62	22.46	199.177	0.153	0.292	0.089	1.33	0.047	0.057	0.394	0.371	0.606	0.628	30
408	1090	66.62	22.71	199.278	0.15	0.294	0.088	1.323	0.048	0.057	0.395	0.371	0.605	0.629	30
409	1091	66.62	22.96	199.749	0.143	0.295	0.087	1.322	0.043	0.051	0.384	0.359	0.616	0.641	30
410	1092	66.62	23.21	199.793	0.141	0.297	0.088	1.318	0.043	0.051	0.391	0.367	0.609	0.633	30
411	1093	66.62	23.46	199.483	0.152	0.299	0.088	1.34	0.049	0.059	0.418	0.393	0.582	0.606	30
412	1094	66.62	23.71	199.09	0.148	0.298	0.089	1.336	0.058	0.069	0.427	0.403	0.573	0.597	30
413	1095	66.62	23.96	198.976	0.144	0.296	0.088	1.336	0.057	0.068	0.411	0.388	0.589	0.612	30
414	1096	66.62	24.21	198.412	0.154	0.293	0.088	1.337	0.055	0.067	0.404	0.384	0.596	0.616	30
415	1097	66.62	24.46	197.85	0.149	0.296	0.092	1.327	0.064	0.075	0.415	0.392	0.585	0.608	30
416	1098	66.62	24.71	198.125	0.145	0.294	0.09	1.332	0.058	0.069	0.405	0.382	0.595	0.618	30
417	1099	66.62	24.96	198.271	0.146	0.29	0.087	1.341	0.047	0.058	0.385	0.364	0.615	0.636	30
418	1100	66.62	25.21	197.792	0.14	0.29	0.088	1.337	0.046	0.057	0.389	0.37	0.611	0.63	30
419	1101	66.62	25.46	196.906	0.125	0.292	0.09	1.331	0.056	0.067	0.403	0.381	0.597	0.619	30
420	1102	66.62	25.71	196.816	0.124	0.292	0.09	1.335	0.058	0.069	0.409	0.387	0.591	0.613	30
421	1103	66.62	25.96	197.633	0.125	0.29	0.09	1.343	0.052	0.063	0.401	0.381	0.599	0.619	30
422	1104	66.62	26.21	196.583	0.119	0.291	0.091	1.352	0.05	0.06	0.4	0.379	0.6	0.621	30
423	1105	66.62	26.46	196.693	0.128	0.29	0.091	1.355	0.044	0.053	0.387	0.367	0.613	0.633	30
424	1106	66.62	26.71	195.497	0.133	0.289	0.091	1.344	0.041	0.051	0.383	0.363	0.617	0.637	30
425	1107	66.62	26.96	194.92	0.138	0.286	0.09	1.348	0.037	0.048	0.378	0.358	0.622	0.643	30
426	1108	66.62	27.21	194.028	0.134	0.289	0.093	1.34	0.044	0.053	0.389	0.369	0.611	0.631	30
427	1109	66.62	27.46	193.352	0.141	0.296	0.098	1.332	0.052	0.064	0.405	0.387	0.595	0.614	30
428	1110	66.62	27.71	195.642	0.144	0.291	0.094	1.343	0.049	0.063	0.4	0.381	0.6	0.619	30
429	1111	66.62	27.96	197.336	0.133	0.29	0.092	1.346	0.045	0.059	0.399	0.377	0.601	0.623	30
430	1112	66.62	28.21	195.631	0.134	0.29	0.09	1.342	0.04	0.052	0.398	0.376	0.602	0.624	30
431	1113	66.62	28.46	187.54	0.137	0.292	0.09	1.297	0.038	0.045	0.407	0.384	0.593	0.616	30
432	1114	66.62	28.71	185.662	0.139	0.295	0.09	1.283	0.043	0.048	0.42	0.398	0.58	0.602	30
433	1115	66.62	28.96	189.782	0.138	0.297	0.093	1.28	0.052	0.057	0.423	0.401	0.577	0.6	30
434	1116	66.62	29.21	188.602	0.137	0.301	0.094	1.26	0.057	0.06	0.435	0.411	0.565	0.589	30
435	1117	66.62	29.46	189.256	0.152	0.297	0.092	1.279	0.058	0.062	0.443	0.415	0.558	0.585	30
436	1118	66.62	29.71	191.105	0.152	0.297	0.092	1.274	0.058	0.061	0.437	0.41	0.563	0.59	30
437	1119	66.62	29.96	192.378	0.159	0.296	0.093	1.298	0.064	0.067	0.442	0.413	0.558	0.587	30
438	1120	66.62	30.21	197.021	0.166	0.295	0.091	1.339	0.064	0.068	0.446	0.416	0.554	0.585	30
439	1121	66.62	30.46	198.707	0.165	0.295	0.09	1.36	0.067	0.073	0.453	0.423	0.548	0.577	30
440	1122	66.62	30.71	197.024	0.17	0.298	0.094	1.353	0.065	0.073	0.45	0.423	0.55	0.577	30
441	1123	66.62	30.96	193.562	0.178	0.3	0.098	1.346	0.062	0.072	0.435	0.409	0.565	0.591	30
442	1124	66.62	31.21	195.905	0.167	0.299	0.096	1.356	0.058	0.067	0.427	0.402	0.573	0.598	30
443	1125	66.62	31.46	196.85	0.162	0.297	0.093	1.361	0.056	0.067	0.421	0.398	0.579	0.603	30
444	1126	66.62	31.71	197.252	0.167	0.301	0.098	1.353	0.062	0.073	0.423	0.399	0.577	0.601	30
445	1127	66.62	31.96	194.922	0.161	0.307	0.105	1.337	0.069	0.079	0.418	0.397	0.582	0.603	30
446	1128	66.62	32.21	192.125	0.165	0.31	0.109	1.322	0.07	0.08	0.407	0.387	0.593	0.613	30
447	1129	66.62	32.46	197.325	0.152	0.298	0.095	1.346	0.061	0.074	0.385	0.369	0.615	0.631	30
448	1130	66.62	32.71	198.143	0.148	0.297	0.094	1.346	0.067	0.081	0.393	0.379	0.606	0.621	30
449	1131	66.62	32.96	193.61	0.143	0.304	0.099	1.308	0.06	0.069	0.397	0.381	0.603	0.619	30
450	1132	66.62	34.46	195.223	0.143	0.299	0.1	1.296	0.074	0.084	0.393	0.375	0.607	0.625	30
451	1133	66.37	12.96	137.755	0.265	0.305	0.1	1.226	0.087	0.086	0.427	0.4	0.573	0.6	30
452	1134	66.37	13.21	138.037	0.28	0.311	0.102	1.217	0.094	0.092	0.443	0.412	0.557	0.587	30
453	1135	66.37	13.46	119.221	0.297	0.309	0.099	1.201	0.089	0.086	0.429	0.401	0.571	0.599	30
454	1136	66.37	13.71	119.963	0.3	0.304	0.098	1.199	0.083	0.079	0.416	0.389	0.584	0.611	30
455	1137	66.37	13.96	134.718	0.277	0.302	0.098	1.2	0.081	0.079	0.41	0.384	0.59	0.616	30
456	1138	66.37	14.21	143.743	0.267	0.301	0.096	1.215	0.076	0.074	0.41	0.384	0.59	0.615	30
457	1139	66.37	14.46	137.876	0.259	0.299	0.095	1.235	0.073	0.071	0.416	0.391	0.584	0.609	30
458	1140	66.37	14.71	127.506	0.263	0.3	0.097	1.227	0.073	0.072	0.427	0.403	0.573	0.597	30
459	1141	66.37	14.96	118.716	0.244	0.301	0.097	1.207	0.071	0.07	0.435	0.41	0.565	0.589	30
460	1142	66.37	15.21	120.415	0.23	0.3	0.097	1.201	0.07	0.067	0.445	0.421	0.555	0.579	30
461	1143	66.37	15.46	118.601	0.238	0.3	0.098	1.21	0.075	0.071	0.443	0.424	0.557	0.576	30
462	1144	66.37	15.71	119.752	0.249	0.3	0.1	1.22	0.078	0.074	0.434	0.417	0.566	0.583	30
463	1145	66.37	15.96	132.086	0.25	0.301	0.101	1.212	0.078	0.074	0.44	0.418	0.56	0.582	30
464	1146	66.37	16.21	153.544	0.231	0.303	0.101	1.219	0.076	0.071	0.46	0.433	0.541	0.567	30
465	1147	66.37	16.46	167.819	0.211	0.303	0.1	1.216	0.07	0.067	0.471	0.441	0.529	0.559	30
466	1148	66.37	16.71	172.294	0.204	0.303	0.099	1.231	0.064	0.063	0.47	0.44	0.53	0.56	30
467	1149	66.37	16.96	177.082	0.197	0.301	0.098	1.251	0.064	0.064	0.478	0.448	0.522	0.553	30
468	1150	66.37	17.21	182.93	0.186	0.302	0.097	1.262	0.06	0.062	0.48	0.449	0.52	0.552	30
469	1151	66.37	17.46	181	0.182	0.298	0.095	1.271	0.049	0.05	0.454	0.422	0.546	0.578	30
470	1152	66.37	17.71	181.925	0.185	0.299	0.094	1.277	0.051	0.053	0.454	0.424	0.546	0.576	30
471	1153	66.37	17.96	183.273	0.186	0.298	0.093	1.287	0.051	0.053	0.449	0.419	0.551	0.582	30
472	1154	66.37	18.21	176.938	0.194	0.296	0.093	1.287	0.05	0.051	0.434	0.404	0.566	0.596	30
473	1155	66.37	18.46	184.579	0.185	0.296	0.093	1.29	0.05	0.052	0.435	0.407	0.565	0.593	30
474	1156	66.37	18.71	187.495	0.174	0.297	0.093	1.255	0.053	0.054	0.439	0.41	0.561	0.59	30
475	1157	66.37	18.96	192.851	0.168	0.3	0.093	1.211	0.061	0.062	0.444	0.418	0.556	0.583	30
476	1158	66.37	19.21	192.777	0.168	0.298	0.092	1.242	0.053	0.054	0.428	0.402	0.572	0.598	30
477	1159	66.37	19.46	191.591	0.169	0.297	0.092	1.29	0.049	0.052	0.418	0.396	0.582	0.604	30
478	1160	66.37	19.71	196.033	0.162	0.298	0.092	1.29	0.044	0.047	0.416	0.394	0.584	0.606	30
479	1161	66.37	19.96	197.596	0.159	0.296	0.09	1.299	0.044	0.049	0.425	0.405	0.574	0.595	30
480	1162	66.37	20.21	199.229	0.153	0.297	0.09	1.317	0.048	0.055	0.426	0.41	0.573	0.59	30
481	1163	66.37	20.46	199.389	0.154	0.298	0.089	1.323	0.051	0.058	0.421	0.403	0.579	0.597	30
482	1164	66.37	20.71	199.538	0.155	0.296	0.09	1.327	0.053	0.06	0.413	0.391	0.587	0.609	30
483	1165	66.37	20.96	199.744	0.15	0.298	0.091	1.31	0.052	0.058	0.402	0.379	0.597	0.621	30
484	1166	66.37	21.21	199.442	0.152	0.295	0.089	1.305	0.044	0.05	0.395	0.372	0.605	0.627	30
485	1167	66.37	21.46	199.372	0.154	0.295	0.088	1.316	0.044	0.051	0.404	0.383	0.596	0.617	30
486	1168	66.37	21.71	199.282	0.154	0.294	0.088	1.324	0.044	0.052	0.399	0.378	0.601	0.622	30
487	1169	66.37	21.96	199.265	0.153	0.292	0.088	1.325	0.038	0.046	0.384	0.364	0.616	0.636	30
488	1170	66.37	22.21	199.787	0.151	0.293	0.087	1.332	0.044	0.053	0.396	0.376	0.604	0.624	30
489	1171	66.37	22.46	199.837	0.148	0.297	0.089	1.326	0.051	0.06	0.397	0.374	0.603	0.626	30
490	1172	66.37	22.71	199.31	0.154	0.298	0.091	1.322	0.056	0.066	0.398	0.375	0.601	0.625	30
491	1173	66.37	22.96	199.405	0.151	0.298	0.091	1.324	0.052	0.06	0.388	0.364	0.612	0.636	30
492	1174	66.37	23.21	199.551	0.155	0.297	0.089	1.336	0.048	0.056	0.388	0.365	0.612	0.635	30
493	1175	66.37	23.46	199.111	0.157	0.298	0.089	1.341	0.053	0.062	0.406	0.383	0.594	0.617	30
494	1176	66.37	23.71	198.632	0.147	0.302	0.092	1.329	0.061	0.071	0.427	0.404	0.573	0.595	30
495	1177	66.37	23.96	199.185	0.148	0.299	0.089	1.342	0.05	0.062	0.396	0.376	0.604	0.624	30
496	1178	66.37	24.21	198.946	0.148	0.297	0.09	1.339	0.047	0.06	0.377	0.359	0.623	0.641	30
497	1179	66.37	24.46	198.995	0.144	0.298	0.092	1.336	0.053	0.064	0.389	0.369	0.611	0.63	30
498	1180	66.37	24.71	198.349	0.14	0.3	0.09	1.332	0.052	0.062	0.396	0.377	0.604	0.623	30
499	1181	66.37	24.96	198.441	0.142	0.298	0.089	1.333	0.048	0.059	0.395	0.376	0.604	0.624	30
500	1182	66.37	25.21	199.156	0.143	0.296	0.09	1.34	0.052	0.064	0.4	0.379	0.599	0.621	30
501	1183	66.37	25.46	199.104	0.137	0.296	0.092	1.342	0.055	0.067	0.409	0.389	0.591	0.61	30
502	1184	66.37	25.71	199.209	0.136	0.296	0.091	1.337	0.055	0.069	0.415	0.398	0.584	0.602	30
503	1185	66.37	25.96	198.999	0.13	0.294	0.091	1.342	0.052	0.065	0.406	0.387	0.593	0.613	30
504	1186	66.37	26.21	198.872	0.13	0.293	0.092	1.349	0.052	0.065	0.402	0.381	0.598	0.619	30
505	1187	66.37	26.46	199.491	0.137	0.293	0.09	1.359	0.049	0.061	0.399	0.38	0.601	0.62	30
506	1188	66.37	26.71	199.076	0.144	0.294	0.091	1.357	0.049	0.062	0.404	0.385	0.596	0.615	30
507	1189	66.37	26.96	199.222	0.148	0.292	0.09	1.364	0.049	0.061	0.399	0.38	0.601	0.62	30
508	1190	66.37	27.21	199.257	0.149	0.291	0.091	1.36	0.051	0.063	0.397	0.378	0.603	0.622	30
509	1191	66.37	27.46	196.958	0.153	0.29	0.091	1.348	0.049	0.062	0.392	0.374	0.608	0.626	30
510	1192	66.37	27.71	193.369	0.153	0.289	0.09	1.317	0.047	0.058	0.392	0.372	0.608	0.628	30
511	1193	66.37	27.96	196.365	0.143	0.292	0.093	1.306	0.047	0.056	0.391	0.37	0.609	0.63	30
512	1194	66.37	28.21	194.232	0.139	0.295	0.095	1.288	0.041	0.047	0.392	0.37	0.608	0.63	30
513	1195	66.37	28.46	196.105	0.141	0.294	0.091	1.293	0.042	0.047	0.405	0.383	0.595	0.618	30
514	1196	66.37	28.71	197.241	0.141	0.298	0.093	1.299	0.049	0.055	0.415	0.394	0.585	0.606	30
515	1197	66.37	28.96	197.227	0.136	0.301	0.098	1.271	0.052	0.058	0.413	0.393	0.587	0.608	30
516	1198	66.37	29.21	197.117	0.143	0.297	0.094	1.304	0.056	0.061	0.422	0.398	0.578	0.602	30
517	1199	66.37	29.46	195.956	0.146	0.296	0.091	1.31	0.054	0.058	0.429	0.403	0.571	0.598	30
518	1200	66.37	29.71	195.95	0.155	0.295	0.091	1.318	0.056	0.06	0.435	0.406	0.566	0.595	30
519	1201	66.37	29.96	193.002	0.168	0.296	0.092	1.309	0.062	0.065	0.435	0.405	0.565	0.595	30
520	1202	66.37	30.21	195.985	0.175	0.295	0.091	1.32	0.062	0.066	0.434	0.404	0.567	0.596	30
521	1203	66.37	30.46	198.941	0.174	0.293	0.09	1.355	0.064	0.069	0.433	0.405	0.567	0.595	30
522	1204	66.37	30.71	197.121	0.173	0.298	0.095	1.352	0.064	0.072	0.435	0.409	0.565	0.591	30
523	1205	66.37	30.96	194.683	0.171	0.3	0.098	1.348	0.062	0.072	0.424	0.399	0.576	0.601	30
524	1206	66.37	31.21	195.264	0.164	0.297	0.095	1.35	0.057	0.067	0.42	0.396	0.58	0.604	30
525	1207	66.37	31.46	195.564	0.162	0.294	0.093	1.353	0.053	0.063	0.412	0.39	0.588	0.611	30
526	1208	66.37	31.71	196.542	0.162	0.298	0.097	1.352	0.057	0.067	0.411	0.39	0.589	0.61	30
527	1209	66.37	31.96	197.313	0.157	0.302	0.1	1.353	0.058	0.069	0.405	0.385	0.595	0.615	30
528	1210	66.37	32.21	197.729	0.157	0.3	0.097	1.347	0.059	0.07	0.393	0.377	0.607	0.623	30
529	1211	66.37	32.46	199.259	0.139	0.298	0.093	1.349	0.059	0.072	0.374	0.363	0.626	0.637	30
530	1212	66.37	32.71	199.335	0.141	0.298	0.093	1.349	0.06	0.074	0.368	0.36	0.632	0.64	30
531	1213	66.37	32.96	199.419	0.15	0.3	0.096	1.343	0.063	0.078	0.382	0.371	0.618	0.629	30
532	1214	66.37	33.21	198.36	0.156	0.302	0.099	1.326	0.067	0.08	0.378	0.364	0.622	0.636	30
533	1215	66.37	33.46	195.759	0.13	0.305	0.1	1.287	0.06	0.069	0.386	0.373	0.614	0.627	30
534	1216	66.12	12.46	167.684	0.217	0.308	0.108	1.242	0.096	0.096	0.428	0.403	0.572	0.597	30
535	1217	66.12	12.96	153.338	0.248	0.31	0.105	1.236	0.099	0.096	0.443	0.413	0.557	0.587	30
536	1218	66.12	13.21	138.784	0.272	0.31	0.103	1.228	0.1	0.099	0.443	0.415	0.557	0.585	30
537	1219	66.12	13.46	143.121	0.268	0.307	0.101	1.225	0.098	0.097	0.44	0.412	0.56	0.588	30
538	1220	66.12	13.71	150.724	0.247	0.303	0.097	1.234	0.088	0.086	0.431	0.4	0.569	0.599	30
539	1221	66.12	13.96	135.297	0.267	0.301	0.096	1.205	0.081	0.08	0.423	0.392	0.577	0.608	30
540	1222	66.12	14.21	121.813	0.28	0.299	0.096	1.2	0.073	0.071	0.414	0.386	0.586	0.614	30
541	1223	66.12	14.46	122.938	0.253	0.299	0.095	1.209	0.07	0.068	0.423	0.396	0.576	0.604	30
542	1224	66.12	14.71	117.589	0.243	0.299	0.095	1.196	0.069	0.067	0.437	0.412	0.563	0.588	30
543	1225	66.12	14.96	118.731	0.243	0.3	0.095	1.197	0.067	0.064	0.437	0.41	0.562	0.589	30
544	1226	66.12	15.21	120.583	0.239	0.299	0.096	1.204	0.069	0.066	0.436	0.412	0.564	0.588	30
545	1227	66.12	15.46	143.279	0.234	0.301	0.097	1.209	0.068	0.063	0.45	0.422	0.55	0.577	30
546	1228	66.12	15.71	138.666	0.245	0.299	0.098	1.234	0.069	0.064	0.432	0.408	0.568	0.592	30
547	1229	66.12	15.96	146.732	0.244	0.3	0.1	1.232	0.075	0.071	0.439	0.416	0.561	0.584	30
548	1230	66.12	16.21	161.519	0.231	0.302	0.101	1.232	0.075	0.072	0.454	0.431	0.546	0.569	30
549	1231	66.12	16.46	168.432	0.216	0.302	0.1	1.218	0.074	0.071	0.458	0.434	0.542	0.566	30
550	1232	66.12	16.71	177.669	0.204	0.302	0.099	1.217	0.072	0.07	0.465	0.438	0.535	0.562	30
551	1233	66.12	16.96	185.598	0.197	0.301	0.098	1.259	0.068	0.069	0.472	0.442	0.529	0.558	30
552	1234	66.12	17.21	191.312	0.185	0.3	0.094	1.289	0.061	0.064	0.472	0.44	0.528	0.56	30
553	1235	66.12	17.46	188.421	0.179	0.297	0.093	1.302	0.046	0.048	0.438	0.407	0.562	0.593	30
554	1236	66.12	17.71	185.925	0.177	0.304	0.098	1.294	0.05	0.051	0.444	0.413	0.556	0.587	30
555	1237	66.12	17.96	190.082	0.173	0.301	0.096	1.3	0.045	0.047	0.436	0.405	0.564	0.595	30
556	1238	66.12	18.21	187.824	0.181	0.297	0.092	1.305	0.049	0.052	0.444	0.414	0.556	0.586	30
557	1239	66.12	18.46	188.256	0.179	0.297	0.092	1.299	0.052	0.055	0.44	0.412	0.56	0.588	30
558	1240	66.12	18.71	194.087	0.168	0.298	0.093	1.28	0.043	0.045	0.415	0.385	0.585	0.615	30
559	1241	66.12	18.96	194.603	0.166	0.298	0.092	1.267	0.045	0.046	0.416	0.388	0.584	0.612	30
560	1242	66.12	19.21	192.489	0.172	0.297	0.092	1.281	0.047	0.049	0.416	0.391	0.584	0.61	30
561	1243	66.12	19.46	192.767	0.176	0.295	0.09	1.315	0.044	0.047	0.406	0.384	0.594	0.616	30
562	1244	66.12	19.71	195.977	0.172	0.295	0.09	1.329	0.047	0.051	0.415	0.393	0.585	0.607	30
563	1245	66.12	19.96	198.108	0.162	0.295	0.09	1.327	0.045	0.051	0.405	0.386	0.595	0.614	30
564	1246	66.12	20.21	198.693	0.156	0.296	0.091	1.318	0.045	0.053	0.408	0.39	0.592	0.61	30
565	1247	66.12	20.46	199.089	0.155	0.298	0.091	1.317	0.046	0.054	0.403	0.385	0.597	0.614	30
566	1248	66.12	20.71	199.457	0.158	0.299	0.092	1.334	0.058	0.067	0.414	0.394	0.586	0.606	30
567	1249	66.12	20.96	199.544	0.16	0.304	0.095	1.331	0.075	0.083	0.435	0.411	0.565	0.589	30
568	1250	66.12	21.21	199.231	0.164	0.302	0.093	1.331	0.064	0.072	0.432	0.409	0.568	0.591	30
569	1251	66.12	21.46	199.247	0.162	0.3	0.092	1.333	0.064	0.072	0.425	0.402	0.575	0.598	30
570	1252	66.12	21.71	199.326	0.16	0.3	0.094	1.327	0.068	0.077	0.416	0.392	0.584	0.607	30
571	1253	66.12	21.96	199.559	0.16	0.296	0.092	1.328	0.059	0.068	0.391	0.367	0.609	0.632	30
572	1254	66.12	22.21	199.698	0.158	0.294	0.09	1.329	0.05	0.061	0.377	0.356	0.622	0.643	30
573	1255	66.12	22.46	199.72	0.158	0.298	0.091	1.33	0.05	0.061	0.374	0.356	0.626	0.644	30
574	1256	66.12	22.71	199.296	0.162	0.299	0.093	1.327	0.056	0.067	0.376	0.355	0.624	0.645	30
575	1257	66.12	22.96	199.095	0.161	0.298	0.092	1.328	0.056	0.067	0.381	0.361	0.618	0.639	30
576	1258	66.12	23.21	199.436	0.163	0.298	0.091	1.321	0.053	0.064	0.376	0.357	0.624	0.643	30
577	1259	66.12	23.46	198.731	0.165	0.298	0.091	1.312	0.06	0.071	0.383	0.365	0.617	0.635	30
578	1260	66.12	23.71	198.563	0.159	0.301	0.093	1.307	0.064	0.076	0.396	0.378	0.604	0.622	30
579	1261	66.12	23.96	199.061	0.152	0.302	0.097	1.311	0.064	0.077	0.395	0.377	0.605	0.622	30
580	1262	66.12	24.21	199.702	0.149	0.299	0.095	1.324	0.057	0.07	0.386	0.367	0.614	0.633	30
581	1263	66.12	24.46	199.726	0.143	0.3	0.096	1.322	0.06	0.072	0.395	0.375	0.604	0.625	30
582	1264	66.12	24.71	199.551	0.142	0.301	0.097	1.317	0.062	0.073	0.41	0.389	0.589	0.611	30
583	1265	66.12	24.96	199.396	0.139	0.301	0.098	1.311	0.064	0.073	0.415	0.391	0.585	0.609	30
584	1266	66.12	25.21	199.516	0.141	0.299	0.096	1.318	0.06	0.071	0.404	0.378	0.596	0.622	30
585	1267	66.12	25.46	199.735	0.137	0.297	0.094	1.329	0.057	0.068	0.405	0.381	0.595	0.619	30
586	1268	66.12	25.71	199.73	0.129	0.298	0.092	1.327	0.057	0.068	0.408	0.387	0.592	0.613	30
587	1269	66.12	25.96	199.858	0.127	0.296	0.091	1.331	0.053	0.065	0.402	0.381	0.598	0.619	30
588	1270	66.12	26.21	199.421	0.126	0.295	0.091	1.337	0.05	0.062	0.39	0.371	0.609	0.628	30
589	1271	66.12	26.46	199.123	0.131	0.293	0.09	1.34	0.047	0.06	0.38	0.363	0.62	0.636	30
590	1272	66.12	26.71	199.176	0.134	0.296	0.091	1.332	0.049	0.06	0.389	0.373	0.611	0.626	30
591	1273	66.12	26.96	198.685	0.138	0.298	0.092	1.345	0.051	0.062	0.398	0.383	0.602	0.617	30
592	1274	66.12	27.21	198.737	0.143	0.296	0.092	1.354	0.052	0.063	0.396	0.382	0.604	0.618	30
593	1275	66.12	27.46	196.286	0.147	0.293	0.089	1.335	0.05	0.061	0.395	0.379	0.605	0.622	30
594	1276	66.12	27.71	193.106	0.148	0.292	0.089	1.3	0.049	0.056	0.393	0.372	0.607	0.628	30
595	1277	66.12	27.96	196.344	0.143	0.294	0.092	1.283	0.053	0.059	0.394	0.374	0.606	0.626	30
596	1278	66.12	28.21	190.558	0.148	0.297	0.095	1.302	0.052	0.06	0.403	0.384	0.597	0.616	30
597	1279	66.12	28.46	191.325	0.15	0.297	0.094	1.321	0.051	0.058	0.408	0.39	0.592	0.611	30
598	1280	66.12	28.71	191.558	0.15	0.3	0.096	1.322	0.056	0.064	0.414	0.395	0.586	0.605	30
599	1281	66.12	28.96	188.44	0.144	0.299	0.095	1.302	0.05	0.058	0.403	0.384	0.597	0.616	30
600	1282	66.12	29.21	191.435	0.146	0.298	0.093	1.324	0.051	0.058	0.418	0.395	0.583	0.605	30
601	1283	66.12	29.46	196.662	0.144	0.298	0.093	1.338	0.052	0.057	0.431	0.407	0.569	0.593	30
602	1284	66.12	29.71	196.173	0.147	0.299	0.095	1.325	0.053	0.06	0.43	0.406	0.57	0.595	30
603	1285	66.12	29.96	196.846	0.148	0.295	0.093	1.303	0.05	0.057	0.422	0.396	0.578	0.604	30
604	1286	66.12	30.21	196.619	0.153	0.293	0.091	1.291	0.05	0.055	0.418	0.392	0.582	0.608	30
605	1287	66.12	30.46	198.204	0.163	0.291	0.09	1.329	0.053	0.06	0.42	0.394	0.58	0.606	30
606	1288	66.12	30.71	195.295	0.172	0.299	0.098	1.335	0.067	0.075	0.433	0.405	0.567	0.595	30
607	1289	66.12	30.96	190.615	0.17	0.31	0.108	1.322	0.082	0.088	0.446	0.417	0.554	0.583	30
608	1290	66.12	31.21	194.759	0.158	0.303	0.102	1.334	0.063	0.072	0.416	0.39	0.584	0.61	30
609	1291	66.12	31.46	198.586	0.141	0.292	0.092	1.347	0.048	0.058	0.399	0.378	0.601	0.622	30
610	1292	66.12	31.71	198.382	0.136	0.298	0.096	1.339	0.047	0.057	0.386	0.368	0.614	0.632	30
611	1293	66.12	31.96	198.218	0.14	0.302	0.098	1.334	0.046	0.057	0.383	0.367	0.616	0.633	30
612	1294	66.12	32.21	199.189	0.138	0.299	0.093	1.339	0.047	0.058	0.384	0.37	0.616	0.63	30
613	1295	66.12	32.46	199.809	0.134	0.3	0.092	1.336	0.047	0.06	0.375	0.366	0.624	0.634	30
614	1296	66.12	32.71	199.681	0.14	0.301	0.094	1.337	0.052	0.065	0.366	0.357	0.634	0.643	30
615	1297	66.12	32.96	199.162	0.142	0.304	0.097	1.334	0.052	0.065	0.351	0.344	0.649	0.656	30
616	1298	66.12	33.21	199.106	0.139	0.305	0.099	1.317	0.055	0.066	0.35	0.344	0.65	0.656	30
617	1299	66.12	33.46	198.52	0.141	0.308	0.103	1.291	0.054	0.066	0.346	0.339	0.654	0.661	30
618	1300	66.12	33.71	197.661	0.14	0.306	0.101	1.264	0.052	0.064	0.335	0.327	0.666	0.673	30
619	1301	66.12	33.96	195.343	0.151	0.307	0.105	1.267	0.057	0.069	0.341	0.332	0.659	0.668	30
620	1302	66.12	34.21	193.473	0.153	0.306	0.105	1.269	0.061	0.073	0.343	0.332	0.657	0.668	30
621	1303	65.87	12.46	143.096	0.247	0.305	0.1	1.239	0.087	0.086	0.431	0.403	0.569	0.596	30
622	1304	65.87	12.71	149.368	0.253	0.306	0.103	1.235	0.095	0.093	0.435	0.404	0.565	0.596	30
623	1305	65.87	12.96	139.551	0.255	0.304	0.1	1.231	0.093	0.093	0.433	0.403	0.567	0.597	30
624	1306	65.87	13.21	158.258	0.25	0.305	0.1	1.247	0.096	0.096	0.438	0.409	0.562	0.591	30
625	1307	65.87	13.46	142.142	0.252	0.304	0.097	1.217	0.089	0.088	0.431	0.402	0.568	0.598	30
626	1308	65.87	13.71	129.52	0.26	0.303	0.098	1.201	0.082	0.082	0.428	0.4	0.572	0.599	30
627	1309	65.87	13.96	127.33	0.251	0.303	0.097	1.195	0.078	0.077	0.429	0.399	0.571	0.601	30
628	1310	65.87	14.21	114.95	0.267	0.301	0.097	1.19	0.075	0.073	0.425	0.395	0.575	0.605	30
629	1311	65.87	14.46	116.227	0.256	0.299	0.094	1.198	0.066	0.062	0.424	0.395	0.575	0.605	30
630	1312	65.87	14.71	122.238	0.247	0.299	0.095	1.197	0.066	0.062	0.435	0.408	0.565	0.591	30
631	1313	65.87	14.96	137.968	0.239	0.301	0.096	1.202	0.068	0.063	0.447	0.417	0.553	0.583	30
632	1314	65.87	15.21	129.963	0.247	0.301	0.097	1.197	0.07	0.066	0.441	0.414	0.559	0.585	30
633	1315	65.87	15.46	162.551	0.224	0.302	0.098	1.181	0.07	0.065	0.463	0.433	0.537	0.567	30
634	1316	65.87	15.71	161.79	0.224	0.299	0.097	1.212	0.07	0.065	0.453	0.422	0.548	0.578	30
635	1317	65.87	15.96	163.644	0.232	0.3	0.099	1.225	0.075	0.072	0.453	0.425	0.547	0.575	30
636	1318	65.87	16.21	175.127	0.217	0.301	0.099	1.242	0.073	0.071	0.463	0.432	0.537	0.568	30
637	1319	65.87	16.46	180.882	0.206	0.299	0.097	1.264	0.07	0.069	0.463	0.433	0.537	0.568	30
638	1320	65.87	16.71	185.673	0.201	0.298	0.095	1.28	0.07	0.069	0.465	0.435	0.535	0.565	30
639	1321	65.87	16.96	189.807	0.196	0.298	0.094	1.3	0.072	0.072	0.47	0.44	0.53	0.56	30
640	1322	65.87	17.21	194.216	0.188	0.295	0.092	1.315	0.06	0.062	0.452	0.423	0.548	0.577	30
641	1323	65.87	17.46	194.459	0.183	0.294	0.091	1.318	0.055	0.056	0.44	0.411	0.56	0.589	30
642	1324	65.87	17.71	193.55	0.172	0.304	0.098	1.287	0.06	0.06	0.451	0.42	0.549	0.58	30
643	1325	65.87	17.96	192.277	0.168	0.305	0.097	1.283	0.057	0.058	0.452	0.421	0.548	0.58	30
644	1326	65.87	18.21	190.766	0.177	0.301	0.094	1.301	0.054	0.056	0.451	0.422	0.549	0.578	30
645	1327	65.87	18.46	190.472	0.178	0.297	0.091	1.304	0.05	0.052	0.431	0.403	0.569	0.598	30
646	1328	65.87	18.71	195.571	0.175	0.297	0.091	1.299	0.049	0.052	0.426	0.398	0.574	0.602	30
647	1329	65.87	18.96	198.139	0.171	0.298	0.091	1.302	0.049	0.054	0.426	0.398	0.574	0.601	30
648	1330	65.87	19.21	198.041	0.172	0.298	0.09	1.31	0.052	0.058	0.435	0.41	0.565	0.59	30
649	1331	65.87	19.46	198.758	0.168	0.298	0.09	1.314	0.046	0.053	0.42	0.397	0.58	0.603	30
650	1332	65.87	19.71	198.593	0.17	0.297	0.089	1.324	0.049	0.056	0.419	0.396	0.581	0.603	30
651	1333	65.87	19.96	198.888	0.165	0.297	0.089	1.331	0.052	0.06	0.415	0.394	0.585	0.606	30
652	1334	65.87	20.21	198.829	0.166	0.299	0.091	1.334	0.054	0.062	0.416	0.394	0.584	0.606	30
653	1335	65.87	20.46	198.841	0.164	0.299	0.092	1.335	0.055	0.064	0.411	0.39	0.589	0.61	30
654	1336	65.87	20.71	198.908	0.17	0.299	0.092	1.339	0.057	0.066	0.414	0.394	0.586	0.606	30
655	1337	65.87	20.96	199.24	0.171	0.301	0.093	1.333	0.065	0.074	0.424	0.402	0.575	0.597	30
656	1338	65.87	21.21	199.548	0.163	0.303	0.094	1.329	0.07	0.079	0.429	0.408	0.571	0.592	30
657	1339	65.87	21.46	199.166	0.162	0.301	0.096	1.321	0.075	0.085	0.423	0.404	0.577	0.596	30
658	1340	65.87	21.71	199.348	0.156	0.302	0.099	1.31	0.08	0.09	0.411	0.392	0.589	0.608	30
659	1341	65.87	21.96	199.56	0.161	0.301	0.099	1.303	0.076	0.087	0.391	0.372	0.609	0.628	30
660	1342	65.87	22.21	199.519	0.163	0.302	0.1	1.306	0.076	0.088	0.386	0.368	0.614	0.632	30
661	1343	65.87	22.46	196.841	0.17	0.303	0.102	1.318	0.077	0.088	0.379	0.362	0.621	0.638	30
662	1344	65.87	22.71	197.625	0.168	0.298	0.098	1.317	0.067	0.078	0.361	0.343	0.639	0.657	30
663	1345	65.87	22.96	198.183	0.165	0.3	0.098	1.313	0.07	0.081	0.374	0.36	0.626	0.64	30
664	1346	65.87	23.21	197.729	0.165	0.301	0.099	1.299	0.07	0.08	0.37	0.356	0.63	0.644	30
665	1347	65.87	23.46	194.985	0.172	0.302	0.1	1.29	0.085	0.096	0.384	0.371	0.616	0.629	30
666	1348	65.87	23.71	194.478	0.167	0.3	0.099	1.283	0.084	0.096	0.385	0.371	0.615	0.629	30
667	1349	65.87	23.96	195.743	0.156	0.303	0.103	1.279	0.084	0.096	0.406	0.391	0.594	0.608	30
668	1350	65.87	24.21	197.291	0.151	0.309	0.107	1.29	0.093	0.103	0.439	0.422	0.56	0.578	30
669	1351	65.87	24.46	197.497	0.149	0.307	0.105	1.29	0.087	0.096	0.427	0.407	0.573	0.593	30
670	1352	65.87	24.71	199.035	0.148	0.303	0.103	1.294	0.077	0.086	0.411	0.39	0.589	0.61	30
671	1353	65.87	24.96	199.55	0.149	0.298	0.097	1.301	0.066	0.075	0.397	0.374	0.603	0.626	30
672	1354	65.87	25.21	199.753	0.143	0.298	0.097	1.305	0.062	0.072	0.395	0.37	0.605	0.63	30
673	1355	65.87	25.46	199.802	0.136	0.299	0.097	1.318	0.06	0.07	0.396	0.369	0.604	0.631	30
674	1356	65.87	25.71	199.709	0.131	0.299	0.096	1.325	0.061	0.072	0.395	0.37	0.605	0.63	30
675	1357	65.87	25.96	199.749	0.129	0.298	0.094	1.327	0.059	0.071	0.393	0.372	0.607	0.628	30
676	1358	65.87	26.21	199.346	0.115	0.301	0.095	1.311	0.065	0.076	0.42	0.403	0.579	0.597	30
677	1359	65.87	26.46	199.52	0.12	0.299	0.094	1.317	0.06	0.072	0.408	0.393	0.591	0.607	30
678	1360	65.87	26.71	199.756	0.129	0.297	0.092	1.328	0.055	0.065	0.399	0.384	0.601	0.616	30
679	1361	65.87	26.96	199.316	0.135	0.297	0.09	1.332	0.051	0.06	0.396	0.381	0.604	0.618	30
680	1362	65.87	27.21	198.711	0.135	0.3	0.092	1.333	0.05	0.06	0.398	0.383	0.602	0.617	30
681	1363	65.87	27.46	199.027	0.142	0.295	0.089	1.351	0.048	0.058	0.395	0.378	0.605	0.622	30
