# Command file for Castanea
# Generated on Rstudio by user vandermeersch, on the 2023-06-23

# The filenames below are relative to the folder containing this command file
castaneaFileName	=	CastaneaSpecies_08_2021.txt
inventoryFileName	=	C:/Users/vandermeersch/Documents/CEFE/phd/hindcasting/simulation/castanea/run/inventory.txt

climateBaseName	=	D:/climate/HadCM3B_60Kyr_Climate/2023_dataset/castanea_format/025deg/5500BP/
climateExtension	=	.txt
simulationName	=	ind1_


#	siteId	gridName	latitude	longitude	soilHeight	stone	wfc	wilt	bulk	SOLCLAYtop	SOLCLAYsol	SOLFINtop	SOLFINsol	SOLSANDtop	SOLSANDsol	numberOfYears
1	4023	57.12	28.21	200	0.066	0.315	0.123	1.412	0.137	0.149	0.463	0.454	0.537	0.546	30
2	4024	57.12	28.46	200	0.06	0.315	0.123	1.399	0.137	0.15	0.47	0.461	0.53	0.538	30
3	4025	57.12	28.71	199.998	0.063	0.314	0.122	1.409	0.134	0.147	0.462	0.453	0.538	0.547	30
4	4026	57.12	28.96	199.993	0.068	0.311	0.12	1.432	0.121	0.134	0.444	0.434	0.556	0.566	30
5	4027	57.12	29.21	199.974	0.076	0.311	0.12	1.432	0.119	0.131	0.451	0.439	0.549	0.561	30
6	4028	57.12	29.46	199.919	0.073	0.315	0.122	1.426	0.124	0.136	0.463	0.449	0.537	0.551	30
7	4029	57.12	29.71	199.915	0.057	0.318	0.126	1.418	0.141	0.152	0.481	0.47	0.519	0.53	30
8	4030	57.12	29.96	199.998	0.05	0.321	0.127	1.419	0.14	0.152	0.466	0.456	0.534	0.544	30
9	4031	57.12	30.21	199.975	0.054	0.327	0.13	1.347	0.142	0.153	0.453	0.443	0.547	0.557	30
10	4032	57.12	30.46	199.986	0.061	0.332	0.134	1.287	0.156	0.169	0.47	0.46	0.53	0.54	30
11	4033	57.12	30.71	199.996	0.065	0.332	0.134	1.294	0.159	0.172	0.468	0.458	0.531	0.542	30
12	4034	57.12	30.96	199.998	0.067	0.321	0.126	1.371	0.133	0.145	0.438	0.425	0.562	0.575	30
13	4035	57.12	31.21	199.996	0.065	0.318	0.124	1.39	0.127	0.138	0.444	0.426	0.556	0.574	30
14	4036	57.12	31.46	199.987	0.062	0.317	0.128	1.396	0.13	0.142	0.476	0.455	0.524	0.545	30
15	4037	57.12	31.71	199.976	0.068	0.314	0.126	1.399	0.126	0.138	0.494	0.472	0.506	0.528	30
16	4038	57.12	31.96	199.954	0.082	0.306	0.123	1.395	0.123	0.136	0.505	0.483	0.495	0.517	30
17	4039	57.12	32.21	199.942	0.083	0.304	0.122	1.367	0.122	0.134	0.498	0.477	0.502	0.523	30
18	4040	57.12	32.46	199.983	0.076	0.302	0.123	1.376	0.122	0.134	0.49	0.469	0.51	0.531	30
19	4041	57.12	32.71	199.951	0.077	0.307	0.126	1.384	0.124	0.135	0.491	0.473	0.509	0.527	30
20	4042	57.12	32.96	199.851	0.073	0.311	0.127	1.379	0.127	0.138	0.49	0.472	0.51	0.528	30
21	4043	57.12	33.21	199.886	0.065	0.313	0.128	1.362	0.138	0.149	0.504	0.488	0.496	0.512	30
22	4044	57.12	33.46	199.973	0.056	0.313	0.13	1.355	0.148	0.159	0.511	0.493	0.489	0.507	30
23	4045	57.12	33.71	199.554	0.059	0.315	0.134	1.379	0.145	0.158	0.523	0.502	0.476	0.498	30
24	4046	57.12	33.96	199.407	0.065	0.313	0.132	1.379	0.143	0.158	0.528	0.506	0.471	0.494	30
25	4047	57.12	34.21	199.799	0.068	0.312	0.132	1.378	0.143	0.158	0.535	0.517	0.465	0.484	30
26	4048	57.12	34.46	199.967	0.063	0.315	0.135	1.372	0.149	0.164	0.559	0.544	0.441	0.457	30
27	4049	57.12	34.71	199.986	0.045	0.322	0.141	1.358	0.155	0.17	0.56	0.545	0.44	0.455	30
28	4050	56.87	-5.54	188.875	0.281	0.317	0.113	1.121	0.117	0.115	0.407	0.374	0.592	0.626	30
29	4051	56.87	-5.29	189.796	0.282	0.316	0.112	1.145	0.111	0.11	0.402	0.373	0.598	0.627	30
30	4052	56.87	-5.04	187.77	0.289	0.314	0.112	1.166	0.105	0.105	0.411	0.386	0.589	0.614	30
31	4053	56.87	-4.79	186.492	0.287	0.313	0.111	1.175	0.099	0.1	0.394	0.379	0.606	0.621	30
32	4054	56.87	-4.54	182.771	0.284	0.311	0.11	1.187	0.092	0.093	0.363	0.354	0.637	0.646	30
33	4055	56.87	-4.29	179.797	0.281	0.309	0.11	1.195	0.097	0.098	0.363	0.357	0.638	0.642	30
34	4056	56.87	-4.04	178.019	0.284	0.306	0.109	1.199	0.097	0.099	0.357	0.353	0.643	0.647	30
35	4057	56.87	-3.79	171.619	0.292	0.306	0.11	1.195	0.099	0.101	0.362	0.36	0.638	0.64	30
36	4058	56.87	-3.54	174.643	0.295	0.309	0.113	1.2	0.106	0.109	0.383	0.381	0.617	0.619	30
37	4059	56.87	-3.29	177.703	0.29	0.308	0.112	1.204	0.107	0.11	0.39	0.387	0.61	0.613	30
38	4060	56.87	-3.04	181.667	0.272	0.306	0.112	1.236	0.116	0.119	0.397	0.393	0.602	0.607	30
39	4061	56.87	-2.79	186.847	0.244	0.306	0.115	1.278	0.126	0.131	0.413	0.408	0.587	0.592	30
40	4062	56.87	-2.54	191.317	0.205	0.304	0.121	1.338	0.141	0.149	0.45	0.443	0.549	0.557	30
41	4063	56.87	-2.29	194.335	0.188	0.307	0.127	1.365	0.162	0.171	0.491	0.484	0.509	0.516	30
42	4064	56.87	8.96	195.1	0.087	0.288	0.117	1.444	0.124	0.13	0.339	0.33	0.66	0.67	30
43	4065	56.87	9.21	195.517	0.084	0.292	0.119	1.446	0.128	0.135	0.348	0.341	0.652	0.659	30
44	4066	56.87	9.46	199.8	0.084	0.279	0.112	1.467	0.112	0.122	0.321	0.318	0.679	0.682	30
45	4067	56.87	9.71	199.486	0.092	0.281	0.113	1.466	0.117	0.128	0.353	0.349	0.647	0.651	30
46	4068	56.87	9.96	199.305	0.091	0.287	0.116	1.46	0.129	0.139	0.378	0.371	0.622	0.629	30
47	4069	56.87	10.21	199.909	0.079	0.298	0.12	1.407	0.142	0.148	0.391	0.378	0.609	0.622	30
48	4070	56.87	12.71	185.354	0.13	0.293	0.112	1.414	0.12	0.127	0.411	0.396	0.589	0.604	30
49	4071	56.87	12.96	180.082	0.151	0.289	0.099	1.366	0.079	0.085	0.377	0.361	0.623	0.639	30
50	4072	56.87	13.21	184.09	0.144	0.29	0.096	1.354	0.062	0.071	0.344	0.331	0.656	0.668	30
51	4073	56.87	13.46	189.767	0.132	0.291	0.101	1.362	0.06	0.073	0.311	0.304	0.689	0.696	30
52	4074	56.87	13.71	192.983	0.127	0.296	0.107	1.374	0.069	0.082	0.326	0.319	0.674	0.681	30
53	4075	56.87	13.96	198.885	0.122	0.297	0.11	1.394	0.065	0.079	0.314	0.306	0.687	0.694	30
54	4076	56.87	14.21	199.718	0.127	0.297	0.109	1.378	0.061	0.077	0.299	0.294	0.701	0.706	30
55	4077	56.87	14.46	199.781	0.13	0.297	0.109	1.38	0.069	0.085	0.316	0.311	0.685	0.689	30
56	4078	56.87	14.71	199.392	0.125	0.3	0.112	1.392	0.083	0.097	0.345	0.339	0.655	0.661	30
57	4079	56.87	14.96	198.518	0.132	0.297	0.107	1.37	0.072	0.087	0.339	0.333	0.661	0.667	30
58	4080	56.87	15.21	196.474	0.144	0.297	0.104	1.338	0.061	0.076	0.327	0.323	0.673	0.677	30
59	4081	56.87	15.46	194.622	0.145	0.299	0.103	1.331	0.072	0.087	0.353	0.349	0.647	0.651	30
60	4082	56.87	15.71	194.903	0.147	0.3	0.103	1.322	0.09	0.103	0.389	0.384	0.611	0.616	30
61	4083	56.87	15.96	193.662	0.138	0.301	0.108	1.32	0.1	0.111	0.396	0.387	0.604	0.613	30
62	4084	56.87	16.21	192.075	0.127	0.302	0.114	1.316	0.123	0.133	0.399	0.39	0.601	0.61	30
63	4085	56.87	21.46	186.414	0.091	0.296	0.117	1.424	0.147	0.158	0.395	0.391	0.604	0.608	30
64	4086	56.87	21.71	198.161	0.09	0.304	0.122	1.485	0.155	0.168	0.448	0.446	0.552	0.554	30
65	4087	56.87	21.96	199.507	0.092	0.305	0.121	1.476	0.145	0.158	0.424	0.423	0.576	0.577	30
66	4088	56.87	22.21	199.775	0.086	0.304	0.123	1.46	0.141	0.155	0.415	0.413	0.585	0.587	30
67	4089	56.87	22.46	199.982	0.088	0.309	0.128	1.488	0.154	0.167	0.452	0.451	0.548	0.549	30
68	4090	56.87	22.71	199.991	0.095	0.309	0.128	1.485	0.15	0.163	0.447	0.446	0.553	0.554	30
69	4091	56.87	22.96	199.978	0.093	0.312	0.13	1.495	0.157	0.17	0.463	0.462	0.537	0.538	30
70	4092	56.87	23.21	199.837	0.091	0.314	0.13	1.488	0.164	0.176	0.472	0.472	0.528	0.528	30
71	4093	56.87	23.46	199.403	0.091	0.314	0.126	1.407	0.156	0.164	0.426	0.422	0.574	0.577	30
72	4094	56.87	23.71	199.564	0.091	0.312	0.123	1.393	0.146	0.153	0.402	0.396	0.598	0.604	30
73	4095	56.87	24.46	199.949	0.09	0.303	0.115	1.426	0.113	0.125	0.341	0.337	0.659	0.662	30
74	4096	56.87	24.71	199.99	0.09	0.305	0.115	1.454	0.112	0.126	0.364	0.362	0.636	0.638	30
75	4097	56.87	24.96	199.998	0.087	0.31	0.12	1.483	0.128	0.145	0.424	0.424	0.576	0.576	30
76	4098	56.87	25.21	199.995	0.09	0.307	0.12	1.489	0.132	0.148	0.445	0.441	0.555	0.559	30
77	4099	56.87	25.46	199.99	0.092	0.308	0.122	1.486	0.135	0.151	0.464	0.458	0.536	0.542	30
78	4100	56.87	25.71	199.962	0.095	0.311	0.124	1.475	0.141	0.157	0.483	0.476	0.517	0.524	30
79	4101	56.87	25.96	199.964	0.097	0.311	0.123	1.462	0.141	0.156	0.483	0.476	0.517	0.524	30
80	4102	56.87	26.21	199.97	0.093	0.309	0.123	1.461	0.137	0.152	0.473	0.468	0.527	0.532	30
81	4103	56.87	26.46	199.985	0.086	0.309	0.123	1.44	0.128	0.143	0.437	0.434	0.563	0.566	30
82	4104	56.87	26.71	199.966	0.082	0.312	0.123	1.415	0.124	0.138	0.43	0.426	0.569	0.574	30
83	4105	56.87	26.96	199.966	0.082	0.315	0.121	1.361	0.121	0.134	0.421	0.416	0.579	0.584	30
84	4106	56.87	27.21	199.976	0.073	0.312	0.121	1.416	0.126	0.141	0.443	0.439	0.557	0.561	30
85	4107	56.87	27.46	199.998	0.073	0.311	0.121	1.413	0.129	0.144	0.449	0.445	0.55	0.555	30
86	4108	56.87	27.71	200	0.07	0.314	0.124	1.417	0.136	0.15	0.467	0.461	0.533	0.539	30
87	4109	56.87	27.96	199.999	0.07	0.311	0.119	1.406	0.123	0.136	0.427	0.42	0.573	0.58	30
88	4110	56.87	28.21	199.999	0.068	0.311	0.118	1.386	0.119	0.132	0.416	0.408	0.584	0.592	30
89	4111	56.87	28.46	200	0.059	0.313	0.122	1.387	0.13	0.144	0.447	0.438	0.553	0.562	30
90	4112	56.87	28.71	199.998	0.06	0.311	0.121	1.405	0.125	0.138	0.439	0.43	0.561	0.57	30
91	4113	56.87	28.96	199.995	0.066	0.309	0.119	1.421	0.117	0.129	0.448	0.435	0.552	0.564	30
92	4114	56.87	29.21	199.984	0.088	0.309	0.117	1.418	0.111	0.123	0.47	0.453	0.53	0.547	30
93	4115	56.87	29.46	199.984	0.094	0.311	0.119	1.411	0.116	0.128	0.48	0.462	0.519	0.538	30
94	4116	56.87	29.71	199.993	0.079	0.314	0.122	1.417	0.127	0.139	0.481	0.466	0.519	0.534	30
95	4117	56.87	29.96	199.998	0.064	0.319	0.127	1.408	0.143	0.154	0.488	0.477	0.512	0.523	30
96	4118	56.87	30.21	199.993	0.055	0.324	0.129	1.379	0.143	0.155	0.462	0.452	0.538	0.548	30
97	4119	56.87	30.46	199.997	0.053	0.325	0.128	1.376	0.136	0.15	0.443	0.433	0.557	0.567	30
98	4120	56.87	30.71	200	0.054	0.322	0.126	1.382	0.134	0.148	0.446	0.435	0.554	0.565	30
99	4121	56.87	30.96	199.999	0.062	0.32	0.125	1.394	0.123	0.135	0.439	0.424	0.561	0.576	30
100	4122	56.87	31.21	199.975	0.074	0.315	0.124	1.394	0.123	0.133	0.473	0.452	0.526	0.548	30
101	4123	56.87	31.46	199.947	0.09	0.308	0.125	1.407	0.127	0.14	0.516	0.491	0.484	0.509	30
102	4124	56.87	31.71	199.895	0.092	0.306	0.126	1.405	0.123	0.136	0.518	0.495	0.482	0.505	30
103	4125	56.87	31.96	199.898	0.092	0.305	0.125	1.396	0.121	0.134	0.502	0.481	0.498	0.519	30
104	4126	56.87	32.21	199.934	0.08	0.306	0.124	1.372	0.128	0.139	0.487	0.466	0.513	0.534	30
105	4127	56.87	32.46	199.883	0.073	0.307	0.124	1.363	0.134	0.145	0.486	0.466	0.514	0.534	30
106	4128	56.87	32.71	199.769	0.077	0.31	0.125	1.369	0.137	0.148	0.503	0.482	0.497	0.518	30
107	4129	56.87	32.96	199.808	0.077	0.309	0.128	1.384	0.137	0.148	0.52	0.496	0.48	0.504	30
108	4130	56.87	33.21	199.898	0.072	0.314	0.132	1.378	0.144	0.156	0.527	0.507	0.473	0.493	30
109	4131	56.87	33.46	199.92	0.065	0.319	0.139	1.37	0.155	0.168	0.526	0.509	0.474	0.491	30
110	4132	56.87	33.71	199.403	0.068	0.321	0.142	1.389	0.155	0.171	0.546	0.524	0.454	0.476	30
111	4133	56.87	33.96	199.372	0.067	0.318	0.137	1.379	0.155	0.17	0.541	0.518	0.459	0.482	30
112	4134	56.87	34.21	199.686	0.064	0.314	0.134	1.373	0.152	0.166	0.541	0.519	0.459	0.481	30
113	4135	56.87	34.46	199.924	0.061	0.317	0.138	1.37	0.153	0.168	0.559	0.543	0.441	0.457	30
114	4136	56.87	34.71	199.991	0.051	0.32	0.142	1.362	0.156	0.172	0.567	0.552	0.433	0.448	30
115	4137	56.62	-5.79	187.196	0.228	0.318	0.114	1.183	0.116	0.116	0.432	0.4	0.567	0.6	30
116	4138	56.62	-5.29	191.405	0.261	0.318	0.113	1.151	0.119	0.119	0.424	0.393	0.576	0.607	30
117	4139	56.62	-5.04	185.772	0.293	0.317	0.113	1.126	0.111	0.11	0.4	0.379	0.599	0.621	30
118	4140	56.62	-4.79	188.561	0.284	0.316	0.112	1.168	0.103	0.102	0.385	0.371	0.615	0.629	30
119	4141	56.62	-4.54	187.258	0.279	0.313	0.112	1.185	0.101	0.102	0.384	0.373	0.616	0.628	30
120	4142	56.62	-4.29	185.21	0.28	0.314	0.114	1.184	0.107	0.108	0.395	0.386	0.605	0.614	30
121	4143	56.62	-4.04	185.074	0.273	0.313	0.115	1.199	0.114	0.116	0.413	0.403	0.587	0.597	30
122	4144	56.62	-3.79	183.067	0.263	0.312	0.115	1.226	0.118	0.122	0.425	0.415	0.574	0.585	30
123	4145	56.62	-3.54	185.354	0.25	0.312	0.119	1.273	0.127	0.133	0.444	0.435	0.556	0.565	30
124	4146	56.62	-3.29	190.415	0.232	0.311	0.124	1.317	0.146	0.152	0.47	0.464	0.53	0.536	30
125	4147	56.62	-3.04	193.331	0.21	0.309	0.126	1.344	0.153	0.159	0.479	0.475	0.52	0.525	30
126	4148	56.62	-2.79	196.662	0.181	0.304	0.127	1.377	0.158	0.165	0.485	0.479	0.515	0.521	30
127	4149	56.62	8.71	197.51	0.089	0.279	0.111	1.454	0.109	0.116	0.317	0.309	0.683	0.691	30
128	4150	56.62	8.96	198.769	0.084	0.283	0.115	1.462	0.121	0.13	0.343	0.334	0.657	0.666	30
129	4151	56.62	9.21	198.868	0.089	0.28	0.113	1.468	0.11	0.118	0.308	0.301	0.692	0.699	30
130	4152	56.62	9.46	199.929	0.091	0.274	0.109	1.478	0.096	0.106	0.284	0.281	0.715	0.719	30
131	4153	56.62	9.71	199.864	0.096	0.28	0.111	1.474	0.104	0.115	0.317	0.316	0.682	0.684	30
132	4154	56.62	9.96	199.739	0.092	0.288	0.115	1.469	0.119	0.131	0.357	0.353	0.643	0.646	30
133	4155	56.62	10.21	199.952	0.084	0.301	0.123	1.435	0.143	0.152	0.401	0.393	0.599	0.607	30
134	4156	56.62	12.96	191.962	0.124	0.29	0.112	1.423	0.114	0.121	0.399	0.387	0.601	0.613	30
135	4157	56.62	13.21	189.862	0.138	0.29	0.102	1.373	0.076	0.083	0.358	0.347	0.642	0.653	30
136	4158	56.62	13.46	193.444	0.135	0.289	0.1	1.348	0.058	0.071	0.303	0.297	0.697	0.703	30
137	4159	56.62	13.71	198.147	0.128	0.291	0.104	1.361	0.06	0.076	0.295	0.29	0.705	0.71	30
138	4160	56.62	13.96	199.755	0.126	0.296	0.108	1.373	0.061	0.077	0.299	0.292	0.701	0.707	30
139	4161	56.62	14.21	199.762	0.123	0.299	0.11	1.365	0.059	0.075	0.287	0.283	0.713	0.717	30
140	4162	56.62	14.46	199.444	0.131	0.299	0.11	1.358	0.064	0.08	0.295	0.291	0.705	0.709	30
141	4163	56.62	14.71	197.329	0.13	0.303	0.112	1.358	0.083	0.097	0.338	0.331	0.662	0.669	30
142	4164	56.62	14.96	198.534	0.13	0.3	0.111	1.351	0.08	0.096	0.34	0.334	0.66	0.666	30
143	4165	56.62	15.21	198.305	0.14	0.298	0.107	1.331	0.073	0.089	0.342	0.335	0.658	0.665	30
144	4166	56.62	15.46	198.047	0.14	0.298	0.104	1.322	0.077	0.091	0.358	0.351	0.642	0.649	30
145	4167	56.62	15.71	198.127	0.141	0.299	0.104	1.319	0.089	0.101	0.376	0.369	0.624	0.631	30
146	4168	56.62	15.96	198.473	0.13	0.297	0.109	1.323	0.109	0.119	0.392	0.384	0.608	0.616	30
147	4169	56.62	16.46	186.878	0.087	0.316	0.135	1.367	0.168	0.175	0.399	0.392	0.601	0.608	30
148	4170	56.62	21.46	198.112	0.085	0.31	0.129	1.492	0.173	0.183	0.474	0.47	0.526	0.53	30
149	4171	56.62	21.71	199.312	0.094	0.31	0.124	1.501	0.158	0.17	0.463	0.461	0.537	0.539	30
150	4172	56.62	21.96	199.616	0.09	0.304	0.123	1.496	0.15	0.164	0.449	0.446	0.551	0.554	30
151	4173	56.62	22.21	199.919	0.084	0.301	0.123	1.498	0.146	0.16	0.444	0.44	0.556	0.56	30
152	4174	56.62	22.46	199.986	0.084	0.304	0.124	1.513	0.142	0.156	0.448	0.445	0.552	0.555	30
153	4175	56.62	22.71	199.981	0.089	0.306	0.124	1.494	0.141	0.154	0.438	0.435	0.561	0.565	30
154	4176	56.62	22.96	199.975	0.088	0.312	0.129	1.502	0.152	0.164	0.459	0.456	0.541	0.544	30
155	4177	56.62	23.21	199.981	0.083	0.317	0.135	1.509	0.168	0.181	0.49	0.488	0.51	0.512	30
156	4178	56.62	23.46	199.933	0.073	0.324	0.142	1.494	0.184	0.193	0.523	0.519	0.477	0.482	30
157	4179	56.62	23.71	199.989	0.074	0.321	0.136	1.467	0.166	0.174	0.481	0.475	0.519	0.525	30
158	4180	56.62	24.21	199.991	0.081	0.312	0.124	1.457	0.137	0.148	0.421	0.417	0.579	0.583	30
159	4181	56.62	24.46	199.985	0.084	0.309	0.119	1.455	0.119	0.132	0.385	0.381	0.615	0.619	30
160	4182	56.62	24.71	199.991	0.086	0.309	0.118	1.441	0.114	0.127	0.384	0.38	0.616	0.619	30
161	4183	56.62	24.96	199.999	0.085	0.304	0.116	1.447	0.116	0.132	0.39	0.385	0.61	0.615	30
162	4184	56.62	25.21	200	0.08	0.306	0.12	1.468	0.127	0.143	0.42	0.416	0.58	0.584	30
163	4185	56.62	25.46	200	0.081	0.309	0.121	1.482	0.13	0.146	0.437	0.432	0.563	0.567	30
164	4186	56.62	25.71	199.992	0.086	0.308	0.121	1.478	0.132	0.147	0.449	0.445	0.55	0.555	30
165	4187	56.62	25.96	199.973	0.088	0.308	0.122	1.458	0.129	0.144	0.449	0.444	0.55	0.555	30
166	4188	56.62	26.21	199.958	0.084	0.31	0.121	1.423	0.125	0.14	0.441	0.437	0.559	0.563	30
167	4189	56.62	26.46	199.998	0.082	0.317	0.125	1.334	0.129	0.144	0.439	0.438	0.56	0.562	30
168	4190	56.62	26.71	199.989	0.078	0.316	0.126	1.386	0.131	0.146	0.456	0.454	0.543	0.546	30
169	4191	56.62	26.96	199.984	0.074	0.314	0.124	1.403	0.13	0.144	0.453	0.449	0.547	0.551	30
170	4192	56.62	27.21	199.967	0.072	0.311	0.122	1.431	0.131	0.146	0.451	0.449	0.549	0.551	30
171	4193	56.62	27.46	199.996	0.072	0.312	0.123	1.418	0.134	0.148	0.459	0.456	0.541	0.544	30
172	4194	56.62	27.71	199.998	0.072	0.313	0.123	1.414	0.134	0.148	0.458	0.453	0.542	0.547	30
173	4195	56.62	27.96	199.996	0.068	0.31	0.118	1.396	0.115	0.129	0.414	0.408	0.586	0.592	30
174	4196	56.62	28.21	199.997	0.069	0.31	0.117	1.361	0.103	0.116	0.382	0.375	0.618	0.625	30
175	4197	56.62	28.46	199.999	0.067	0.311	0.118	1.378	0.108	0.121	0.395	0.387	0.604	0.613	30
176	4198	56.62	28.71	199.998	0.066	0.308	0.117	1.401	0.108	0.122	0.403	0.393	0.597	0.606	30
177	4199	56.62	28.96	199.963	0.082	0.304	0.113	1.403	0.097	0.109	0.409	0.394	0.59	0.605	30
178	4200	56.62	29.21	199.982	0.085	0.306	0.115	1.397	0.106	0.119	0.431	0.415	0.569	0.585	30
179	4201	56.62	29.46	199.987	0.092	0.311	0.119	1.381	0.119	0.132	0.466	0.449	0.534	0.551	30
180	4202	56.62	29.71	199.99	0.091	0.315	0.123	1.392	0.13	0.143	0.49	0.473	0.51	0.527	30
181	4203	56.62	29.96	199.999	0.074	0.317	0.125	1.392	0.136	0.149	0.512	0.497	0.488	0.502	30
182	4204	56.62	30.21	200	0.055	0.32	0.128	1.381	0.144	0.157	0.491	0.48	0.509	0.52	30
183	4205	56.62	30.46	200	0.056	0.324	0.127	1.371	0.134	0.148	0.449	0.437	0.551	0.563	30
184	4206	56.62	30.71	200	0.057	0.325	0.129	1.375	0.135	0.147	0.452	0.44	0.548	0.56	30
185	4207	56.62	30.96	200	0.059	0.325	0.13	1.376	0.129	0.14	0.458	0.442	0.542	0.558	30
186	4208	56.62	31.21	199.993	0.074	0.315	0.126	1.397	0.128	0.14	0.492	0.471	0.508	0.529	30
187	4209	56.62	31.46	199.989	0.084	0.309	0.126	1.412	0.131	0.144	0.512	0.49	0.488	0.51	30
188	4210	56.62	31.71	199.96	0.084	0.309	0.128	1.403	0.129	0.141	0.509	0.488	0.491	0.512	30
189	4211	56.62	31.96	199.82	0.095	0.307	0.128	1.394	0.126	0.139	0.52	0.498	0.48	0.502	30
190	4212	56.62	32.21	199.816	0.077	0.309	0.128	1.38	0.135	0.147	0.508	0.488	0.492	0.512	30
191	4213	56.62	32.46	199.129	0.071	0.317	0.131	1.356	0.152	0.164	0.533	0.512	0.467	0.488	30
192	4214	56.62	32.71	199.305	0.073	0.316	0.13	1.366	0.154	0.165	0.54	0.516	0.46	0.484	30
193	4215	56.62	32.96	199.16	0.08	0.313	0.131	1.38	0.146	0.16	0.546	0.521	0.454	0.479	30
194	4216	56.62	33.21	199.722	0.079	0.316	0.137	1.395	0.15	0.166	0.554	0.532	0.445	0.468	30
195	4217	56.62	33.46	199.725	0.075	0.318	0.139	1.402	0.152	0.169	0.545	0.524	0.454	0.476	30
196	4218	56.62	33.71	199.731	0.071	0.318	0.14	1.404	0.152	0.169	0.548	0.526	0.452	0.474	30
197	4219	56.62	33.96	199.731	0.063	0.322	0.141	1.392	0.159	0.175	0.556	0.537	0.444	0.463	30
198	4220	56.62	34.21	199.745	0.06	0.321	0.14	1.374	0.158	0.173	0.554	0.534	0.446	0.466	30
199	4221	56.62	34.46	199.884	0.063	0.32	0.143	1.371	0.156	0.171	0.56	0.542	0.44	0.458	30
200	4222	56.62	34.71	199.968	0.056	0.322	0.148	1.354	0.161	0.178	0.573	0.558	0.427	0.442	30
201	4223	56.37	-5.79	188.744	0.233	0.321	0.116	1.184	0.124	0.124	0.448	0.421	0.552	0.578	30
202	4224	56.37	-5.29	193.664	0.231	0.317	0.113	1.188	0.117	0.118	0.447	0.417	0.553	0.583	30
203	4225	56.37	-5.04	191.785	0.262	0.317	0.113	1.154	0.114	0.114	0.42	0.395	0.579	0.605	30
204	4226	56.37	-4.79	190.789	0.28	0.317	0.113	1.151	0.111	0.109	0.404	0.382	0.596	0.617	30
205	4227	56.37	-4.54	188.326	0.283	0.317	0.115	1.163	0.113	0.112	0.41	0.394	0.59	0.606	30
206	4228	56.37	-4.29	189.171	0.264	0.319	0.118	1.185	0.122	0.122	0.426	0.414	0.574	0.585	30
207	4229	56.37	-4.04	187.518	0.244	0.321	0.122	1.208	0.129	0.132	0.442	0.434	0.557	0.565	30
208	4230	56.37	-3.79	188.994	0.227	0.317	0.124	1.278	0.143	0.149	0.47	0.465	0.53	0.535	30
209	4231	56.37	-3.54	192.651	0.207	0.315	0.128	1.34	0.156	0.164	0.492	0.487	0.507	0.513	30
210	4232	56.37	-3.29	196.146	0.188	0.315	0.132	1.367	0.168	0.176	0.504	0.498	0.496	0.502	30
211	4233	56.37	-3.04	196.973	0.172	0.314	0.134	1.383	0.171	0.179	0.505	0.499	0.495	0.501	30
212	4234	56.37	8.46	198.398	0.09	0.277	0.108	1.452	0.097	0.105	0.301	0.292	0.699	0.708	30
213	4235	56.37	8.71	198.893	0.092	0.277	0.109	1.465	0.101	0.108	0.306	0.301	0.693	0.699	30
214	4236	56.37	8.96	199.649	0.091	0.27	0.106	1.466	0.089	0.097	0.254	0.25	0.746	0.75	30
215	4237	56.37	9.21	199.532	0.096	0.269	0.105	1.471	0.083	0.093	0.248	0.244	0.751	0.755	30
216	4238	56.37	9.46	199.769	0.102	0.274	0.109	1.478	0.098	0.109	0.306	0.302	0.694	0.698	30
217	4239	56.37	9.71	199.875	0.108	0.283	0.114	1.476	0.111	0.123	0.341	0.337	0.659	0.663	30
218	4240	56.37	9.96	199.979	0.1	0.293	0.12	1.477	0.131	0.144	0.394	0.39	0.606	0.61	30
219	4241	56.37	10.21	199.922	0.09	0.299	0.123	1.467	0.142	0.154	0.421	0.417	0.579	0.583	30
220	4242	56.37	10.46	199.479	0.089	0.296	0.119	1.45	0.134	0.145	0.386	0.38	0.614	0.62	30
221	4243	56.37	10.71	199.149	0.086	0.298	0.121	1.46	0.143	0.153	0.392	0.388	0.608	0.612	30
222	4244	56.37	12.96	197.239	0.11	0.291	0.118	1.443	0.133	0.142	0.413	0.403	0.587	0.598	30
223	4245	56.37	13.21	198.383	0.126	0.286	0.105	1.391	0.078	0.089	0.338	0.33	0.662	0.67	30
224	4246	56.37	13.46	198.771	0.127	0.288	0.103	1.355	0.057	0.072	0.291	0.286	0.709	0.714	30
225	4247	56.37	13.71	199.571	0.125	0.291	0.106	1.36	0.059	0.076	0.292	0.287	0.708	0.713	30
226	4248	56.37	13.96	199.87	0.124	0.291	0.107	1.375	0.065	0.079	0.308	0.3	0.692	0.699	30
227	4249	56.37	14.21	199.808	0.128	0.293	0.107	1.361	0.066	0.081	0.307	0.3	0.693	0.699	30
228	4250	56.37	14.46	199.239	0.138	0.295	0.106	1.353	0.074	0.088	0.334	0.326	0.666	0.674	30
229	4251	56.37	14.71	198.73	0.136	0.296	0.108	1.352	0.083	0.097	0.353	0.343	0.647	0.657	30
230	4252	56.37	14.96	198.103	0.138	0.298	0.108	1.336	0.091	0.105	0.362	0.352	0.638	0.648	30
231	4253	56.37	15.21	198.006	0.138	0.297	0.108	1.326	0.094	0.107	0.368	0.359	0.632	0.641	30
232	4254	56.37	15.46	196.791	0.133	0.299	0.111	1.327	0.102	0.115	0.371	0.363	0.629	0.637	30
233	4255	56.37	15.71	194.87	0.131	0.298	0.111	1.325	0.107	0.119	0.364	0.357	0.636	0.643	30
234	4256	56.37	15.96	194.754	0.119	0.298	0.114	1.321	0.133	0.142	0.39	0.382	0.61	0.618	30
235	4257	56.37	16.46	177.147	0.08	0.32	0.138	1.389	0.175	0.18	0.402	0.397	0.598	0.603	30
236	4258	56.37	21.46	199.199	0.084	0.304	0.122	1.502	0.157	0.169	0.441	0.438	0.559	0.562	30
237	4259	56.37	21.71	198.996	0.089	0.305	0.123	1.519	0.152	0.167	0.469	0.466	0.531	0.534	30
238	4260	56.37	21.96	199.268	0.086	0.304	0.124	1.52	0.157	0.172	0.491	0.487	0.509	0.513	30
239	4261	56.37	22.21	199.878	0.082	0.302	0.124	1.526	0.154	0.169	0.482	0.477	0.518	0.522	30
240	4262	56.37	22.46	199.977	0.082	0.302	0.124	1.525	0.143	0.158	0.46	0.456	0.54	0.544	30
241	4263	56.37	22.71	199.993	0.083	0.303	0.123	1.518	0.139	0.153	0.447	0.442	0.553	0.558	30
242	4264	56.37	22.96	199.997	0.078	0.306	0.127	1.528	0.146	0.159	0.458	0.453	0.542	0.547	30
243	4265	56.37	23.21	199.985	0.075	0.313	0.133	1.531	0.162	0.174	0.485	0.481	0.515	0.519	30
244	4266	56.37	23.46	199.957	0.071	0.319	0.14	1.546	0.184	0.196	0.528	0.525	0.472	0.475	30
245	4267	56.37	23.71	199.999	0.07	0.323	0.144	1.544	0.188	0.199	0.548	0.545	0.453	0.456	30
246	4268	56.37	23.96	199.999	0.073	0.326	0.144	1.542	0.191	0.2	0.567	0.561	0.433	0.439	30
247	4269	56.37	24.21	200	0.072	0.322	0.139	1.529	0.176	0.185	0.54	0.532	0.46	0.468	30
248	4270	56.37	24.46	199.999	0.068	0.316	0.132	1.517	0.16	0.172	0.495	0.489	0.505	0.511	30
249	4271	56.37	24.71	200	0.071	0.311	0.126	1.502	0.141	0.155	0.461	0.456	0.539	0.544	30
250	4272	56.37	24.96	200	0.075	0.305	0.119	1.466	0.121	0.138	0.403	0.397	0.597	0.603	30
251	4273	56.37	25.21	200	0.082	0.303	0.116	1.455	0.115	0.132	0.387	0.381	0.613	0.619	30
252	4274	56.37	25.46	200	0.08	0.307	0.119	1.472	0.122	0.139	0.418	0.414	0.581	0.586	30
253	4275	56.37	25.71	200	0.08	0.31	0.121	1.461	0.127	0.143	0.435	0.43	0.565	0.569	30
254	4276	56.37	25.96	199.997	0.079	0.312	0.124	1.45	0.131	0.147	0.451	0.447	0.549	0.552	30
255	4277	56.37	26.21	199.994	0.078	0.315	0.125	1.418	0.129	0.145	0.447	0.445	0.553	0.555	30
256	4278	56.37	26.46	199.998	0.077	0.318	0.126	1.385	0.131	0.147	0.448	0.447	0.552	0.553	30
257	4279	56.37	26.71	200	0.074	0.313	0.124	1.425	0.132	0.148	0.46	0.459	0.54	0.541	30
258	4280	56.37	26.96	199.994	0.072	0.312	0.122	1.423	0.131	0.147	0.456	0.453	0.544	0.547	30
259	4281	56.37	27.21	199.992	0.076	0.309	0.12	1.418	0.123	0.138	0.435	0.432	0.565	0.568	30
260	4282	56.37	27.46	199.989	0.077	0.314	0.122	1.402	0.13	0.145	0.456	0.452	0.544	0.548	30
261	4283	56.37	27.71	199.997	0.078	0.313	0.121	1.406	0.131	0.147	0.455	0.45	0.545	0.55	30
262	4284	56.37	27.96	199.999	0.071	0.31	0.12	1.404	0.125	0.14	0.438	0.433	0.562	0.567	30
263	4285	56.37	28.21	199.999	0.078	0.307	0.116	1.373	0.107	0.121	0.393	0.385	0.607	0.615	30
264	4286	56.37	28.46	199.993	0.078	0.308	0.115	1.393	0.103	0.115	0.395	0.385	0.605	0.615	30
265	4287	56.37	28.71	199.997	0.072	0.308	0.115	1.393	0.102	0.115	0.39	0.38	0.61	0.62	30
266	4288	56.37	28.96	199.977	0.076	0.306	0.114	1.385	0.103	0.116	0.39	0.378	0.61	0.622	30
267	4289	56.37	29.21	199.983	0.074	0.309	0.116	1.391	0.111	0.125	0.414	0.403	0.586	0.597	30
268	4290	56.37	29.46	199.975	0.081	0.31	0.117	1.387	0.116	0.13	0.429	0.417	0.571	0.583	30
269	4291	56.37	29.71	199.972	0.085	0.315	0.121	1.387	0.125	0.14	0.457	0.444	0.543	0.556	30
270	4292	56.37	29.96	199.997	0.072	0.316	0.123	1.393	0.129	0.143	0.488	0.475	0.512	0.524	30
271	4293	56.37	30.21	199.999	0.059	0.319	0.128	1.388	0.141	0.152	0.497	0.485	0.504	0.515	30
272	4294	56.37	30.46	200	0.053	0.323	0.131	1.37	0.149	0.159	0.49	0.478	0.51	0.522	30
273	4295	56.37	30.71	200	0.055	0.326	0.133	1.374	0.149	0.159	0.485	0.473	0.515	0.527	30
274	4296	56.37	30.96	199.996	0.064	0.324	0.132	1.39	0.138	0.149	0.489	0.473	0.511	0.527	30
275	4297	56.37	31.21	199.981	0.077	0.317	0.129	1.397	0.135	0.147	0.502	0.483	0.497	0.517	30
276	4298	56.37	31.46	199.992	0.07	0.315	0.13	1.411	0.135	0.146	0.497	0.477	0.503	0.523	30
277	4299	56.37	31.71	199.992	0.07	0.316	0.131	1.405	0.136	0.147	0.495	0.477	0.505	0.523	30
278	4300	56.37	31.96	199.969	0.077	0.311	0.128	1.395	0.132	0.142	0.501	0.481	0.498	0.519	30
279	4301	56.37	32.21	199.885	0.071	0.311	0.129	1.383	0.134	0.145	0.509	0.488	0.491	0.512	30
280	4302	56.37	32.46	199.525	0.07	0.317	0.132	1.382	0.147	0.159	0.537	0.513	0.463	0.487	30
281	4303	56.37	32.71	199.421	0.071	0.315	0.131	1.385	0.147	0.159	0.536	0.512	0.464	0.488	30
282	4304	56.37	32.96	199.28	0.071	0.317	0.134	1.378	0.153	0.165	0.539	0.516	0.461	0.484	30
283	4305	56.37	33.21	199.687	0.069	0.323	0.143	1.376	0.161	0.175	0.568	0.547	0.432	0.453	30
284	4306	56.37	33.46	199.831	0.067	0.325	0.144	1.386	0.157	0.174	0.569	0.551	0.431	0.449	30
285	4307	56.37	33.71	199.913	0.071	0.321	0.14	1.397	0.153	0.171	0.565	0.548	0.434	0.452	30
286	4308	56.37	33.96	199.947	0.059	0.327	0.145	1.373	0.175	0.188	0.575	0.559	0.425	0.441	30
287	4309	56.37	34.21	199.933	0.057	0.328	0.147	1.356	0.178	0.191	0.575	0.559	0.425	0.442	30
288	4310	56.37	34.46	199.95	0.058	0.326	0.147	1.356	0.173	0.186	0.57	0.553	0.43	0.447	30
289	4311	56.37	34.71	199.95	0.056	0.322	0.143	1.371	0.166	0.18	0.561	0.543	0.44	0.457	30
290	4312	56.12	-5.29	190.719	0.213	0.315	0.113	1.211	0.119	0.12	0.456	0.423	0.544	0.576	30
291	4313	56.12	-5.04	192.961	0.239	0.315	0.113	1.175	0.12	0.12	0.449	0.417	0.551	0.582	30
292	4314	56.12	-4.54	192.092	0.226	0.32	0.121	1.232	0.127	0.131	0.454	0.437	0.545	0.563	30
293	4315	56.12	-4.29	193.111	0.209	0.325	0.127	1.267	0.137	0.143	0.463	0.456	0.536	0.544	30
294	4316	56.12	-4.04	194.029	0.199	0.324	0.129	1.296	0.146	0.152	0.475	0.47	0.524	0.53	30
295	4317	56.12	-3.54	194.804	0.192	0.319	0.133	1.344	0.171	0.18	0.502	0.5	0.498	0.5	30
296	4318	56.12	-3.29	197.07	0.181	0.317	0.135	1.367	0.173	0.184	0.506	0.503	0.494	0.497	30
297	4319	56.12	8.46	199.166	0.089	0.272	0.105	1.468	0.092	0.1	0.285	0.279	0.714	0.721	30
298	4320	56.12	8.71	199.864	0.094	0.269	0.104	1.474	0.081	0.092	0.256	0.255	0.744	0.744	30
299	4321	56.12	8.96	199.727	0.095	0.267	0.103	1.472	0.082	0.092	0.243	0.242	0.757	0.758	30
300	4322	56.12	9.21	199.608	0.098	0.265	0.102	1.469	0.079	0.091	0.238	0.237	0.761	0.763	30
301	4323	56.12	9.46	199.477	0.115	0.273	0.106	1.465	0.093	0.105	0.302	0.297	0.697	0.702	30
302	4324	56.12	9.71	199.3	0.119	0.282	0.113	1.474	0.111	0.124	0.364	0.357	0.636	0.643	30
303	4325	56.12	9.96	199.939	0.099	0.287	0.12	1.492	0.132	0.145	0.411	0.405	0.589	0.595	30
304	4326	56.12	10.21	199.751	0.095	0.292	0.122	1.491	0.144	0.156	0.44	0.433	0.56	0.567	30
305	4327	56.12	12.71	199.221	0.083	0.305	0.135	1.489	0.195	0.2	0.464	0.452	0.536	0.548	30
306	4328	56.12	12.96	199.285	0.094	0.299	0.13	1.481	0.163	0.171	0.442	0.434	0.558	0.566	30
307	4329	56.12	13.21	199.646	0.113	0.288	0.113	1.428	0.096	0.108	0.353	0.347	0.647	0.653	30
308	4330	56.12	13.46	199.973	0.119	0.288	0.107	1.399	0.075	0.09	0.316	0.312	0.684	0.688	30
309	4331	56.12	13.71	199.984	0.114	0.292	0.111	1.411	0.088	0.101	0.342	0.336	0.658	0.664	30
310	4332	56.12	14.21	199.785	0.103	0.297	0.121	1.428	0.128	0.135	0.383	0.373	0.617	0.627	30
311	4333	56.12	14.46	199.111	0.119	0.299	0.119	1.415	0.134	0.142	0.41	0.398	0.59	0.602	30
312	4334	56.12	14.71	199.155	0.116	0.299	0.118	1.4	0.13	0.137	0.408	0.395	0.592	0.604	30
313	4335	56.12	21.46	199.666	0.086	0.304	0.122	1.508	0.156	0.168	0.457	0.455	0.543	0.545	30
314	4336	56.12	21.71	199.029	0.089	0.307	0.126	1.516	0.158	0.172	0.487	0.485	0.513	0.515	30
315	4337	56.12	21.96	198.358	0.091	0.307	0.125	1.498	0.151	0.166	0.485	0.482	0.515	0.518	30
316	4338	56.12	22.21	199.293	0.087	0.305	0.124	1.506	0.15	0.164	0.479	0.474	0.521	0.526	30
317	4339	56.12	22.46	199.935	0.084	0.304	0.124	1.521	0.147	0.16	0.463	0.459	0.537	0.541	30
318	4340	56.12	22.71	199.994	0.085	0.305	0.124	1.519	0.138	0.152	0.447	0.443	0.553	0.557	30
319	4341	56.12	22.96	199.994	0.083	0.307	0.127	1.531	0.142	0.156	0.454	0.451	0.546	0.549	30
320	4342	56.12	23.21	199.993	0.08	0.311	0.128	1.529	0.144	0.157	0.453	0.449	0.547	0.551	30
321	4343	56.12	23.46	199.998	0.074	0.313	0.134	1.552	0.159	0.172	0.482	0.48	0.518	0.52	30
322	4344	56.12	23.71	200	0.072	0.315	0.136	1.554	0.167	0.178	0.501	0.497	0.499	0.503	30
323	4345	56.12	23.96	199.999	0.071	0.318	0.138	1.547	0.171	0.18	0.522	0.516	0.478	0.485	30
324	4346	56.12	24.21	200	0.068	0.319	0.139	1.549	0.171	0.181	0.543	0.534	0.457	0.466	30
325	4347	56.12	24.46	200	0.065	0.317	0.138	1.546	0.173	0.184	0.544	0.536	0.456	0.464	30
326	4348	56.12	24.71	200	0.069	0.309	0.13	1.536	0.154	0.166	0.491	0.485	0.509	0.515	30
327	4349	56.12	24.96	200	0.071	0.305	0.122	1.518	0.135	0.149	0.445	0.44	0.555	0.56	30
328	4350	56.12	25.21	200	0.073	0.304	0.12	1.503	0.131	0.147	0.439	0.435	0.561	0.565	30
329	4351	56.12	25.46	200	0.076	0.304	0.12	1.488	0.123	0.139	0.428	0.425	0.572	0.575	30
330	4352	56.12	25.71	200	0.076	0.304	0.12	1.474	0.122	0.138	0.428	0.425	0.572	0.575	30
331	4353	56.12	25.96	200	0.075	0.305	0.12	1.456	0.124	0.141	0.434	0.433	0.566	0.567	30
332	4354	56.12	26.21	199.999	0.077	0.307	0.121	1.434	0.122	0.138	0.433	0.431	0.566	0.569	30
333	4355	56.12	26.46	200	0.075	0.308	0.121	1.425	0.124	0.14	0.436	0.433	0.564	0.567	30
334	4356	56.12	26.71	199.998	0.071	0.306	0.121	1.435	0.127	0.142	0.447	0.445	0.553	0.555	30
335	4357	56.12	26.96	199.983	0.074	0.308	0.12	1.433	0.124	0.139	0.446	0.442	0.554	0.558	30
336	4358	56.12	27.21	199.988	0.077	0.309	0.12	1.427	0.123	0.138	0.443	0.439	0.557	0.561	30
337	4359	56.12	27.46	199.994	0.077	0.314	0.123	1.421	0.132	0.148	0.466	0.463	0.534	0.537	30
338	4360	56.12	27.71	199.998	0.071	0.314	0.122	1.41	0.129	0.145	0.454	0.45	0.546	0.55	30
339	4361	56.12	27.96	199.999	0.071	0.312	0.12	1.396	0.12	0.135	0.431	0.426	0.569	0.574	30
340	4362	56.12	28.21	199.994	0.081	0.308	0.116	1.374	0.105	0.118	0.392	0.383	0.608	0.617	30
341	4363	56.12	28.46	199.981	0.086	0.302	0.112	1.368	0.091	0.103	0.349	0.338	0.651	0.662	30
342	4364	56.12	28.71	199.995	0.072	0.307	0.114	1.37	0.101	0.115	0.376	0.365	0.624	0.635	30
343	4365	56.12	28.96	199.984	0.069	0.31	0.115	1.392	0.107	0.12	0.396	0.385	0.604	0.615	30
344	4366	56.12	29.21	199.97	0.073	0.309	0.114	1.399	0.104	0.117	0.398	0.387	0.602	0.613	30
345	4367	56.12	29.46	199.986	0.078	0.305	0.112	1.379	0.102	0.115	0.391	0.381	0.609	0.619	30
346	4368	56.12	29.71	199.992	0.075	0.309	0.116	1.392	0.112	0.126	0.423	0.413	0.577	0.587	30
347	4369	56.12	29.96	199.992	0.073	0.313	0.12	1.4	0.12	0.133	0.455	0.444	0.545	0.556	30
348	4370	56.12	30.21	199.994	0.068	0.312	0.119	1.394	0.118	0.131	0.447	0.435	0.553	0.565	30
349	4371	56.12	30.46	199.995	0.061	0.315	0.121	1.376	0.127	0.138	0.452	0.44	0.548	0.56	30
350	4372	56.12	30.71	199.998	0.06	0.318	0.124	1.381	0.134	0.144	0.465	0.452	0.535	0.548	30
351	4373	56.12	30.96	199.999	0.065	0.322	0.129	1.403	0.136	0.148	0.474	0.459	0.526	0.541	30
352	4374	56.12	31.21	199.98	0.068	0.323	0.13	1.401	0.136	0.146	0.474	0.457	0.526	0.543	30
353	4375	56.12	31.46	199.991	0.061	0.32	0.129	1.401	0.134	0.143	0.472	0.452	0.528	0.548	30
354	4376	56.12	31.71	199.999	0.06	0.32	0.133	1.398	0.141	0.15	0.492	0.473	0.508	0.527	30
355	4377	56.12	31.96	199.998	0.062	0.319	0.133	1.386	0.136	0.145	0.488	0.468	0.512	0.532	30
356	4378	56.12	32.21	199.994	0.063	0.318	0.131	1.374	0.13	0.139	0.478	0.457	0.522	0.543	30
357	4379	56.12	32.46	199.944	0.061	0.325	0.135	1.362	0.139	0.148	0.496	0.475	0.504	0.525	30
358	4380	56.12	32.71	199.907	0.059	0.322	0.133	1.384	0.139	0.15	0.508	0.486	0.492	0.513	30
359	4381	56.12	32.96	199.777	0.06	0.321	0.136	1.381	0.15	0.163	0.535	0.515	0.465	0.485	30
360	4382	56.12	33.21	199.793	0.065	0.321	0.14	1.378	0.153	0.166	0.558	0.537	0.442	0.463	30
361	4383	56.12	33.46	199.755	0.065	0.327	0.145	1.38	0.164	0.178	0.57	0.552	0.43	0.448	30
362	4384	56.12	33.71	199.873	0.068	0.328	0.144	1.387	0.169	0.182	0.565	0.546	0.435	0.454	30
363	4385	56.12	33.96	199.984	0.061	0.33	0.144	1.376	0.18	0.193	0.574	0.556	0.426	0.444	30
364	4386	56.12	34.21	199.997	0.052	0.331	0.144	1.345	0.186	0.198	0.582	0.567	0.419	0.433	30
365	4387	56.12	34.46	199.996	0.05	0.329	0.144	1.34	0.182	0.194	0.582	0.57	0.418	0.431	30
366	4388	56.12	34.71	199.989	0.053	0.326	0.141	1.358	0.172	0.185	0.567	0.552	0.433	0.448	30
367	4389	55.87	-6.04	185.068	0.213	0.325	0.124	1.247	0.117	0.119	0.437	0.422	0.563	0.578	30
368	4390	55.87	-5.54	188.122	0.196	0.317	0.116	1.255	0.121	0.122	0.457	0.427	0.542	0.572	30
369	4391	55.87	-5.29	187.593	0.205	0.315	0.115	1.241	0.122	0.122	0.457	0.426	0.542	0.574	30
370	4392	55.87	-5.04	190.944	0.22	0.317	0.117	1.214	0.125	0.126	0.467	0.436	0.533	0.563	30
371	4393	55.87	-4.79	190.016	0.191	0.327	0.129	1.255	0.146	0.151	0.491	0.476	0.508	0.524	30
372	4394	55.87	-4.54	195.055	0.168	0.331	0.138	1.306	0.164	0.172	0.501	0.496	0.499	0.504	30
373	4395	55.87	-4.29	195.381	0.165	0.328	0.134	1.327	0.159	0.168	0.484	0.479	0.516	0.521	30
374	4396	55.87	-4.04	196.166	0.171	0.324	0.131	1.344	0.159	0.169	0.49	0.487	0.51	0.513	30
375	4397	55.87	-3.79	196.741	0.175	0.321	0.13	1.346	0.162	0.173	0.488	0.487	0.512	0.513	30
376	4398	55.87	-3.54	196.366	0.187	0.322	0.134	1.325	0.175	0.186	0.499	0.501	0.5	0.499	30
377	4399	55.87	-3.29	196.062	0.196	0.323	0.135	1.322	0.174	0.184	0.505	0.504	0.494	0.495	30
378	4400	55.87	-3.04	196.176	0.197	0.321	0.136	1.333	0.176	0.184	0.507	0.504	0.493	0.495	30
379	4401	55.87	-2.79	195.055	0.192	0.322	0.139	1.344	0.18	0.189	0.513	0.513	0.486	0.487	30
380	4402	55.87	-2.54	194.468	0.183	0.321	0.136	1.346	0.172	0.181	0.501	0.498	0.499	0.502	30
381	4403	55.87	-2.29	196.517	0.176	0.318	0.141	1.381	0.182	0.193	0.517	0.513	0.483	0.486	30
382	4404	55.87	8.46	199.496	0.079	0.273	0.106	1.469	0.099	0.104	0.286	0.28	0.714	0.72	30
383	4405	55.87	8.71	199.955	0.086	0.268	0.103	1.47	0.077	0.086	0.233	0.23	0.766	0.77	30
384	4406	55.87	8.96	199.866	0.092	0.263	0.101	1.477	0.076	0.086	0.228	0.226	0.772	0.774	30
385	4407	55.87	9.21	199.984	0.099	0.261	0.101	1.486	0.083	0.095	0.256	0.254	0.743	0.745	30
386	4408	55.87	9.46	199.941	0.106	0.27	0.108	1.489	0.103	0.115	0.329	0.326	0.671	0.674	30
387	4409	55.87	9.71	199.861	0.104	0.281	0.116	1.497	0.121	0.134	0.389	0.384	0.611	0.616	30
388	4410	55.87	9.96	199.901	0.093	0.29	0.123	1.498	0.141	0.154	0.429	0.423	0.571	0.577	30
389	4411	55.87	10.21	199.894	0.085	0.303	0.128	1.495	0.156	0.167	0.45	0.443	0.55	0.557	30
390	4412	55.87	10.71	199.707	0.079	0.292	0.124	1.514	0.146	0.156	0.424	0.42	0.576	0.58	30
391	4413	55.87	11.21	199.836	0.078	0.299	0.125	1.492	0.157	0.166	0.438	0.433	0.562	0.567	30
392	4414	55.87	12.46	199.804	0.082	0.287	0.117	1.49	0.131	0.138	0.367	0.358	0.633	0.642	30
393	4415	55.87	12.96	199.881	0.084	0.303	0.134	1.51	0.174	0.182	0.455	0.448	0.545	0.552	30
394	4416	55.87	13.21	199.94	0.087	0.297	0.129	1.498	0.148	0.156	0.432	0.426	0.568	0.574	30
395	4417	55.87	13.46	199.979	0.098	0.293	0.123	1.462	0.127	0.138	0.398	0.393	0.602	0.607	30
396	4418	55.87	13.71	199.985	0.102	0.293	0.118	1.439	0.114	0.127	0.374	0.369	0.626	0.63	30
397	4419	55.87	13.96	199.9	0.104	0.295	0.118	1.423	0.121	0.13	0.382	0.376	0.618	0.624	30
398	4420	55.87	14.21	199.93	0.091	0.301	0.126	1.429	0.15	0.153	0.395	0.384	0.605	0.616	30
399	4421	55.87	21.46	199.833	0.086	0.302	0.122	1.495	0.145	0.157	0.454	0.451	0.546	0.549	30
400	4422	55.87	21.71	199.547	0.089	0.307	0.123	1.489	0.141	0.155	0.464	0.462	0.536	0.538	30
401	4423	55.87	21.96	199.113	0.092	0.305	0.12	1.483	0.135	0.15	0.451	0.448	0.549	0.552	30
402	4424	55.87	22.21	199.259	0.092	0.307	0.122	1.487	0.141	0.155	0.46	0.457	0.54	0.543	30
403	4425	55.87	22.46	199.865	0.089	0.309	0.125	1.509	0.15	0.163	0.476	0.472	0.524	0.528	30
404	4426	55.87	22.71	199.987	0.088	0.308	0.125	1.512	0.142	0.155	0.46	0.455	0.54	0.545	30
405	4427	55.87	22.96	199.866	0.09	0.307	0.124	1.513	0.133	0.145	0.442	0.437	0.558	0.563	30
406	4428	55.87	23.21	199.896	0.083	0.308	0.124	1.521	0.134	0.146	0.442	0.437	0.558	0.563	30
407	4429	55.87	23.46	199.981	0.076	0.306	0.126	1.543	0.142	0.154	0.453	0.451	0.547	0.549	30
408	4430	55.87	23.71	200	0.075	0.309	0.129	1.552	0.146	0.157	0.457	0.453	0.543	0.547	30
409	4431	55.87	23.96	200	0.074	0.31	0.13	1.554	0.149	0.159	0.473	0.469	0.527	0.531	30
410	4432	55.87	24.21	200	0.071	0.308	0.129	1.547	0.143	0.153	0.474	0.468	0.526	0.531	30
411	4433	55.87	24.46	199.993	0.073	0.302	0.122	1.517	0.124	0.137	0.423	0.417	0.577	0.583	30
412	4434	55.87	24.71	199.998	0.073	0.301	0.12	1.522	0.126	0.138	0.42	0.415	0.58	0.585	30
413	4435	55.87	24.96	200	0.076	0.304	0.123	1.534	0.138	0.15	0.453	0.448	0.547	0.552	30
414	4436	55.87	25.21	199.999	0.079	0.303	0.121	1.512	0.132	0.146	0.44	0.435	0.56	0.565	30
415	4437	55.87	25.46	200	0.078	0.301	0.119	1.503	0.124	0.14	0.429	0.426	0.571	0.574	30
416	4438	55.87	25.71	199.998	0.078	0.303	0.12	1.487	0.123	0.137	0.431	0.427	0.569	0.573	30
417	4439	55.87	25.96	199.988	0.079	0.306	0.12	1.47	0.126	0.141	0.44	0.438	0.56	0.562	30
418	4440	55.87	26.21	199.984	0.08	0.307	0.119	1.449	0.12	0.136	0.436	0.433	0.564	0.567	30
419	4441	55.87	26.46	199.988	0.073	0.304	0.118	1.437	0.116	0.13	0.424	0.42	0.576	0.58	30
420	4442	55.87	26.71	199.983	0.072	0.305	0.119	1.43	0.123	0.137	0.438	0.433	0.562	0.566	30
421	4443	55.87	26.96	199.954	0.075	0.306	0.119	1.423	0.123	0.137	0.44	0.435	0.56	0.565	30
422	4444	55.87	27.21	199.969	0.079	0.307	0.119	1.431	0.121	0.135	0.44	0.435	0.56	0.565	30
423	4445	55.87	27.46	199.998	0.071	0.311	0.123	1.432	0.131	0.146	0.466	0.463	0.534	0.537	30
424	4446	55.87	27.71	200	0.064	0.315	0.125	1.429	0.13	0.144	0.465	0.46	0.535	0.54	30
425	4447	55.87	27.96	200	0.064	0.315	0.124	1.416	0.128	0.143	0.465	0.459	0.535	0.541	30
426	4448	55.87	28.21	199.998	0.066	0.312	0.121	1.387	0.121	0.136	0.44	0.434	0.56	0.566	30
427	4449	55.87	28.46	199.997	0.072	0.301	0.111	1.376	0.097	0.11	0.364	0.353	0.636	0.647	30
428	4450	55.87	28.71	199.998	0.066	0.306	0.113	1.376	0.106	0.12	0.387	0.377	0.613	0.622	30
429	4451	55.87	28.96	199.99	0.068	0.306	0.112	1.38	0.102	0.115	0.381	0.371	0.619	0.629	30
430	4452	55.87	29.21	199.984	0.075	0.305	0.112	1.376	0.099	0.111	0.384	0.373	0.616	0.627	30
431	4453	55.87	29.46	199.983	0.08	0.303	0.11	1.355	0.095	0.107	0.372	0.361	0.628	0.639	30
432	4454	55.87	29.71	199.995	0.076	0.305	0.113	1.364	0.102	0.115	0.399	0.388	0.601	0.612	30
433	4455	55.87	29.96	199.988	0.075	0.312	0.119	1.381	0.118	0.129	0.449	0.437	0.551	0.563	30
434	4456	55.87	30.21	199.995	0.07	0.311	0.118	1.384	0.119	0.13	0.451	0.439	0.549	0.561	30
435	4457	55.87	30.46	199.995	0.065	0.311	0.118	1.361	0.115	0.126	0.432	0.419	0.568	0.581	30
436	4458	55.87	30.71	199.995	0.062	0.316	0.121	1.352	0.123	0.135	0.444	0.432	0.556	0.568	30
437	4459	55.87	30.96	199.999	0.065	0.32	0.125	1.371	0.13	0.142	0.458	0.443	0.542	0.557	30
438	4460	55.87	31.21	199.999	0.064	0.322	0.129	1.399	0.137	0.148	0.477	0.461	0.523	0.539	30
439	4461	55.87	31.46	200	0.058	0.322	0.13	1.403	0.137	0.147	0.479	0.461	0.521	0.539	30
440	4462	55.87	31.71	200	0.061	0.32	0.129	1.4	0.135	0.145	0.478	0.46	0.522	0.54	30
441	4463	55.87	31.96	200	0.065	0.318	0.128	1.392	0.131	0.14	0.467	0.446	0.533	0.554	30
442	4464	55.87	32.21	199.997	0.062	0.323	0.131	1.365	0.132	0.14	0.47	0.45	0.53	0.55	30
443	4465	55.87	32.46	199.997	0.058	0.329	0.135	1.343	0.137	0.144	0.483	0.465	0.516	0.535	30
444	4466	55.87	32.71	199.997	0.058	0.322	0.131	1.376	0.135	0.144	0.491	0.472	0.508	0.528	30
445	4467	55.87	32.96	199.952	0.063	0.321	0.136	1.383	0.148	0.161	0.539	0.522	0.461	0.478	30
446	4468	55.87	33.21	199.807	0.068	0.32	0.136	1.373	0.151	0.164	0.562	0.545	0.437	0.455	30
447	4469	55.87	33.46	199.787	0.068	0.322	0.139	1.382	0.158	0.172	0.558	0.537	0.442	0.463	30
448	4470	55.87	33.71	199.912	0.068	0.323	0.138	1.399	0.16	0.172	0.554	0.529	0.446	0.471	30
449	4471	55.87	33.96	199.99	0.057	0.328	0.142	1.393	0.176	0.189	0.579	0.559	0.421	0.441	30
450	4472	55.87	34.21	199.994	0.047	0.333	0.149	1.354	0.191	0.204	0.594	0.581	0.406	0.419	30
451	4473	55.87	34.46	199.998	0.042	0.332	0.148	1.344	0.186	0.197	0.579	0.568	0.421	0.432	30
452	4474	55.87	34.71	199.997	0.046	0.328	0.142	1.349	0.171	0.183	0.561	0.546	0.439	0.454	30
453	4475	55.62	-4.54	196.599	0.156	0.332	0.141	1.33	0.171	0.18	0.512	0.513	0.487	0.487	30
454	4476	55.62	-4.29	194.959	0.174	0.332	0.137	1.293	0.162	0.172	0.489	0.491	0.51	0.509	30
455	4477	55.62	-4.04	195.69	0.192	0.33	0.133	1.277	0.156	0.165	0.482	0.483	0.518	0.517	30
456	4478	55.62	-3.79	195.631	0.2	0.328	0.133	1.281	0.162	0.17	0.491	0.493	0.509	0.507	30
457	4479	55.62	-3.54	196.843	0.222	0.327	0.131	1.242	0.162	0.168	0.49	0.494	0.509	0.506	30
458	4480	55.62	-3.29	195.47	0.242	0.326	0.129	1.218	0.16	0.164	0.493	0.494	0.506	0.506	30
459	4481	55.62	-3.04	194.736	0.235	0.325	0.129	1.244	0.164	0.168	0.501	0.5	0.498	0.5	30
460	4482	55.62	-2.79	196.291	0.209	0.323	0.136	1.326	0.177	0.185	0.523	0.524	0.477	0.475	30
461	4483	55.62	-2.54	196.857	0.186	0.318	0.139	1.37	0.182	0.192	0.519	0.521	0.48	0.479	30
462	4484	55.62	-2.29	197.167	0.188	0.321	0.144	1.37	0.195	0.204	0.531	0.53	0.469	0.47	30
463	4485	55.62	-2.04	197.004	0.183	0.321	0.145	1.371	0.199	0.209	0.535	0.532	0.465	0.468	30
464	4486	55.62	-1.79	196.026	0.166	0.322	0.148	1.381	0.199	0.213	0.535	0.531	0.465	0.469	30
465	4487	55.62	8.46	199.706	0.083	0.273	0.107	1.476	0.099	0.105	0.286	0.281	0.714	0.719	30
466	4488	55.62	8.71	199.99	0.082	0.267	0.103	1.478	0.08	0.088	0.239	0.238	0.761	0.762	30
467	4489	55.62	8.96	199.911	0.091	0.263	0.102	1.485	0.078	0.088	0.25	0.249	0.75	0.75	30
468	4490	55.62	9.21	199.975	0.096	0.264	0.104	1.496	0.093	0.104	0.291	0.29	0.709	0.709	30
469	4491	55.62	9.46	199.971	0.098	0.275	0.112	1.505	0.118	0.13	0.364	0.362	0.636	0.638	30
470	4492	55.62	9.71	199.737	0.092	0.288	0.12	1.499	0.13	0.14	0.388	0.38	0.612	0.62	30
471	4493	55.62	9.96	199.451	0.089	0.291	0.122	1.5	0.14	0.151	0.409	0.403	0.591	0.597	30
472	4494	55.62	10.21	197.381	0.085	0.299	0.126	1.481	0.155	0.163	0.423	0.417	0.577	0.583	30
473	4495	55.62	10.46	199.426	0.081	0.294	0.124	1.508	0.147	0.157	0.425	0.421	0.575	0.579	30
474	4496	55.62	10.71	199.989	0.078	0.291	0.123	1.519	0.144	0.154	0.424	0.42	0.576	0.58	30
475	4497	55.62	11.46	199.945	0.078	0.296	0.123	1.499	0.151	0.161	0.427	0.423	0.573	0.576	30
476	4498	55.62	11.71	199.925	0.079	0.294	0.123	1.506	0.144	0.156	0.414	0.412	0.586	0.588	30
477	4499	55.62	11.96	199.936	0.079	0.292	0.123	1.51	0.143	0.154	0.408	0.405	0.592	0.594	30
478	4500	55.62	12.21	199.993	0.072	0.294	0.125	1.53	0.147	0.155	0.411	0.406	0.589	0.594	30
479	4501	55.62	12.96	199.953	0.085	0.307	0.136	1.497	0.175	0.183	0.456	0.45	0.544	0.55	30
480	4502	55.62	13.21	199.993	0.082	0.31	0.139	1.487	0.183	0.19	0.46	0.454	0.54	0.546	30
481	4503	55.62	13.46	199.944	0.094	0.3	0.131	1.462	0.158	0.168	0.427	0.422	0.573	0.577	30
482	4504	55.62	13.71	199.964	0.094	0.297	0.128	1.453	0.15	0.16	0.415	0.41	0.585	0.59	30
483	4505	55.62	13.96	199.897	0.094	0.297	0.125	1.435	0.143	0.153	0.41	0.406	0.59	0.593	30
484	4506	55.62	14.21	199.811	0.095	0.297	0.124	1.427	0.146	0.157	0.424	0.421	0.577	0.579	30
485	4507	55.62	21.46	199.897	0.078	0.299	0.121	1.486	0.137	0.144	0.408	0.403	0.592	0.596	30
486	4508	55.62	21.71	199.938	0.086	0.305	0.123	1.479	0.13	0.143	0.43	0.428	0.569	0.572	30
487	4509	55.62	21.96	199.955	0.085	0.308	0.124	1.48	0.13	0.145	0.432	0.43	0.568	0.57	30
488	4510	55.62	22.21	199.836	0.083	0.313	0.127	1.486	0.14	0.155	0.456	0.456	0.544	0.544	30
489	4511	55.62	22.46	199.946	0.082	0.317	0.129	1.491	0.152	0.166	0.485	0.484	0.514	0.516	30
490	4512	55.62	22.71	199.996	0.081	0.314	0.128	1.501	0.146	0.159	0.471	0.469	0.529	0.531	30
491	4513	55.62	22.96	199.934	0.084	0.308	0.125	1.517	0.136	0.149	0.455	0.452	0.545	0.548	30
492	4514	55.62	23.21	199.956	0.082	0.305	0.121	1.513	0.128	0.141	0.437	0.433	0.563	0.567	30
493	4515	55.62	23.46	199.987	0.079	0.306	0.122	1.528	0.132	0.144	0.443	0.439	0.557	0.561	30
494	4516	55.62	23.71	200	0.078	0.307	0.126	1.561	0.143	0.155	0.464	0.46	0.536	0.54	30
495	4517	55.62	23.96	200	0.077	0.306	0.127	1.565	0.144	0.156	0.473	0.47	0.527	0.53	30
496	4518	55.62	24.21	200	0.074	0.303	0.124	1.548	0.129	0.141	0.442	0.438	0.558	0.561	30
497	4519	55.62	24.46	199.999	0.073	0.3	0.121	1.53	0.118	0.13	0.41	0.407	0.59	0.593	30
498	4520	55.62	24.71	199.999	0.074	0.3	0.118	1.521	0.114	0.127	0.396	0.392	0.604	0.607	30
499	4521	55.62	24.96	199.999	0.079	0.3	0.118	1.518	0.122	0.135	0.414	0.408	0.586	0.592	30
500	4522	55.62	25.21	199.993	0.085	0.296	0.116	1.488	0.115	0.13	0.398	0.393	0.602	0.607	30
501	4523	55.62	25.46	199.996	0.081	0.301	0.12	1.487	0.125	0.14	0.43	0.426	0.571	0.574	30
502	4524	55.62	25.71	199.993	0.081	0.304	0.12	1.473	0.124	0.139	0.434	0.43	0.566	0.57	30
503	4525	55.62	25.96	199.91	0.089	0.302	0.116	1.448	0.116	0.131	0.41	0.406	0.59	0.594	30
504	4526	55.62	26.21	199.862	0.09	0.304	0.116	1.429	0.114	0.129	0.415	0.411	0.585	0.589	30
505	4527	55.62	26.46	199.92	0.077	0.308	0.118	1.433	0.117	0.13	0.434	0.429	0.566	0.571	30
506	4528	55.62	26.71	199.948	0.072	0.311	0.12	1.434	0.124	0.136	0.445	0.44	0.555	0.56	30
507	4529	55.62	26.96	199.861	0.078	0.311	0.12	1.419	0.122	0.135	0.437	0.43	0.563	0.569	30
508	4530	55.62	27.21	199.918	0.074	0.312	0.122	1.427	0.13	0.144	0.457	0.452	0.542	0.548	30
509	4531	55.62	27.46	199.983	0.072	0.312	0.122	1.429	0.126	0.141	0.454	0.45	0.546	0.55	30
510	4532	55.62	27.71	199.972	0.067	0.317	0.125	1.394	0.126	0.14	0.453	0.449	0.547	0.551	30
511	4533	55.62	27.96	199.982	0.069	0.319	0.128	1.389	0.129	0.143	0.459	0.455	0.541	0.545	30
512	4534	55.62	28.21	200	0.069	0.313	0.125	1.427	0.128	0.143	0.461	0.456	0.538	0.544	30
513	4535	55.62	28.46	200	0.069	0.304	0.116	1.417	0.108	0.121	0.4	0.391	0.6	0.609	30
514	4536	55.62	28.71	200	0.067	0.302	0.113	1.405	0.104	0.117	0.386	0.376	0.614	0.624	30
515	4537	55.62	28.96	200	0.067	0.305	0.113	1.376	0.101	0.115	0.379	0.371	0.621	0.629	30
516	4538	55.62	29.21	199.999	0.07	0.304	0.111	1.349	0.092	0.105	0.36	0.352	0.64	0.648	30
517	4539	55.62	29.46	199.993	0.073	0.304	0.111	1.35	0.096	0.108	0.371	0.36	0.63	0.64	30
518	4540	55.62	29.71	199.997	0.075	0.309	0.118	1.374	0.111	0.124	0.436	0.425	0.564	0.575	30
519	4541	55.62	29.96	199.998	0.077	0.31	0.121	1.381	0.126	0.138	0.479	0.466	0.521	0.533	30
520	4542	55.62	30.21	199.999	0.072	0.308	0.118	1.378	0.118	0.131	0.453	0.44	0.547	0.56	30
521	4543	55.62	30.46	199.998	0.066	0.307	0.116	1.37	0.112	0.125	0.423	0.41	0.577	0.59	30
522	4544	55.62	30.71	199.995	0.06	0.314	0.12	1.358	0.123	0.137	0.438	0.427	0.562	0.573	30
523	4545	55.62	30.96	199.997	0.06	0.317	0.123	1.341	0.129	0.143	0.444	0.432	0.556	0.568	30
524	4546	55.62	31.21	200	0.058	0.32	0.129	1.391	0.137	0.148	0.47	0.456	0.53	0.544	30
525	4547	55.62	31.46	200	0.06	0.321	0.132	1.417	0.137	0.148	0.485	0.468	0.515	0.532	30
526	4548	55.62	31.71	200	0.071	0.319	0.128	1.417	0.131	0.142	0.481	0.463	0.519	0.537	30
527	4549	55.62	31.96	200	0.071	0.319	0.127	1.405	0.126	0.138	0.467	0.448	0.533	0.551	30
528	4550	55.62	32.21	199.999	0.065	0.32	0.129	1.391	0.13	0.14	0.47	0.452	0.53	0.548	30
529	4551	55.62	32.46	200	0.057	0.322	0.132	1.396	0.139	0.148	0.483	0.465	0.517	0.535	30
530	4552	55.62	32.71	199.999	0.058	0.321	0.132	1.378	0.147	0.156	0.498	0.481	0.501	0.519	30
531	4553	55.62	32.96	199.938	0.064	0.321	0.135	1.388	0.153	0.166	0.546	0.53	0.453	0.47	30
532	4554	55.62	33.21	199.857	0.066	0.323	0.136	1.382	0.16	0.174	0.56	0.542	0.44	0.458	30
533	4555	55.62	33.46	199.901	0.062	0.324	0.138	1.363	0.169	0.181	0.564	0.546	0.436	0.454	30
534	4556	55.62	33.71	199.978	0.06	0.325	0.139	1.359	0.167	0.181	0.566	0.55	0.434	0.45	30
535	4557	55.62	33.96	199.991	0.055	0.329	0.144	1.37	0.176	0.191	0.587	0.573	0.413	0.427	30
536	4558	55.62	34.21	199.978	0.05	0.331	0.15	1.372	0.182	0.199	0.597	0.586	0.403	0.414	30
537	4559	55.62	34.46	199.993	0.04	0.334	0.152	1.35	0.196	0.21	0.597	0.585	0.403	0.415	30
538	4560	55.62	34.71	199.997	0.033	0.335	0.154	1.342	0.203	0.216	0.599	0.589	0.401	0.412	30
539	4561	55.37	-4.54	195.729	0.176	0.331	0.136	1.307	0.161	0.169	0.496	0.494	0.503	0.506	30
540	4562	55.37	-4.29	195.625	0.199	0.329	0.13	1.261	0.148	0.155	0.475	0.473	0.525	0.527	30
541	4563	55.37	-4.04	194.689	0.22	0.332	0.13	1.224	0.145	0.149	0.473	0.472	0.527	0.528	30
542	4564	55.37	-3.79	195.351	0.226	0.333	0.133	1.235	0.151	0.155	0.485	0.485	0.515	0.515	30
543	4565	55.37	-3.54	196.739	0.229	0.329	0.128	1.22	0.143	0.146	0.475	0.473	0.525	0.527	30
544	4566	55.37	-3.29	196.369	0.239	0.326	0.126	1.208	0.146	0.149	0.481	0.476	0.519	0.523	30
545	4567	55.37	-3.04	194.356	0.232	0.325	0.126	1.235	0.151	0.155	0.492	0.486	0.508	0.514	30
546	4568	55.37	-2.79	195.353	0.218	0.324	0.132	1.295	0.17	0.177	0.515	0.515	0.484	0.485	30
547	4569	55.37	-2.54	192.67	0.215	0.321	0.132	1.3	0.18	0.189	0.511	0.511	0.489	0.488	30
548	4570	55.37	-2.29	191.631	0.216	0.326	0.135	1.287	0.184	0.192	0.513	0.513	0.487	0.487	30
549	4571	55.37	-2.04	192.075	0.202	0.323	0.139	1.32	0.19	0.201	0.521	0.521	0.479	0.479	30
550	4572	55.37	-1.79	194.368	0.172	0.32	0.144	1.374	0.195	0.209	0.528	0.526	0.472	0.474	30
551	4573	55.37	8.46	198.843	0.082	0.28	0.111	1.469	0.112	0.115	0.302	0.294	0.698	0.706	30
552	4574	55.37	8.71	199.82	0.079	0.282	0.113	1.477	0.119	0.12	0.318	0.31	0.682	0.69	30
553	4575	55.37	8.96	199.987	0.087	0.265	0.104	1.501	0.09	0.1	0.269	0.27	0.731	0.73	30
554	4576	55.37	9.21	199.998	0.089	0.269	0.106	1.506	0.099	0.11	0.302	0.305	0.698	0.695	30
555	4577	55.37	9.46	199.928	0.087	0.282	0.117	1.516	0.125	0.135	0.374	0.372	0.625	0.628	30
556	4578	55.37	9.96	199.905	0.082	0.285	0.12	1.519	0.139	0.15	0.396	0.392	0.604	0.608	30
557	4579	55.37	10.21	199.875	0.082	0.284	0.12	1.525	0.136	0.148	0.405	0.404	0.595	0.596	30
558	4580	55.37	10.46	199.993	0.078	0.288	0.123	1.528	0.141	0.15	0.416	0.413	0.584	0.587	30
559	4581	55.37	10.71	199.985	0.077	0.294	0.124	1.511	0.147	0.158	0.431	0.427	0.569	0.573	30
560	4582	55.37	11.46	199.919	0.077	0.3	0.125	1.494	0.151	0.162	0.439	0.437	0.56	0.563	30
561	4583	55.37	11.71	199.982	0.076	0.298	0.125	1.504	0.141	0.153	0.418	0.418	0.582	0.582	30
562	4584	55.37	11.96	199.997	0.076	0.293	0.123	1.512	0.139	0.152	0.409	0.41	0.59	0.59	30
563	4585	55.37	12.21	199.98	0.071	0.298	0.126	1.509	0.151	0.16	0.428	0.424	0.572	0.576	30
564	4586	55.37	13.21	199.997	0.085	0.317	0.141	1.491	0.196	0.203	0.478	0.473	0.522	0.526	30
565	4587	55.37	21.46	199.889	0.071	0.313	0.129	1.458	0.158	0.157	0.41	0.398	0.59	0.602	30
566	4588	55.37	21.71	199.97	0.075	0.307	0.127	1.496	0.139	0.149	0.42	0.417	0.58	0.583	30
567	4589	55.37	21.96	199.993	0.073	0.311	0.13	1.506	0.143	0.157	0.456	0.454	0.544	0.546	30
568	4590	55.37	22.21	199.995	0.073	0.305	0.124	1.502	0.132	0.147	0.433	0.431	0.567	0.569	30
569	4591	55.37	22.46	199.984	0.074	0.304	0.122	1.493	0.128	0.142	0.428	0.427	0.571	0.573	30
570	4592	55.37	22.71	199.992	0.069	0.307	0.125	1.514	0.135	0.149	0.457	0.455	0.543	0.545	30
571	4593	55.37	22.96	199.999	0.07	0.306	0.126	1.541	0.139	0.151	0.477	0.473	0.523	0.527	30
572	4594	55.37	23.21	199.997	0.073	0.306	0.124	1.545	0.139	0.151	0.474	0.468	0.526	0.532	30
573	4595	55.37	23.46	199.999	0.076	0.306	0.123	1.557	0.136	0.147	0.467	0.46	0.533	0.54	30
574	4596	55.37	23.71	200	0.076	0.305	0.126	1.566	0.139	0.152	0.469	0.464	0.531	0.536	30
575	4597	55.37	23.96	200	0.074	0.304	0.125	1.565	0.144	0.159	0.472	0.47	0.527	0.53	30
576	4598	55.37	24.21	200	0.074	0.307	0.125	1.549	0.132	0.146	0.458	0.455	0.542	0.545	30
577	4599	55.37	24.46	200	0.074	0.303	0.121	1.54	0.12	0.134	0.429	0.425	0.571	0.575	30
578	4600	55.37	24.71	200	0.074	0.3	0.12	1.533	0.122	0.135	0.423	0.418	0.577	0.582	30
579	4601	55.37	24.96	199.999	0.079	0.301	0.122	1.523	0.128	0.141	0.437	0.43	0.563	0.57	30
580	4602	55.37	25.21	199.996	0.076	0.305	0.122	1.488	0.124	0.14	0.429	0.424	0.571	0.576	30
581	4603	55.37	25.46	199.939	0.076	0.304	0.12	1.47	0.121	0.137	0.42	0.417	0.58	0.583	30
582	4604	55.37	25.71	199.876	0.089	0.3	0.115	1.448	0.107	0.123	0.384	0.379	0.616	0.621	30
583	4605	55.37	25.96	199.742	0.099	0.298	0.112	1.435	0.099	0.113	0.361	0.356	0.639	0.644	30
584	4606	55.37	26.21	199.791	0.098	0.302	0.117	1.442	0.115	0.129	0.415	0.409	0.584	0.591	30
585	4607	55.37	26.46	199.973	0.076	0.31	0.122	1.433	0.129	0.143	0.457	0.453	0.543	0.547	30
586	4608	55.37	26.71	199.988	0.068	0.314	0.123	1.429	0.122	0.137	0.441	0.437	0.559	0.563	30
587	4609	55.37	26.96	199.968	0.076	0.312	0.122	1.425	0.117	0.132	0.421	0.416	0.578	0.584	30
588	4610	55.37	27.21	199.983	0.074	0.317	0.126	1.417	0.133	0.148	0.454	0.449	0.546	0.551	30
589	4611	55.37	27.46	199.993	0.071	0.317	0.128	1.447	0.135	0.15	0.474	0.469	0.526	0.531	30
590	4612	55.37	27.71	199.989	0.069	0.315	0.126	1.434	0.129	0.143	0.459	0.453	0.541	0.547	30
591	4613	55.37	27.96	199.991	0.07	0.314	0.125	1.424	0.126	0.14	0.45	0.445	0.55	0.555	30
592	4614	55.37	28.21	199.998	0.069	0.31	0.123	1.448	0.121	0.136	0.452	0.447	0.548	0.553	30
593	4615	55.37	28.46	200	0.067	0.305	0.118	1.443	0.111	0.124	0.42	0.414	0.58	0.586	30
594	4616	55.37	28.71	199.999	0.07	0.302	0.114	1.424	0.105	0.117	0.395	0.387	0.605	0.613	30
595	4617	55.37	28.96	199.999	0.069	0.307	0.117	1.404	0.11	0.122	0.406	0.398	0.594	0.602	30
596	4618	55.37	29.21	200	0.069	0.309	0.117	1.376	0.105	0.118	0.396	0.388	0.605	0.612	30
597	4619	55.37	29.46	200	0.063	0.313	0.119	1.376	0.112	0.125	0.419	0.411	0.581	0.589	30
598	4620	55.37	29.71	200	0.064	0.314	0.122	1.4	0.122	0.134	0.456	0.448	0.544	0.552	30
599	4621	55.37	29.96	199.998	0.07	0.311	0.12	1.403	0.124	0.136	0.464	0.453	0.537	0.547	30
600	4622	55.37	30.21	200	0.072	0.309	0.12	1.396	0.124	0.137	0.459	0.448	0.541	0.552	30
601	4623	55.37	30.46	200	0.072	0.31	0.121	1.383	0.128	0.141	0.468	0.456	0.532	0.544	30
602	4624	55.37	30.71	200	0.065	0.315	0.126	1.376	0.141	0.152	0.491	0.479	0.509	0.521	30
603	4625	55.37	30.96	200	0.058	0.317	0.125	1.365	0.139	0.151	0.472	0.46	0.528	0.54	30
604	4626	55.37	31.21	200	0.054	0.322	0.132	1.392	0.146	0.156	0.482	0.469	0.518	0.531	30
605	4627	55.37	31.46	200	0.051	0.322	0.135	1.419	0.146	0.157	0.497	0.483	0.503	0.517	30
606	4628	55.37	31.71	200	0.065	0.317	0.126	1.422	0.123	0.136	0.472	0.454	0.528	0.546	30
607	4629	55.37	31.96	199.997	0.08	0.313	0.123	1.421	0.118	0.132	0.477	0.458	0.523	0.542	30
608	4630	55.37	32.21	199.995	0.074	0.315	0.128	1.41	0.133	0.145	0.491	0.473	0.509	0.527	30
609	4631	55.37	32.46	199.983	0.064	0.32	0.132	1.401	0.15	0.161	0.514	0.498	0.487	0.502	30
610	4632	55.37	32.71	199.966	0.066	0.318	0.13	1.379	0.154	0.163	0.524	0.506	0.477	0.494	30
611	4633	55.37	32.96	199.896	0.061	0.322	0.134	1.377	0.166	0.176	0.553	0.536	0.446	0.464	30
612	4634	55.37	33.21	199.948	0.064	0.323	0.135	1.376	0.166	0.177	0.551	0.533	0.449	0.467	30
613	4635	55.37	33.46	199.974	0.055	0.322	0.137	1.358	0.167	0.18	0.559	0.544	0.441	0.456	30
614	4636	55.37	33.71	199.927	0.052	0.322	0.136	1.349	0.164	0.178	0.556	0.542	0.445	0.458	30
615	4637	55.37	33.96	199.956	0.061	0.321	0.135	1.354	0.152	0.167	0.552	0.536	0.448	0.464	30
616	4638	55.37	34.21	199.98	0.057	0.328	0.144	1.36	0.174	0.191	0.59	0.578	0.41	0.422	30
617	4639	55.37	34.46	199.993	0.05	0.336	0.154	1.349	0.193	0.212	0.617	0.606	0.383	0.394	30
618	4640	55.37	34.71	199.991	0.043	0.338	0.159	1.349	0.202	0.222	0.626	0.615	0.374	0.385	30
619	4641	55.12	-8.04	193.047	0.205	0.327	0.124	1.231	0.115	0.118	0.414	0.413	0.585	0.587	30
620	4642	55.12	-7.79	195.974	0.204	0.329	0.131	1.283	0.133	0.14	0.451	0.452	0.549	0.548	30
621	4643	55.12	-7.04	196.85	0.201	0.326	0.134	1.32	0.156	0.163	0.482	0.485	0.518	0.515	30
622	4644	55.12	-6.79	197.017	0.196	0.329	0.139	1.314	0.167	0.176	0.499	0.504	0.501	0.496	30
623	4645	55.12	-6.54	197.914	0.194	0.333	0.146	1.334	0.179	0.19	0.515	0.522	0.484	0.477	30
624	4646	55.12	-6.29	194.767	0.209	0.331	0.14	1.301	0.167	0.176	0.517	0.523	0.483	0.477	30
625	4647	55.12	-5.04	194.297	0.167	0.331	0.136	1.322	0.151	0.156	0.486	0.48	0.514	0.52	30
626	4648	55.12	-4.79	193.01	0.177	0.33	0.133	1.308	0.142	0.147	0.48	0.473	0.52	0.526	30
627	4649	55.12	-4.54	195.516	0.203	0.324	0.123	1.254	0.132	0.135	0.454	0.447	0.546	0.552	30
628	4650	55.12	-4.29	194.998	0.216	0.323	0.121	1.231	0.128	0.132	0.451	0.445	0.549	0.555	30
629	4651	55.12	-4.04	195.623	0.203	0.329	0.13	1.269	0.143	0.149	0.481	0.48	0.518	0.52	30
630	4652	55.12	-3.79	196.171	0.199	0.331	0.136	1.312	0.16	0.169	0.501	0.503	0.498	0.496	30
631	4653	55.12	-3.54	196.718	0.184	0.327	0.135	1.333	0.16	0.169	0.492	0.493	0.508	0.507	30
632	4654	55.12	-3.29	196.593	0.187	0.328	0.136	1.33	0.166	0.174	0.505	0.506	0.495	0.493	30
633	4655	55.12	-3.04	195.569	0.197	0.327	0.134	1.313	0.16	0.167	0.491	0.491	0.509	0.509	30
634	4656	55.12	-2.79	192.954	0.207	0.325	0.134	1.303	0.173	0.183	0.5	0.503	0.5	0.497	30
635	4657	55.12	-2.54	190.119	0.216	0.322	0.129	1.275	0.174	0.185	0.491	0.492	0.509	0.508	30
636	4658	55.12	-2.29	192.443	0.203	0.325	0.137	1.314	0.184	0.196	0.509	0.511	0.491	0.489	30
637	4659	55.12	-2.04	194.028	0.187	0.321	0.141	1.353	0.188	0.202	0.517	0.521	0.483	0.479	30
638	4660	55.12	-1.79	197.895	0.165	0.314	0.141	1.4	0.184	0.196	0.513	0.512	0.486	0.488	30
639	4661	55.12	-1.54	197.236	0.168	0.317	0.142	1.398	0.189	0.201	0.522	0.518	0.478	0.482	30
640	4662	55.12	8.46	199.895	0.082	0.298	0.125	1.474	0.155	0.152	0.387	0.372	0.613	0.628	30
641	4663	55.12	8.71	199.885	0.08	0.289	0.119	1.479	0.136	0.137	0.345	0.334	0.655	0.666	30
642	4664	55.12	8.96	199.993	0.082	0.268	0.105	1.49	0.091	0.1	0.25	0.251	0.75	0.749	30
643	4665	55.12	9.21	200	0.086	0.265	0.104	1.494	0.09	0.101	0.257	0.262	0.743	0.738	30
644	4666	55.12	9.46	199.968	0.089	0.278	0.114	1.508	0.119	0.13	0.354	0.352	0.646	0.648	30
645	4667	55.12	9.71	199.793	0.087	0.285	0.118	1.505	0.127	0.138	0.37	0.366	0.63	0.634	30
646	4668	55.12	10.21	199.897	0.081	0.286	0.121	1.52	0.137	0.149	0.406	0.403	0.594	0.596	30
647	4669	55.12	10.46	199.817	0.083	0.288	0.122	1.507	0.134	0.146	0.406	0.405	0.594	0.595	30
648	4670	55.12	10.71	199.245	0.083	0.301	0.129	1.484	0.156	0.163	0.445	0.44	0.555	0.56	30
649	4671	55.12	11.96	199.901	0.076	0.298	0.126	1.498	0.146	0.157	0.427	0.425	0.573	0.575	30
650	4672	55.12	12.21	199.912	0.075	0.298	0.127	1.496	0.148	0.157	0.429	0.426	0.571	0.574	30
651	4673	55.12	14.96	197.625	0.096	0.299	0.124	1.404	0.143	0.157	0.423	0.42	0.577	0.58	30
652	4674	55.12	21.46	199.937	0.072	0.329	0.138	1.436	0.193	0.185	0.463	0.443	0.537	0.557	30
653	4675	55.12	21.71	199.998	0.069	0.317	0.133	1.479	0.169	0.168	0.44	0.429	0.559	0.571	30
654	4676	55.12	21.96	199.994	0.066	0.309	0.131	1.523	0.156	0.167	0.455	0.449	0.545	0.551	30
655	4677	55.12	22.21	199.982	0.065	0.301	0.124	1.511	0.131	0.143	0.399	0.395	0.6	0.605	30
656	4678	55.12	22.46	199.925	0.067	0.291	0.114	1.474	0.096	0.108	0.329	0.325	0.671	0.675	30
657	4679	55.12	22.71	199.961	0.062	0.3	0.121	1.517	0.118	0.131	0.424	0.419	0.576	0.581	30
658	4680	55.12	22.96	199.999	0.064	0.307	0.127	1.552	0.138	0.151	0.498	0.491	0.502	0.509	30
659	4681	55.12	23.21	199.999	0.068	0.306	0.125	1.55	0.134	0.147	0.478	0.471	0.522	0.529	30
660	4682	55.12	23.46	199.996	0.074	0.299	0.122	1.547	0.131	0.143	0.453	0.446	0.546	0.554	30
661	4683	55.12	23.71	199.996	0.073	0.301	0.124	1.551	0.137	0.15	0.465	0.459	0.534	0.54	30
662	4684	55.12	23.96	199.996	0.071	0.302	0.125	1.55	0.139	0.153	0.464	0.461	0.536	0.539	30
663	4685	55.12	24.21	199.99	0.074	0.297	0.12	1.535	0.124	0.138	0.428	0.424	0.572	0.576	30
664	4686	55.12	24.46	199.997	0.077	0.293	0.115	1.516	0.108	0.122	0.39	0.385	0.61	0.615	30
665	4687	55.12	24.71	199.999	0.078	0.298	0.119	1.524	0.121	0.135	0.428	0.422	0.572	0.578	30
666	4688	55.12	24.96	200	0.073	0.3	0.119	1.503	0.12	0.135	0.418	0.412	0.582	0.588	30
667	4689	55.12	25.21	199.997	0.071	0.302	0.119	1.477	0.118	0.133	0.409	0.404	0.591	0.596	30
668	4690	55.12	25.46	199.906	0.077	0.302	0.117	1.466	0.113	0.128	0.396	0.391	0.603	0.609	30
669	4691	55.12	25.71	199.813	0.092	0.293	0.109	1.434	0.087	0.101	0.325	0.318	0.676	0.682	30
670	4692	55.12	25.96	199.907	0.099	0.289	0.107	1.436	0.08	0.094	0.313	0.307	0.687	0.693	30
