# Command file for Castanea
# Generated on Rstudio by user vandermeersch, on the 2023-08-22

# The filenames below are relative to the folder containing this command file
castaneaFileName	=	CastaneaSpecies_08_2021.txt
inventoryFileName	=	C:/Users/vandermeersch/Documents/CEFE/phd/hindcasting/simulation/castanea/run/inventory.txt

climateBaseName	=	C:/Users/vandermeersch/Documents/CEFE/phd/hindcasting/simulation/castanea/clim_test/false/500BP/
climateExtension	=	.txt
simulationName	=	ind1_


#	siteId	gridName	latitude	longitude	soilHeight	stone	wfc	wilt	bulk	SOLCLAYtop	SOLCLAYsol	SOLFINtop	SOLFINsol	SOLSANDtop	SOLSANDsol	numberOfYears
1	12944	38.87	-7.79	199.804	0.175	0.301	0.173	1.543	0.199	0.269	0.511	0.551	0.489	0.449	30
2	12945	38.87	-7.54	199.559	0.191	0.308	0.18	1.535	0.21	0.278	0.557	0.594	0.443	0.406	30
3	12946	38.87	-7.29	199.797	0.189	0.312	0.181	1.544	0.216	0.28	0.562	0.594	0.439	0.407	30
4	12947	38.87	-7.04	199.913	0.157	0.314	0.187	1.559	0.243	0.29	0.586	0.607	0.414	0.393	30
5	12948	38.87	-6.79	199.946	0.149	0.308	0.187	1.565	0.251	0.294	0.585	0.604	0.415	0.396	30
6	12949	38.87	-6.54	199.765	0.157	0.309	0.191	1.566	0.261	0.303	0.589	0.608	0.411	0.392	30
7	12950	38.87	-6.29	199.115	0.172	0.3	0.185	1.563	0.247	0.294	0.572	0.594	0.427	0.406	30
8	12951	38.87	-6.04	198.401	0.168	0.299	0.183	1.553	0.236	0.283	0.575	0.594	0.425	0.405	30
9	12952	38.87	-5.79	198.624	0.172	0.298	0.187	1.557	0.243	0.295	0.574	0.597	0.425	0.403	30
10	12953	38.87	-5.54	199.517	0.18	0.305	0.191	1.564	0.244	0.3	0.574	0.599	0.426	0.401	30
11	12954	38.87	-5.29	198.733	0.2	0.314	0.19	1.559	0.234	0.291	0.571	0.595	0.429	0.405	30
12	12955	38.87	-5.04	196.714	0.225	0.313	0.184	1.549	0.22	0.277	0.562	0.585	0.439	0.415	30
13	12956	38.87	-4.79	198.388	0.223	0.309	0.18	1.542	0.216	0.273	0.556	0.581	0.444	0.419	30
14	12957	38.87	-4.54	198.243	0.219	0.308	0.177	1.541	0.215	0.273	0.551	0.576	0.449	0.424	30
15	12958	38.87	-4.29	198.754	0.205	0.304	0.181	1.543	0.232	0.285	0.56	0.583	0.441	0.417	30
16	12959	38.87	-4.04	199.379	0.185	0.303	0.188	1.54	0.255	0.301	0.58	0.601	0.42	0.399	30
17	12960	38.87	-3.79	199.726	0.165	0.295	0.187	1.544	0.262	0.303	0.573	0.592	0.427	0.408	30
18	12961	38.87	-3.54	199.331	0.161	0.29	0.185	1.548	0.26	0.299	0.569	0.587	0.431	0.413	30
19	12962	38.87	-3.29	199.636	0.153	0.291	0.189	1.542	0.266	0.304	0.582	0.601	0.418	0.399	30
20	12963	38.87	-3.04	199.771	0.165	0.304	0.198	1.534	0.276	0.319	0.607	0.626	0.393	0.374	30
21	12964	38.87	-2.79	199.851	0.184	0.312	0.198	1.531	0.275	0.324	0.614	0.633	0.386	0.367	30
22	12965	38.87	-2.54	199.864	0.183	0.313	0.198	1.526	0.278	0.327	0.626	0.645	0.374	0.355	30
23	12966	38.87	-2.29	199.686	0.185	0.31	0.193	1.522	0.261	0.306	0.614	0.63	0.386	0.37	30
24	12967	38.87	-2.04	199.856	0.16	0.297	0.184	1.53	0.246	0.282	0.59	0.605	0.411	0.395	30
25	12968	38.87	-1.79	199.76	0.156	0.295	0.184	1.53	0.247	0.285	0.589	0.606	0.411	0.394	30
26	12969	38.87	-1.54	199.666	0.166	0.296	0.184	1.525	0.25	0.29	0.588	0.606	0.412	0.394	30
27	12970	38.87	-1.29	199.489	0.17	0.295	0.182	1.523	0.247	0.286	0.578	0.597	0.422	0.403	30
28	12971	38.87	-1.04	198.03	0.194	0.309	0.191	1.521	0.254	0.301	0.596	0.617	0.404	0.383	30
29	12972	38.87	-0.789999999999999	196.173	0.216	0.324	0.199	1.525	0.259	0.311	0.611	0.632	0.389	0.368	30
30	12973	38.87	-0.539999999999999	197.022	0.187	0.322	0.199	1.531	0.26	0.308	0.616	0.635	0.384	0.365	30
31	12974	38.87	-0.289999999999999	191.593	0.198	0.33	0.2	1.521	0.266	0.316	0.614	0.635	0.386	0.365	30
32	12975	38.87	16.46	199.235	0.136	0.337	0.195	1.475	0.275	0.332	0.636	0.658	0.364	0.342	30
33	12976	38.87	16.71	198.992	0.143	0.336	0.201	1.491	0.281	0.328	0.645	0.66	0.356	0.34	30
34	12977	38.87	20.96	196.388	0.172	0.33	0.189	1.482	0.273	0.318	0.639	0.652	0.361	0.348	30
35	12978	38.87	21.21	198.056	0.163	0.334	0.197	1.492	0.28	0.335	0.649	0.668	0.351	0.332	30
36	12979	38.87	21.46	197.346	0.182	0.334	0.196	1.477	0.277	0.328	0.644	0.66	0.356	0.34	30
37	12980	38.87	21.71	194.914	0.212	0.328	0.183	1.456	0.271	0.311	0.635	0.642	0.365	0.358	30
38	12981	38.87	21.96	196.892	0.198	0.316	0.172	1.471	0.256	0.291	0.624	0.63	0.376	0.37	30
39	12982	38.87	22.21	197.738	0.189	0.316	0.179	1.492	0.261	0.297	0.63	0.638	0.37	0.362	30
40	12983	38.87	22.46	199.135	0.177	0.323	0.192	1.512	0.279	0.321	0.651	0.664	0.349	0.336	30
41	12984	38.87	23.21	193.908	0.162	0.324	0.19	1.502	0.266	0.313	0.623	0.641	0.377	0.359	30
42	12985	38.87	27.21	195.771	0.182	0.312	0.19	1.54	0.259	0.304	0.626	0.639	0.374	0.361	30
43	12986	38.87	27.46	196.223	0.173	0.311	0.192	1.538	0.26	0.301	0.633	0.646	0.367	0.354	30
44	12987	38.87	27.71	199.194	0.123	0.304	0.194	1.556	0.271	0.301	0.649	0.658	0.351	0.342	30
45	12988	38.87	27.96	198.158	0.161	0.305	0.187	1.549	0.257	0.29	0.623	0.632	0.377	0.368	30
46	12989	38.87	28.21	199.055	0.18	0.306	0.185	1.549	0.251	0.289	0.606	0.62	0.394	0.38	30
47	12990	38.87	28.46	199.293	0.179	0.305	0.185	1.552	0.249	0.285	0.597	0.61	0.403	0.39	30
48	12991	38.87	28.71	199.264	0.179	0.304	0.181	1.544	0.247	0.278	0.605	0.615	0.395	0.385	30
49	12992	38.87	28.96	199.276	0.177	0.299	0.174	1.539	0.246	0.274	0.609	0.617	0.391	0.383	30
50	12993	38.87	29.21	199.713	0.17	0.296	0.172	1.542	0.242	0.27	0.604	0.612	0.395	0.388	30
51	12994	38.87	29.46	199.808	0.173	0.295	0.165	1.521	0.23	0.254	0.603	0.607	0.396	0.393	30
52	12995	38.87	29.71	199.27	0.177	0.292	0.154	1.497	0.213	0.232	0.594	0.59	0.406	0.41	30
53	12996	38.87	29.96	199.838	0.139	0.298	0.169	1.502	0.245	0.26	0.642	0.636	0.358	0.364	30
54	12997	38.87	30.21	199.928	0.116	0.301	0.182	1.509	0.279	0.288	0.675	0.669	0.325	0.331	30
55	12998	38.87	30.46	199.914	0.109	0.297	0.179	1.512	0.269	0.28	0.668	0.664	0.332	0.336	30
56	12999	38.87	30.71	199.783	0.124	0.295	0.175	1.51	0.259	0.271	0.655	0.653	0.345	0.347	30
57	13000	38.87	30.96	198.802	0.142	0.296	0.175	1.505	0.263	0.273	0.663	0.659	0.337	0.341	30
58	13001	38.87	31.21	195.92	0.165	0.302	0.177	1.499	0.266	0.273	0.669	0.664	0.331	0.337	30
59	13002	38.87	31.46	198.932	0.149	0.3	0.183	1.517	0.28	0.289	0.673	0.67	0.328	0.331	30
60	13003	38.87	31.71	199.423	0.136	0.302	0.189	1.529	0.297	0.311	0.692	0.694	0.308	0.307	30
61	13004	38.87	31.96	199.84	0.096	0.304	0.19	1.543	0.301	0.316	0.697	0.7	0.303	0.3	30
62	13005	38.87	32.21	199.991	0.096	0.302	0.191	1.537	0.301	0.321	0.704	0.712	0.296	0.288	30
63	13006	38.87	32.46	199.975	0.1	0.299	0.186	1.521	0.297	0.314	0.709	0.711	0.292	0.289	30
64	13007	38.87	32.71	199.971	0.094	0.3	0.186	1.523	0.286	0.302	0.7	0.703	0.3	0.297	30
65	13008	38.87	32.96	199.983	0.079	0.299	0.186	1.53	0.283	0.297	0.69	0.695	0.31	0.305	30
66	13009	38.87	33.21	199.991	0.089	0.303	0.179	1.503	0.276	0.288	0.674	0.673	0.326	0.327	30
67	13010	38.87	33.46	199.777	0.102	0.306	0.174	1.499	0.277	0.29	0.675	0.674	0.325	0.326	30
68	13011	38.87	33.71	199.498	0.116	0.298	0.178	1.525	0.286	0.3	0.687	0.685	0.313	0.315	30
69	13012	38.87	33.96	199.815	0.12	0.295	0.18	1.531	0.296	0.307	0.677	0.673	0.323	0.327	30
70	13013	38.87	34.21	199.854	0.117	0.296	0.186	1.531	0.313	0.324	0.701	0.699	0.299	0.301	30
71	13014	38.87	34.46	199.759	0.126	0.295	0.184	1.522	0.317	0.326	0.714	0.708	0.287	0.292	30
72	13015	38.87	34.71	199.375	0.139	0.298	0.182	1.515	0.317	0.322	0.712	0.703	0.288	0.297	30
73	13016	38.62	-9.04	199.491	0.113	0.321	0.174	1.509	0.227	0.281	0.506	0.54	0.494	0.46	30
74	13017	38.62	-8.79	199.922	0.103	0.316	0.161	1.533	0.192	0.26	0.443	0.491	0.557	0.509	30
75	13018	38.62	-8.54	199.931	0.139	0.31	0.164	1.536	0.187	0.265	0.447	0.5	0.553	0.5	30
76	13019	38.62	-8.29	199.874	0.161	0.31	0.173	1.529	0.199	0.275	0.497	0.545	0.503	0.455	30
77	13020	38.62	-8.04	199.814	0.166	0.304	0.169	1.532	0.192	0.264	0.489	0.533	0.511	0.467	30
78	13021	38.62	-7.79	199.813	0.172	0.299	0.172	1.545	0.199	0.269	0.499	0.542	0.501	0.458	30
79	13022	38.62	-7.54	199.446	0.194	0.301	0.178	1.544	0.21	0.276	0.535	0.572	0.466	0.428	30
80	13023	38.62	-7.29	199.646	0.201	0.31	0.183	1.545	0.219	0.279	0.559	0.589	0.441	0.411	30
81	13024	38.62	-7.04	199.516	0.193	0.312	0.186	1.547	0.228	0.289	0.568	0.597	0.432	0.403	30
82	13025	38.62	-6.79	198.931	0.195	0.314	0.192	1.548	0.246	0.304	0.585	0.61	0.415	0.39	30
83	13026	38.62	-6.54	198.988	0.188	0.314	0.201	1.552	0.275	0.321	0.603	0.622	0.397	0.378	30
84	13027	38.62	-6.29	198.995	0.185	0.308	0.199	1.551	0.272	0.319	0.6	0.62	0.4	0.381	30
85	13028	38.62	-6.04	197.968	0.206	0.307	0.192	1.548	0.24	0.301	0.585	0.608	0.415	0.392	30
86	13029	38.62	-5.79	197.901	0.199	0.303	0.191	1.55	0.234	0.298	0.569	0.596	0.431	0.404	30
87	13030	38.62	-5.54	198.641	0.191	0.301	0.189	1.552	0.234	0.295	0.563	0.588	0.437	0.412	30
88	13031	38.62	-5.29	198.995	0.195	0.306	0.192	1.554	0.237	0.298	0.564	0.59	0.436	0.41	30
89	13032	38.62	-5.04	198.245	0.212	0.303	0.183	1.55	0.223	0.283	0.538	0.567	0.462	0.433	30
90	13033	38.62	-4.79	199.238	0.22	0.306	0.179	1.543	0.218	0.277	0.539	0.567	0.461	0.433	30
91	13034	38.62	-4.54	198.927	0.219	0.309	0.179	1.539	0.217	0.275	0.551	0.577	0.449	0.423	30
92	13035	38.62	-4.29	198.206	0.211	0.307	0.182	1.538	0.223	0.279	0.561	0.585	0.439	0.415	30
93	13036	38.62	-4.04	198.32	0.218	0.306	0.183	1.537	0.232	0.284	0.566	0.588	0.434	0.412	30
94	13037	38.62	-3.79	198.399	0.209	0.305	0.187	1.536	0.248	0.296	0.581	0.602	0.419	0.398	30
95	13038	38.62	-3.54	199.173	0.184	0.301	0.194	1.535	0.27	0.314	0.596	0.615	0.404	0.385	30
96	13039	38.62	-3.29	199.149	0.183	0.3	0.193	1.53	0.27	0.311	0.592	0.61	0.408	0.39	30
97	13040	38.62	-3.04	199.084	0.178	0.305	0.196	1.527	0.278	0.32	0.606	0.625	0.394	0.375	30
98	13041	38.62	-2.79	198.952	0.194	0.31	0.195	1.526	0.273	0.317	0.607	0.626	0.393	0.374	30
99	13042	38.62	-2.54	197.501	0.212	0.317	0.192	1.513	0.264	0.309	0.606	0.622	0.394	0.378	30
100	13043	38.62	-2.29	196.465	0.239	0.322	0.189	1.503	0.253	0.299	0.601	0.615	0.399	0.385	30
101	13044	38.62	-2.04	197.742	0.218	0.313	0.188	1.518	0.253	0.296	0.594	0.61	0.406	0.39	30
102	13045	38.62	-1.79	198.473	0.175	0.302	0.187	1.524	0.247	0.287	0.581	0.599	0.42	0.401	30
103	13046	38.62	-1.54	199.074	0.16	0.295	0.182	1.522	0.241	0.279	0.572	0.591	0.428	0.409	30
104	13047	38.62	-1.29	198.724	0.169	0.295	0.182	1.52	0.239	0.278	0.568	0.588	0.432	0.411	30
105	13048	38.62	-1.04	197.959	0.173	0.302	0.187	1.522	0.244	0.286	0.583	0.604	0.417	0.396	30
106	13049	38.62	-0.789999999999999	197.839	0.192	0.312	0.192	1.522	0.252	0.298	0.6	0.619	0.4	0.381	30
107	13050	38.62	-0.539999999999999	197.333	0.214	0.324	0.196	1.52	0.258	0.306	0.608	0.626	0.392	0.374	30
108	13051	38.62	-0.289999999999999	192.589	0.214	0.331	0.198	1.514	0.261	0.305	0.608	0.625	0.392	0.375	30
109	13052	38.62	15.96	199.762	0.128	0.337	0.192	1.483	0.283	0.343	0.628	0.653	0.373	0.347	30
110	13053	38.62	16.21	199.292	0.137	0.335	0.192	1.465	0.27	0.329	0.623	0.648	0.377	0.352	30
111	13054	38.62	16.46	197.624	0.154	0.333	0.19	1.464	0.255	0.31	0.607	0.63	0.393	0.37	30
112	13055	38.62	21.21	197.928	0.135	0.334	0.199	1.508	0.273	0.326	0.639	0.658	0.361	0.342	30
113	13056	38.62	21.46	198.14	0.152	0.331	0.195	1.494	0.267	0.318	0.636	0.653	0.365	0.347	30
114	13057	38.62	21.71	195.393	0.202	0.334	0.193	1.468	0.277	0.324	0.638	0.651	0.362	0.35	30
115	13058	38.62	21.96	195.317	0.216	0.32	0.175	1.462	0.259	0.298	0.616	0.623	0.384	0.377	30
116	13059	38.62	22.21	191.031	0.237	0.322	0.174	1.461	0.25	0.283	0.609	0.613	0.391	0.387	30
117	13060	38.62	22.46	195.715	0.211	0.323	0.185	1.487	0.264	0.302	0.631	0.638	0.369	0.362	30
118	13061	38.62	22.71	196.558	0.183	0.325	0.194	1.51	0.277	0.317	0.651	0.663	0.349	0.337	30
119	13062	38.62	22.96	196.9	0.164	0.326	0.2	1.524	0.283	0.327	0.663	0.678	0.338	0.322	30
120	13063	38.62	23.21	192.184	0.173	0.327	0.199	1.521	0.278	0.327	0.653	0.671	0.347	0.33	30
121	13064	38.62	23.71	187.065	0.19	0.324	0.193	1.497	0.273	0.316	0.626	0.641	0.374	0.359	30
122	13065	38.62	23.96	187.157	0.184	0.324	0.191	1.495	0.266	0.307	0.62	0.634	0.38	0.366	30
123	13066	38.62	24.21	187.642	0.179	0.326	0.195	1.508	0.271	0.317	0.623	0.642	0.377	0.358	30
124	13067	38.62	25.96	190.062	0.176	0.319	0.186	1.511	0.255	0.299	0.604	0.62	0.396	0.38	30
125	13068	38.62	26.46	184.769	0.198	0.328	0.192	1.511	0.269	0.32	0.612	0.632	0.388	0.368	30
126	13069	38.62	26.96	196.642	0.119	0.32	0.19	1.539	0.285	0.313	0.662	0.668	0.338	0.332	30
127	13070	38.62	27.21	195.466	0.169	0.314	0.19	1.537	0.263	0.303	0.632	0.643	0.368	0.357	30
128	13071	38.62	27.46	197.514	0.13	0.307	0.189	1.541	0.266	0.296	0.643	0.65	0.357	0.35	30
129	13072	38.62	27.71	199.072	0.121	0.302	0.189	1.549	0.268	0.297	0.645	0.652	0.356	0.348	30
130	13073	38.62	27.96	199.02	0.137	0.304	0.187	1.55	0.266	0.295	0.634	0.641	0.366	0.359	30
131	13074	38.62	28.21	198.992	0.141	0.302	0.186	1.554	0.261	0.29	0.617	0.627	0.383	0.373	30
132	13075	38.62	28.46	198.925	0.159	0.308	0.191	1.552	0.271	0.304	0.622	0.632	0.378	0.368	30
133	13076	38.62	28.71	199.273	0.158	0.309	0.192	1.546	0.273	0.304	0.631	0.64	0.369	0.36	30
134	13077	38.62	28.96	199.53	0.153	0.299	0.185	1.547	0.261	0.293	0.617	0.627	0.383	0.373	30
135	13078	38.62	29.21	199.696	0.153	0.296	0.182	1.551	0.259	0.29	0.621	0.632	0.379	0.368	30
136	13079	38.62	29.46	199.931	0.139	0.297	0.182	1.543	0.262	0.29	0.638	0.647	0.363	0.354	30
137	13080	38.62	29.71	199.797	0.15	0.294	0.171	1.532	0.243	0.267	0.617	0.621	0.383	0.379	30
138	13081	38.62	29.96	199.752	0.148	0.299	0.172	1.514	0.247	0.263	0.636	0.634	0.364	0.366	30
139	13082	38.62	30.21	199.503	0.142	0.303	0.178	1.511	0.257	0.27	0.655	0.652	0.345	0.348	30
140	13083	38.62	30.46	199.22	0.157	0.302	0.177	1.501	0.263	0.272	0.661	0.655	0.339	0.346	30
141	13084	38.62	30.71	199.579	0.13	0.3	0.181	1.515	0.273	0.283	0.672	0.668	0.328	0.332	30
142	13085	38.62	30.96	197.54	0.135	0.303	0.179	1.51	0.268	0.278	0.674	0.668	0.327	0.333	30
143	13086	38.62	31.21	197.134	0.133	0.305	0.173	1.502	0.261	0.27	0.666	0.658	0.334	0.342	30
144	13087	38.62	31.46	199.017	0.125	0.3	0.182	1.516	0.284	0.292	0.682	0.678	0.318	0.322	30
145	13088	38.62	31.71	198.669	0.136	0.302	0.189	1.526	0.296	0.308	0.692	0.693	0.308	0.307	30
146	13089	38.62	31.96	199.203	0.123	0.302	0.19	1.531	0.3	0.314	0.698	0.7	0.302	0.3	30
147	13090	38.62	32.21	199.914	0.087	0.299	0.191	1.538	0.303	0.32	0.703	0.708	0.297	0.292	30
148	13091	38.62	32.46	199.994	0.084	0.297	0.188	1.528	0.295	0.312	0.697	0.7	0.303	0.3	30
149	13092	38.62	32.71	199.994	0.1	0.298	0.189	1.526	0.292	0.313	0.701	0.708	0.299	0.292	30
150	13093	38.62	32.96	199.997	0.07	0.3	0.189	1.533	0.29	0.306	0.698	0.702	0.302	0.298	30
151	13094	38.62	33.21	199.995	0.062	0.307	0.182	1.501	0.292	0.306	0.688	0.687	0.312	0.313	30
152	13095	38.62	33.46	199.891	0.092	0.317	0.173	1.47	0.28	0.291	0.656	0.655	0.344	0.345	30
153	13096	38.62	33.71	199.648	0.094	0.307	0.182	1.509	0.297	0.307	0.688	0.686	0.313	0.314	30
154	13097	38.62	33.96	199.157	0.125	0.298	0.183	1.516	0.307	0.31	0.69	0.682	0.31	0.318	30
155	13098	38.62	34.21	198.649	0.132	0.296	0.183	1.516	0.309	0.314	0.685	0.677	0.315	0.323	30
156	13099	38.62	34.46	199.346	0.118	0.297	0.186	1.515	0.313	0.317	0.702	0.69	0.298	0.31	30
157	13100	38.62	34.71	199.081	0.139	0.296	0.181	1.51	0.303	0.303	0.688	0.673	0.312	0.327	30
158	13101	38.37	-8.54	199.769	0.132	0.308	0.164	1.535	0.191	0.26	0.446	0.493	0.554	0.507	30
159	13102	38.37	-8.29	199.792	0.155	0.312	0.173	1.533	0.205	0.275	0.499	0.541	0.501	0.459	30
160	13103	38.37	-8.04	199.868	0.164	0.308	0.175	1.538	0.206	0.276	0.513	0.555	0.487	0.445	30
161	13104	38.37	-7.79	199.399	0.18	0.305	0.178	1.545	0.215	0.282	0.529	0.568	0.471	0.432	30
162	13105	38.37	-7.54	198.81	0.194	0.305	0.181	1.55	0.225	0.286	0.546	0.58	0.454	0.42	30
163	13106	38.37	-7.29	199.446	0.204	0.312	0.186	1.552	0.232	0.291	0.565	0.594	0.435	0.406	30
164	13107	38.37	-7.04	198.937	0.218	0.309	0.181	1.542	0.213	0.28	0.553	0.582	0.447	0.418	30
165	13108	38.37	-6.79	197.6	0.219	0.313	0.179	1.532	0.209	0.276	0.558	0.586	0.442	0.414	30
166	13109	38.37	-6.54	198.531	0.204	0.311	0.186	1.54	0.226	0.288	0.574	0.599	0.427	0.401	30
167	13110	38.37	-6.29	199.472	0.176	0.312	0.198	1.548	0.26	0.318	0.605	0.627	0.395	0.374	30
168	13111	38.37	-6.04	199.378	0.184	0.311	0.198	1.549	0.255	0.316	0.6	0.623	0.4	0.377	30
169	13112	38.37	-5.79	199.316	0.183	0.312	0.201	1.55	0.255	0.315	0.602	0.624	0.398	0.376	30
170	13113	38.37	-5.54	198.93	0.19	0.312	0.197	1.548	0.246	0.307	0.59	0.612	0.411	0.388	30
171	13114	38.37	-5.29	198.785	0.195	0.31	0.194	1.546	0.238	0.301	0.575	0.599	0.426	0.401	30
172	13115	38.37	-5.04	198.484	0.207	0.304	0.181	1.541	0.217	0.281	0.531	0.562	0.47	0.438	30
173	13116	38.37	-4.79	198.802	0.212	0.299	0.171	1.54	0.205	0.271	0.494	0.531	0.506	0.469	30
174	13117	38.37	-4.54	199.358	0.217	0.301	0.17	1.537	0.208	0.269	0.507	0.54	0.493	0.46	30
175	13118	38.37	-4.29	197.673	0.239	0.306	0.175	1.529	0.208	0.267	0.536	0.563	0.464	0.437	30
176	13119	38.37	-4.04	195.442	0.258	0.311	0.18	1.528	0.212	0.269	0.552	0.575	0.448	0.425	30
177	13120	38.37	-3.79	196.047	0.254	0.313	0.183	1.529	0.223	0.278	0.569	0.591	0.431	0.409	30
178	13121	38.37	-3.54	197.671	0.233	0.309	0.186	1.529	0.239	0.288	0.577	0.597	0.423	0.403	30
179	13122	38.37	-3.29	196.48	0.228	0.309	0.187	1.53	0.25	0.296	0.587	0.605	0.413	0.395	30
180	13123	38.37	-3.04	196.353	0.223	0.311	0.189	1.53	0.26	0.305	0.601	0.618	0.399	0.382	30
181	13124	38.37	-2.79	195.649	0.24	0.314	0.187	1.522	0.259	0.304	0.604	0.62	0.396	0.38	30
182	13125	38.37	-2.54	193.67	0.249	0.318	0.186	1.5	0.255	0.299	0.603	0.616	0.397	0.384	30
183	13126	38.37	-2.29	194.931	0.253	0.319	0.187	1.508	0.253	0.298	0.601	0.613	0.399	0.386	30
184	13127	38.37	-2.04	196.229	0.237	0.317	0.189	1.522	0.254	0.298	0.596	0.611	0.404	0.389	30
185	13128	38.37	-1.79	195.904	0.195	0.309	0.191	1.531	0.253	0.293	0.592	0.608	0.408	0.392	30
186	13129	38.37	-1.54	195.816	0.164	0.303	0.19	1.532	0.248	0.284	0.593	0.609	0.407	0.391	30
187	13130	38.37	-1.29	195.514	0.177	0.305	0.191	1.526	0.248	0.285	0.592	0.609	0.408	0.391	30
188	13131	38.37	-1.04	195.876	0.184	0.307	0.191	1.524	0.254	0.293	0.595	0.612	0.405	0.388	30
189	13132	38.37	-0.789999999999999	197.539	0.162	0.309	0.193	1.535	0.257	0.294	0.598	0.613	0.402	0.387	30
190	13133	38.37	-0.539999999999999	198.11	0.154	0.313	0.197	1.54	0.259	0.296	0.59	0.605	0.41	0.395	30
191	13134	38.37	15.96	196.855	0.138	0.329	0.187	1.471	0.249	0.308	0.593	0.62	0.407	0.38	30
192	13135	38.37	16.21	197.667	0.153	0.33	0.189	1.467	0.255	0.309	0.604	0.627	0.396	0.373	30
193	13136	38.37	16.46	197.056	0.161	0.333	0.195	1.482	0.266	0.315	0.619	0.639	0.381	0.362	30
194	13137	38.37	21.21	198.236	0.106	0.34	0.195	1.508	0.276	0.32	0.643	0.658	0.357	0.342	30
195	13138	38.37	21.46	198.377	0.135	0.334	0.195	1.499	0.272	0.319	0.635	0.652	0.365	0.348	30
196	13139	38.37	21.71	196.202	0.175	0.333	0.197	1.499	0.273	0.32	0.635	0.651	0.365	0.349	30
197	13140	38.37	22.21	193.22	0.22	0.329	0.19	1.501	0.268	0.315	0.63	0.644	0.37	0.356	30
198	13141	38.37	22.71	193.313	0.203	0.327	0.194	1.504	0.272	0.313	0.642	0.653	0.358	0.348	30
199	13142	38.37	22.96	195.468	0.167	0.325	0.198	1.518	0.283	0.32	0.666	0.676	0.334	0.324	30
200	13143	38.37	23.21	194.12	0.153	0.323	0.201	1.529	0.283	0.324	0.664	0.678	0.336	0.322	30
201	13144	38.37	23.46	194.015	0.164	0.324	0.201	1.526	0.284	0.328	0.652	0.669	0.348	0.331	30
202	13145	38.37	24.21	187.562	0.169	0.326	0.191	1.518	0.258	0.309	0.597	0.624	0.403	0.376	30
203	13146	38.37	26.71	193.769	0.168	0.315	0.189	1.527	0.261	0.301	0.623	0.635	0.378	0.365	30
204	13147	38.37	26.96	194.457	0.17	0.314	0.188	1.53	0.26	0.299	0.622	0.634	0.378	0.366	30
205	13148	38.37	27.21	196.559	0.164	0.312	0.189	1.538	0.261	0.301	0.627	0.639	0.373	0.361	30
206	13149	38.37	27.46	195.093	0.178	0.309	0.185	1.531	0.246	0.285	0.613	0.623	0.387	0.377	30
207	13150	38.37	27.71	196.055	0.179	0.305	0.181	1.53	0.239	0.276	0.6	0.609	0.4	0.391	30
208	13151	38.37	27.96	196.927	0.175	0.305	0.179	1.528	0.238	0.271	0.601	0.606	0.399	0.394	30
209	13152	38.37	28.21	195.288	0.175	0.305	0.179	1.524	0.245	0.271	0.603	0.606	0.397	0.394	30
210	13153	38.37	28.46	198.38	0.16	0.304	0.182	1.544	0.257	0.287	0.61	0.617	0.39	0.383	30
211	13154	38.37	28.71	198.332	0.15	0.302	0.185	1.552	0.259	0.288	0.613	0.619	0.387	0.381	30
212	13155	38.37	28.96	199.304	0.142	0.298	0.186	1.55	0.26	0.294	0.615	0.624	0.385	0.376	30
213	13156	38.37	29.21	199.4	0.147	0.297	0.184	1.55	0.262	0.294	0.623	0.633	0.377	0.367	30
214	13157	38.37	29.46	199.451	0.138	0.294	0.182	1.546	0.264	0.294	0.633	0.642	0.367	0.358	30
215	13158	38.37	29.71	199.017	0.136	0.293	0.172	1.535	0.247	0.268	0.623	0.627	0.377	0.373	30
216	13159	38.37	29.96	196.794	0.154	0.301	0.169	1.514	0.24	0.255	0.621	0.619	0.379	0.381	30
217	13160	38.37	30.21	197.644	0.144	0.307	0.186	1.515	0.272	0.288	0.673	0.673	0.327	0.327	30
218	13161	38.37	30.46	196.577	0.174	0.306	0.181	1.498	0.272	0.282	0.668	0.663	0.332	0.337	30
219	13162	38.37	30.71	196.178	0.161	0.304	0.179	1.505	0.268	0.281	0.656	0.652	0.344	0.349	30
220	13163	38.37	30.96	194.523	0.175	0.304	0.177	1.507	0.258	0.271	0.645	0.641	0.355	0.359	30
221	13164	38.37	31.21	194.249	0.171	0.303	0.174	1.498	0.245	0.256	0.641	0.633	0.359	0.367	30
222	13165	38.37	31.46	198.123	0.127	0.304	0.178	1.511	0.265	0.275	0.673	0.666	0.327	0.334	30
223	13166	38.37	31.71	199.595	0.115	0.305	0.193	1.528	0.307	0.321	0.704	0.706	0.297	0.294	30
224	13167	38.37	31.96	199.348	0.129	0.301	0.188	1.523	0.294	0.309	0.695	0.695	0.305	0.305	30
225	13168	38.37	32.21	199.705	0.087	0.301	0.191	1.535	0.31	0.324	0.713	0.716	0.287	0.284	30
226	13169	38.37	32.46	199.886	0.08	0.299	0.19	1.534	0.307	0.321	0.707	0.711	0.293	0.289	30
227	13170	38.37	32.71	199.886	0.079	0.298	0.19	1.535	0.292	0.308	0.697	0.702	0.303	0.298	30
228	13171	38.37	32.96	199.821	0.062	0.299	0.188	1.538	0.283	0.298	0.683	0.685	0.318	0.315	30
229	13172	38.37	33.21	199.984	0.043	0.3	0.186	1.534	0.297	0.31	0.687	0.687	0.313	0.313	30
230	13173	38.37	33.46	199.987	0.046	0.304	0.183	1.527	0.301	0.31	0.687	0.684	0.313	0.316	30
231	13174	38.37	33.71	199.983	0.045	0.3	0.186	1.535	0.3	0.307	0.688	0.684	0.312	0.316	30
232	13175	38.37	33.96	199.807	0.082	0.296	0.186	1.533	0.298	0.306	0.7	0.695	0.3	0.305	30
233	13176	38.37	34.21	199.175	0.122	0.296	0.184	1.513	0.299	0.301	0.684	0.671	0.316	0.329	30
234	13177	38.37	34.46	197.676	0.139	0.303	0.185	1.497	0.306	0.302	0.685	0.665	0.315	0.335	30
235	13178	38.37	34.71	198.417	0.127	0.3	0.184	1.491	0.311	0.303	0.674	0.655	0.326	0.345	30
236	13179	38.12	-8.54	199.545	0.15	0.306	0.168	1.535	0.199	0.269	0.476	0.521	0.524	0.479	30
237	13180	38.12	-8.29	199.963	0.131	0.307	0.171	1.552	0.211	0.274	0.491	0.529	0.509	0.471	30
238	13181	38.12	-8.04	199.942	0.151	0.312	0.188	1.549	0.247	0.305	0.573	0.603	0.427	0.397	30
239	13182	38.12	-7.79	199.504	0.17	0.315	0.189	1.549	0.253	0.308	0.585	0.613	0.415	0.387	30
240	13183	38.12	-7.54	199.037	0.18	0.308	0.184	1.554	0.241	0.296	0.571	0.598	0.429	0.402	30
241	13184	38.12	-7.29	198.897	0.209	0.311	0.187	1.553	0.236	0.295	0.571	0.598	0.429	0.402	30
242	13185	38.12	-7.04	195.964	0.242	0.313	0.181	1.54	0.214	0.279	0.551	0.577	0.449	0.423	30
243	13186	38.12	-6.79	196.528	0.24	0.318	0.182	1.53	0.221	0.287	0.576	0.6	0.425	0.4	30
244	13187	38.12	-6.54	198.033	0.225	0.318	0.182	1.53	0.218	0.284	0.57	0.594	0.43	0.406	30
245	13188	38.12	-6.29	198.568	0.218	0.316	0.184	1.534	0.222	0.285	0.566	0.589	0.434	0.411	30
246	13189	38.12	-6.04	197.737	0.217	0.316	0.19	1.539	0.235	0.297	0.578	0.602	0.422	0.398	30
247	13190	38.12	-5.79	197.764	0.215	0.315	0.191	1.54	0.235	0.296	0.584	0.608	0.416	0.392	30
248	13191	38.12	-5.54	194.426	0.238	0.317	0.186	1.537	0.22	0.283	0.564	0.587	0.437	0.413	30
249	13192	38.12	-5.29	192.588	0.246	0.316	0.181	1.535	0.212	0.276	0.552	0.576	0.449	0.424	30
250	13193	38.12	-5.04	194.303	0.247	0.316	0.179	1.53	0.211	0.275	0.562	0.586	0.438	0.414	30
251	13194	38.12	-4.79	192.477	0.255	0.314	0.179	1.53	0.218	0.278	0.56	0.585	0.44	0.415	30
252	13195	38.12	-4.54	195.936	0.233	0.31	0.18	1.539	0.229	0.284	0.557	0.581	0.443	0.419	30
253	13196	38.12	-4.29	197.205	0.222	0.309	0.184	1.543	0.24	0.288	0.568	0.588	0.432	0.412	30
254	13197	38.12	-4.04	195.905	0.222	0.31	0.187	1.546	0.244	0.29	0.58	0.596	0.42	0.404	30
255	13198	38.12	-3.79	197.648	0.198	0.314	0.198	1.552	0.267	0.31	0.616	0.631	0.384	0.369	30
256	13199	38.12	-3.54	198.911	0.193	0.315	0.202	1.555	0.276	0.311	0.632	0.642	0.368	0.358	30
257	13200	38.12	-3.29	198.744	0.199	0.317	0.203	1.545	0.286	0.319	0.653	0.66	0.347	0.34	30
258	13201	38.12	-3.04	197.316	0.217	0.32	0.199	1.53	0.287	0.323	0.653	0.662	0.347	0.338	30
259	13202	38.12	-2.79	193.835	0.249	0.319	0.186	1.499	0.261	0.302	0.617	0.627	0.383	0.373	30
260	13203	38.12	-2.54	195.537	0.235	0.317	0.183	1.492	0.25	0.284	0.596	0.603	0.404	0.397	30
261	13204	38.12	-2.29	197.143	0.23	0.313	0.183	1.502	0.247	0.281	0.588	0.597	0.412	0.403	30
262	13205	38.12	-2.04	197.351	0.215	0.311	0.185	1.512	0.25	0.289	0.592	0.606	0.408	0.394	30
263	13206	38.12	-1.79	196.71	0.19	0.308	0.191	1.525	0.254	0.293	0.606	0.621	0.395	0.379	30
264	13207	38.12	-1.54	195.387	0.168	0.306	0.194	1.531	0.256	0.289	0.616	0.63	0.384	0.37	30
265	13208	38.12	-1.29	196.163	0.152	0.306	0.198	1.534	0.262	0.289	0.613	0.623	0.387	0.377	30
266	13209	38.12	-1.04	196.233	0.136	0.308	0.197	1.539	0.261	0.287	0.604	0.615	0.396	0.385	30
267	13210	38.12	-0.789999999999999	198.526	0.11	0.313	0.192	1.55	0.254	0.278	0.59	0.601	0.41	0.4	30
268	13211	38.12	13.21	193.811	0.164	0.341	0.202	1.494	0.299	0.34	0.653	0.665	0.347	0.335	30
269	13212	38.12	13.46	198.114	0.158	0.345	0.214	1.515	0.33	0.361	0.693	0.699	0.307	0.301	30
270	13213	38.12	14.96	193.498	0.193	0.342	0.198	1.483	0.275	0.33	0.635	0.652	0.365	0.348	30
271	13214	38.12	15.21	193.012	0.182	0.335	0.194	1.492	0.265	0.32	0.615	0.633	0.385	0.367	30
272	13215	38.12	15.96	193.082	0.182	0.334	0.19	1.471	0.255	0.305	0.611	0.629	0.39	0.371	30
273	13216	38.12	21.46	199.352	0.123	0.322	0.189	1.538	0.252	0.3	0.609	0.629	0.391	0.371	30
274	13217	38.12	21.71	196.564	0.183	0.33	0.197	1.513	0.269	0.315	0.643	0.658	0.357	0.342	30
275	13218	38.12	21.96	193.117	0.211	0.332	0.196	1.493	0.281	0.325	0.649	0.661	0.351	0.339	30
276	13219	38.12	22.21	190.077	0.221	0.323	0.179	1.49	0.259	0.294	0.625	0.632	0.375	0.368	30
277	13220	38.12	22.46	191.286	0.222	0.321	0.18	1.505	0.256	0.293	0.624	0.633	0.376	0.367	30
278	13221	38.12	22.71	193.646	0.189	0.326	0.192	1.501	0.271	0.316	0.636	0.65	0.365	0.35	30
279	13222	38.12	22.96	193.073	0.189	0.325	0.192	1.504	0.27	0.315	0.634	0.649	0.366	0.351	30
280	13223	38.12	23.21	192.421	0.188	0.325	0.192	1.507	0.269	0.314	0.633	0.648	0.367	0.352	30
281	13224	38.12	23.46	192.795	0.18	0.323	0.2	1.522	0.28	0.323	0.642	0.658	0.358	0.342	30
282	13225	38.12	23.71	193.749	0.175	0.315	0.195	1.518	0.271	0.313	0.624	0.641	0.376	0.359	30
283	13226	38.12	24.46	179.847	0.189	0.328	0.192	1.487	0.256	0.304	0.596	0.618	0.404	0.382	30
284	13227	38.12	27.21	196.032	0.146	0.315	0.19	1.542	0.263	0.303	0.629	0.641	0.371	0.359	30
285	13228	38.12	27.46	196.329	0.142	0.312	0.189	1.552	0.262	0.297	0.635	0.643	0.365	0.357	30
286	13229	38.12	27.71	196.737	0.166	0.309	0.186	1.546	0.254	0.29	0.622	0.631	0.378	0.369	30
287	13230	38.12	27.96	197.212	0.165	0.306	0.181	1.538	0.247	0.28	0.612	0.619	0.388	0.382	30
288	13231	38.12	28.21	197.033	0.185	0.306	0.18	1.537	0.245	0.275	0.601	0.606	0.4	0.394	30
289	13232	38.12	28.46	196.549	0.19	0.305	0.176	1.536	0.241	0.273	0.591	0.597	0.409	0.403	30
290	13233	38.12	28.71	197.652	0.166	0.3	0.176	1.549	0.244	0.277	0.595	0.603	0.405	0.397	30
291	13234	38.12	28.96	198.514	0.148	0.299	0.182	1.554	0.256	0.287	0.615	0.623	0.385	0.377	30
292	13235	38.12	29.21	198.378	0.156	0.297	0.177	1.548	0.25	0.279	0.61	0.617	0.39	0.383	30
293	13236	38.12	29.46	199.079	0.135	0.293	0.177	1.547	0.253	0.278	0.624	0.63	0.376	0.37	30
294	13237	38.12	29.71	199.189	0.111	0.297	0.181	1.542	0.266	0.29	0.656	0.662	0.344	0.338	30
295	13238	38.12	29.96	197.531	0.123	0.301	0.182	1.532	0.265	0.288	0.649	0.656	0.351	0.344	30
296	13239	38.12	30.21	196.501	0.153	0.304	0.182	1.519	0.266	0.288	0.649	0.652	0.351	0.348	30
297	13240	38.12	30.46	192.063	0.177	0.304	0.175	1.504	0.257	0.271	0.641	0.638	0.359	0.362	30
298	13241	38.12	30.71	189.868	0.176	0.303	0.166	1.504	0.241	0.251	0.618	0.613	0.381	0.387	30
299	13242	38.12	30.96	193.813	0.168	0.305	0.169	1.515	0.242	0.255	0.618	0.614	0.382	0.386	30
300	13243	38.12	31.21	195.02	0.171	0.303	0.176	1.505	0.252	0.262	0.64	0.632	0.361	0.368	30
301	13244	38.12	31.46	196.996	0.169	0.304	0.175	1.501	0.253	0.265	0.642	0.633	0.358	0.367	30
302	13245	38.12	31.71	199.542	0.153	0.303	0.179	1.508	0.266	0.279	0.656	0.65	0.344	0.35	30
303	13246	38.12	31.96	199.355	0.153	0.305	0.183	1.506	0.275	0.284	0.672	0.663	0.328	0.337	30
304	13247	38.12	32.21	197.886	0.161	0.304	0.182	1.504	0.277	0.287	0.679	0.669	0.321	0.331	30
305	13248	38.12	32.46	198.024	0.138	0.297	0.18	1.517	0.276	0.29	0.674	0.67	0.326	0.33	30
306	13249	38.12	32.71	199.255	0.089	0.3	0.189	1.524	0.291	0.306	0.701	0.701	0.299	0.3	30
307	13250	38.12	32.96	198.72	0.112	0.298	0.188	1.532	0.285	0.305	0.683	0.685	0.317	0.316	30
308	13251	38.12	33.21	199.73	0.063	0.299	0.189	1.532	0.296	0.314	0.702	0.706	0.298	0.294	30
309	13252	38.12	33.46	200	0.057	0.299	0.189	1.534	0.302	0.314	0.706	0.706	0.294	0.294	30
310	13253	38.12	33.71	199.966	0.081	0.299	0.194	1.539	0.313	0.325	0.724	0.723	0.276	0.277	30
311	13254	38.12	33.96	199.149	0.114	0.296	0.192	1.528	0.305	0.317	0.719	0.713	0.281	0.287	30
312	13255	38.12	34.21	194.542	0.168	0.297	0.178	1.495	0.277	0.279	0.662	0.646	0.338	0.354	30
313	13256	38.12	34.46	187.76	0.204	0.309	0.176	1.475	0.271	0.27	0.651	0.632	0.349	0.368	30
314	13257	38.12	34.71	195.003	0.165	0.303	0.183	1.491	0.294	0.29	0.661	0.642	0.339	0.358	30
315	13258	37.87	-8.54	199.163	0.145	0.311	0.174	1.535	0.213	0.283	0.515	0.554	0.485	0.446	30
316	13259	37.87	-8.29	199.851	0.14	0.31	0.181	1.55	0.232	0.296	0.537	0.573	0.463	0.427	30
317	13260	37.87	-8.04	199.978	0.165	0.313	0.195	1.555	0.266	0.322	0.595	0.624	0.405	0.377	30
318	13261	37.87	-7.79	199.686	0.184	0.311	0.191	1.554	0.263	0.317	0.593	0.621	0.407	0.379	30
319	13262	37.87	-7.54	199.263	0.194	0.304	0.186	1.55	0.241	0.3	0.573	0.603	0.427	0.397	30
320	13263	37.87	-7.29	197.348	0.214	0.307	0.186	1.543	0.229	0.294	0.561	0.593	0.438	0.407	30
321	13264	37.87	-7.04	193.107	0.239	0.314	0.183	1.531	0.216	0.282	0.551	0.58	0.449	0.42	30
322	13265	37.87	-6.79	194.243	0.248	0.317	0.18	1.525	0.214	0.28	0.559	0.585	0.441	0.415	30
323	13266	37.87	-6.54	194.77	0.249	0.319	0.179	1.524	0.213	0.279	0.553	0.58	0.447	0.42	30
324	13267	37.87	-6.29	195.125	0.248	0.315	0.177	1.533	0.211	0.276	0.542	0.569	0.458	0.431	30
325	13268	37.87	-6.04	194.574	0.242	0.313	0.179	1.54	0.215	0.28	0.544	0.572	0.456	0.428	30
326	13269	37.87	-5.79	196.731	0.225	0.315	0.183	1.541	0.224	0.289	0.567	0.594	0.433	0.406	30
327	13270	37.87	-5.54	196.561	0.217	0.318	0.186	1.539	0.232	0.296	0.583	0.608	0.417	0.392	30
328	13271	37.87	-5.29	194.207	0.212	0.318	0.186	1.545	0.241	0.296	0.583	0.603	0.418	0.397	30
329	13272	37.87	-5.04	195.475	0.197	0.315	0.19	1.549	0.254	0.301	0.599	0.615	0.401	0.385	30
330	13273	37.87	-4.79	196.375	0.184	0.32	0.204	1.548	0.284	0.319	0.639	0.648	0.361	0.352	30
331	13274	37.87	-4.54	198.634	0.161	0.323	0.216	1.555	0.314	0.338	0.676	0.68	0.325	0.321	30
332	13275	37.87	-4.29	199.776	0.16	0.325	0.219	1.558	0.319	0.344	0.689	0.693	0.311	0.308	30
333	13276	37.87	-4.04	199.617	0.166	0.326	0.221	1.558	0.315	0.342	0.692	0.696	0.308	0.304	30
334	13277	37.87	-3.79	199.053	0.174	0.323	0.217	1.553	0.308	0.336	0.682	0.686	0.318	0.314	30
335	13278	37.87	-3.54	198.323	0.192	0.322	0.208	1.545	0.297	0.324	0.676	0.678	0.324	0.322	30
336	13279	37.87	-3.29	198.153	0.189	0.316	0.203	1.539	0.289	0.317	0.67	0.672	0.331	0.328	30
337	13280	37.87	-3.04	196.431	0.209	0.316	0.196	1.52	0.278	0.311	0.648	0.654	0.352	0.346	30
338	13281	37.87	-2.79	194.913	0.226	0.314	0.184	1.497	0.258	0.292	0.611	0.618	0.389	0.382	30
339	13282	37.87	-2.54	197.704	0.201	0.308	0.184	1.501	0.253	0.283	0.601	0.61	0.399	0.39	30
340	13283	37.87	-2.29	198.699	0.189	0.303	0.183	1.505	0.252	0.282	0.6	0.612	0.4	0.388	30
341	13284	37.87	-2.04	197.336	0.192	0.307	0.187	1.512	0.257	0.294	0.606	0.621	0.394	0.379	30
342	13285	37.87	-1.79	196.639	0.185	0.308	0.191	1.521	0.257	0.294	0.61	0.624	0.391	0.376	30
343	13286	37.87	-1.54	195.251	0.175	0.313	0.198	1.53	0.264	0.298	0.618	0.631	0.382	0.369	30
344	13287	37.87	-1.29	195.821	0.142	0.308	0.201	1.541	0.267	0.294	0.606	0.617	0.395	0.383	30
345	13288	37.87	-1.04	197.109	0.121	0.307	0.197	1.548	0.262	0.286	0.596	0.607	0.404	0.393	30
346	13289	37.87	-0.789999999999999	199.19	0.112	0.314	0.193	1.547	0.253	0.277	0.581	0.589	0.419	0.411	30
347	13290	37.87	12.96	198.927	0.142	0.341	0.213	1.518	0.324	0.351	0.68	0.686	0.32	0.314	30
348	13291	37.87	13.21	197.805	0.155	0.347	0.214	1.498	0.332	0.362	0.696	0.701	0.304	0.299	30
349	13292	37.87	13.46	197.127	0.172	0.348	0.213	1.5	0.329	0.365	0.697	0.705	0.303	0.295	30
350	13293	37.87	13.71	197.224	0.169	0.348	0.213	1.506	0.329	0.365	0.691	0.7	0.309	0.301	30
351	13294	37.87	14.96	193.176	0.21	0.339	0.194	1.463	0.265	0.312	0.63	0.642	0.37	0.358	30
352	13295	37.87	15.21	193.905	0.193	0.336	0.195	1.483	0.265	0.318	0.616	0.633	0.384	0.367	30
353	13296	37.87	21.21	199.753	0.087	0.318	0.181	1.534	0.247	0.293	0.594	0.615	0.406	0.385	30
354	13297	37.87	21.46	199.598	0.121	0.322	0.19	1.532	0.254	0.308	0.617	0.64	0.384	0.361	30
355	13298	37.87	21.71	195.62	0.181	0.333	0.198	1.496	0.274	0.325	0.644	0.661	0.356	0.339	30
356	13299	37.87	21.96	193.114	0.216	0.335	0.199	1.481	0.287	0.336	0.651	0.665	0.349	0.335	30
357	13300	37.87	22.21	192.169	0.219	0.325	0.184	1.478	0.267	0.305	0.635	0.643	0.365	0.357	30
358	13301	37.87	22.46	192.746	0.215	0.322	0.182	1.495	0.258	0.293	0.632	0.639	0.368	0.362	30
359	13302	37.87	22.71	197.629	0.188	0.319	0.192	1.534	0.255	0.297	0.638	0.653	0.362	0.347	30
360	13303	37.87	23.96	189.859	0.18	0.326	0.195	1.513	0.27	0.316	0.627	0.645	0.373	0.355	30
361	13304	37.87	27.46	196.582	0.145	0.317	0.191	1.534	0.276	0.311	0.645	0.654	0.355	0.346	30
362	13305	37.87	27.71	196.873	0.162	0.313	0.19	1.548	0.268	0.304	0.645	0.652	0.355	0.348	30
363	13306	37.87	27.96	196.995	0.176	0.31	0.184	1.544	0.251	0.287	0.617	0.624	0.383	0.376	30
364	13307	37.87	28.21	198.204	0.169	0.307	0.182	1.553	0.25	0.283	0.615	0.621	0.385	0.379	30
365	13308	37.87	28.46	197.007	0.182	0.306	0.18	1.55	0.244	0.278	0.607	0.614	0.393	0.386	30
366	13309	37.87	28.71	197.302	0.183	0.307	0.181	1.55	0.247	0.28	0.604	0.611	0.396	0.389	30
367	13310	37.87	28.96	197.376	0.153	0.305	0.186	1.546	0.266	0.29	0.636	0.64	0.364	0.361	30
368	13311	37.87	29.21	198.445	0.154	0.3	0.181	1.547	0.257	0.283	0.628	0.633	0.372	0.367	30
369	13312	37.87	29.46	199.2	0.144	0.296	0.177	1.543	0.253	0.28	0.626	0.632	0.374	0.368	30
370	13313	37.87	29.71	198.314	0.143	0.301	0.176	1.529	0.259	0.284	0.643	0.647	0.357	0.353	30
371	13314	37.87	29.96	197.607	0.147	0.302	0.176	1.524	0.26	0.283	0.642	0.646	0.358	0.354	30
372	13315	37.87	30.21	198.357	0.155	0.3	0.174	1.527	0.251	0.278	0.626	0.631	0.374	0.369	30
373	13316	37.87	30.46	195.967	0.161	0.298	0.173	1.52	0.244	0.265	0.621	0.623	0.379	0.377	30
374	13317	37.87	30.71	191.164	0.181	0.301	0.167	1.512	0.234	0.248	0.604	0.601	0.395	0.399	30
375	13318	37.87	30.96	191.677	0.197	0.305	0.164	1.501	0.229	0.24	0.598	0.59	0.402	0.41	30
376	13319	37.87	31.21	188.823	0.214	0.306	0.158	1.472	0.211	0.216	0.594	0.58	0.406	0.42	30
377	13320	37.87	31.46	196.473	0.149	0.312	0.166	1.499	0.246	0.256	0.633	0.624	0.367	0.376	30
378	13321	37.87	31.71	199.38	0.132	0.309	0.183	1.513	0.28	0.29	0.667	0.659	0.334	0.341	30
379	13322	37.87	31.96	198.003	0.172	0.308	0.183	1.501	0.277	0.283	0.657	0.648	0.343	0.353	30
380	13323	37.87	32.21	197.026	0.196	0.303	0.178	1.502	0.263	0.273	0.645	0.636	0.355	0.365	30
381	13324	37.87	32.46	198.758	0.121	0.289	0.175	1.524	0.26	0.274	0.647	0.643	0.353	0.357	30
382	13325	37.87	32.71	199.902	0.046	0.303	0.19	1.524	0.296	0.305	0.695	0.692	0.305	0.308	30
383	13326	37.87	32.96	199.099	0.082	0.302	0.19	1.524	0.293	0.31	0.695	0.696	0.305	0.304	30
384	13327	37.87	33.21	199.391	0.081	0.297	0.189	1.531	0.289	0.308	0.685	0.69	0.315	0.31	30
385	13328	37.87	33.46	199.921	0.074	0.301	0.195	1.536	0.312	0.326	0.706	0.709	0.294	0.291	30
386	13329	37.87	33.71	198.291	0.114	0.3	0.193	1.53	0.312	0.322	0.699	0.696	0.301	0.305	30
387	13330	37.87	33.96	198.714	0.121	0.29	0.187	1.525	0.293	0.307	0.68	0.677	0.32	0.323	30
388	13331	37.87	34.21	199.165	0.113	0.286	0.182	1.524	0.278	0.288	0.648	0.644	0.352	0.356	30
389	13332	37.87	34.46	195.492	0.124	0.294	0.183	1.51	0.277	0.284	0.65	0.644	0.351	0.356	30
390	13333	37.87	34.71	190.16	0.198	0.299	0.179	1.498	0.278	0.282	0.648	0.633	0.352	0.367	30
391	13334	37.62	-8.54	195.988	0.17	0.323	0.182	1.512	0.225	0.295	0.542	0.581	0.458	0.419	30
392	13335	37.62	-8.29	197.834	0.183	0.318	0.184	1.526	0.23	0.3	0.549	0.588	0.45	0.412	30
393	13336	37.62	-8.04	199.484	0.188	0.31	0.188	1.546	0.246	0.309	0.572	0.607	0.428	0.394	30
394	13337	37.62	-7.79	198.926	0.204	0.306	0.185	1.554	0.244	0.306	0.568	0.603	0.433	0.397	30
395	13338	37.62	-7.54	197.178	0.214	0.309	0.182	1.549	0.236	0.299	0.559	0.593	0.441	0.407	30
396	13339	37.62	-7.29	197.205	0.204	0.311	0.185	1.546	0.238	0.3	0.565	0.596	0.435	0.404	30
397	13340	37.62	-7.04	196.358	0.205	0.311	0.186	1.548	0.237	0.298	0.561	0.59	0.439	0.41	30
398	13341	37.62	-6.79	194.382	0.218	0.316	0.185	1.537	0.233	0.295	0.559	0.587	0.441	0.413	30
399	13342	37.62	-6.54	193.316	0.225	0.317	0.185	1.534	0.232	0.292	0.559	0.585	0.441	0.415	30
400	13343	37.62	-6.29	194.207	0.213	0.314	0.188	1.548	0.243	0.296	0.566	0.589	0.434	0.411	30
401	13344	37.62	-6.04	196.631	0.179	0.313	0.186	1.558	0.252	0.298	0.574	0.595	0.426	0.405	30
402	13345	37.62	-5.79	198.33	0.154	0.313	0.186	1.564	0.259	0.3	0.583	0.601	0.417	0.399	30
403	13346	37.62	-5.54	199.123	0.147	0.319	0.198	1.568	0.29	0.323	0.62	0.631	0.38	0.369	30
404	13347	37.62	-5.29	199.617	0.133	0.321	0.207	1.573	0.313	0.336	0.649	0.654	0.351	0.346	30
405	13348	37.62	-5.04	199.908	0.129	0.317	0.216	1.575	0.323	0.341	0.668	0.67	0.332	0.33	30
406	13349	37.62	-4.79	199.987	0.141	0.322	0.222	1.564	0.33	0.353	0.697	0.7	0.304	0.3	30
407	13350	37.62	-4.54	199.912	0.157	0.326	0.222	1.562	0.32	0.351	0.696	0.702	0.304	0.298	30
408	13351	37.62	-4.29	199.15	0.181	0.33	0.22	1.55	0.312	0.347	0.695	0.702	0.305	0.299	30
409	13352	37.62	-4.04	198.626	0.196	0.328	0.215	1.544	0.297	0.333	0.672	0.68	0.328	0.32	30
410	13353	37.62	-3.79	196.659	0.225	0.325	0.2	1.518	0.275	0.313	0.643	0.652	0.357	0.348	30
411	13354	37.62	-3.54	197.135	0.218	0.321	0.197	1.511	0.276	0.313	0.644	0.652	0.357	0.348	30
412	13355	37.62	-3.29	197.927	0.197	0.313	0.195	1.516	0.273	0.309	0.636	0.646	0.364	0.354	30
413	13356	37.62	-3.04	197.208	0.197	0.309	0.192	1.524	0.272	0.305	0.623	0.631	0.377	0.369	30
414	13357	37.62	-2.79	198.071	0.18	0.304	0.189	1.522	0.264	0.293	0.62	0.626	0.38	0.374	30
415	13358	37.62	-2.54	198.252	0.179	0.302	0.187	1.514	0.26	0.289	0.614	0.622	0.386	0.378	30
416	13359	37.62	-2.29	195.679	0.201	0.305	0.185	1.507	0.256	0.287	0.599	0.609	0.401	0.391	30
417	13360	37.62	-2.04	194.129	0.199	0.306	0.191	1.517	0.263	0.297	0.603	0.615	0.397	0.385	30
418	13361	37.62	-1.79	193.883	0.168	0.307	0.199	1.534	0.269	0.301	0.614	0.626	0.386	0.374	30
419	13362	37.62	-1.54	191.245	0.164	0.314	0.204	1.539	0.273	0.305	0.611	0.623	0.389	0.376	30
420	13363	37.62	13.21	197.96	0.16	0.348	0.213	1.51	0.33	0.36	0.695	0.701	0.305	0.299	30
421	13364	37.62	13.46	197.635	0.173	0.352	0.217	1.509	0.338	0.37	0.711	0.717	0.289	0.283	30
422	13365	37.62	13.71	199.008	0.168	0.351	0.22	1.515	0.356	0.382	0.731	0.733	0.269	0.267	30
423	13366	37.62	13.96	199.391	0.167	0.35	0.221	1.509	0.355	0.38	0.728	0.731	0.272	0.27	30
424	13367	37.62	14.21	199.586	0.172	0.347	0.217	1.505	0.341	0.372	0.713	0.718	0.288	0.282	30
425	13368	37.62	14.46	199.654	0.172	0.344	0.217	1.513	0.339	0.37	0.702	0.708	0.298	0.292	30
426	13369	37.62	14.71	199.37	0.169	0.34	0.215	1.52	0.33	0.361	0.686	0.693	0.314	0.307	30
427	13370	37.62	14.96	194.731	0.181	0.332	0.195	1.494	0.272	0.31	0.615	0.626	0.385	0.374	30
428	13371	37.62	21.71	198.497	0.159	0.328	0.195	1.507	0.265	0.321	0.628	0.65	0.372	0.351	30
429	13372	37.62	21.96	197.136	0.196	0.331	0.197	1.491	0.276	0.328	0.639	0.656	0.361	0.344	30
430	13373	37.62	22.21	196.658	0.205	0.323	0.185	1.485	0.263	0.306	0.632	0.641	0.368	0.359	30
431	13374	37.62	22.46	193.002	0.202	0.326	0.193	1.505	0.273	0.315	0.653	0.664	0.347	0.336	30
432	13375	37.62	22.71	194.77	0.187	0.326	0.197	1.528	0.267	0.315	0.647	0.664	0.353	0.336	30
433	13376	37.62	22.96	192.754	0.197	0.329	0.2	1.523	0.269	0.32	0.64	0.657	0.361	0.343	30
434	13377	37.62	23.21	184.861	0.211	0.332	0.198	1.511	0.271	0.324	0.63	0.649	0.371	0.351	30
435	13378	37.62	27.46	193.222	0.152	0.324	0.191	1.524	0.289	0.319	0.652	0.658	0.348	0.342	30
436	13379	37.62	27.71	191.093	0.209	0.316	0.187	1.537	0.255	0.298	0.61	0.62	0.39	0.38	30
437	13380	37.62	27.96	196.366	0.189	0.311	0.187	1.559	0.252	0.293	0.613	0.621	0.387	0.379	30
438	13381	37.62	28.21	197.881	0.199	0.31	0.18	1.544	0.241	0.28	0.597	0.604	0.403	0.396	30
439	13382	37.62	28.46	196.966	0.205	0.311	0.181	1.544	0.246	0.286	0.603	0.613	0.397	0.387	30
440	13383	37.62	28.71	198.045	0.18	0.31	0.185	1.548	0.25	0.289	0.607	0.617	0.393	0.383	30
441	13384	37.62	28.96	196.764	0.158	0.308	0.183	1.536	0.253	0.279	0.617	0.621	0.383	0.379	30
442	13385	37.62	29.21	195.747	0.172	0.303	0.177	1.528	0.25	0.272	0.624	0.625	0.376	0.375	30
443	13386	37.62	29.46	198.29	0.163	0.297	0.169	1.53	0.241	0.262	0.611	0.613	0.389	0.387	30
444	13387	37.62	29.71	198.076	0.158	0.299	0.173	1.527	0.256	0.273	0.631	0.631	0.369	0.369	30
445	13388	37.62	29.96	197.677	0.149	0.299	0.175	1.526	0.259	0.277	0.635	0.636	0.365	0.364	30
446	13389	37.62	30.21	198.309	0.154	0.297	0.17	1.526	0.248	0.268	0.62	0.622	0.38	0.379	30
447	13390	37.62	30.46	196.119	0.17	0.301	0.17	1.525	0.244	0.264	0.616	0.618	0.384	0.383	30
448	13391	37.62	30.71	193.887	0.197	0.309	0.172	1.528	0.236	0.265	0.598	0.603	0.402	0.397	30
449	13392	37.62	30.96	194.023	0.21	0.306	0.166	1.522	0.228	0.249	0.591	0.589	0.409	0.41	30
450	13393	37.62	31.21	188.443	0.225	0.304	0.161	1.488	0.22	0.236	0.589	0.584	0.411	0.416	30
451	13394	37.62	31.46	194.264	0.164	0.307	0.161	1.497	0.233	0.244	0.606	0.599	0.394	0.401	30
452	13395	37.62	31.71	197.668	0.132	0.308	0.178	1.511	0.269	0.28	0.65	0.642	0.35	0.358	30
453	13396	37.62	31.96	197.342	0.167	0.308	0.182	1.497	0.275	0.282	0.651	0.643	0.349	0.357	30
454	13397	37.62	32.21	197.177	0.182	0.303	0.18	1.502	0.269	0.28	0.639	0.631	0.362	0.369	30
455	13398	37.62	32.46	199.181	0.108	0.297	0.189	1.526	0.289	0.305	0.666	0.669	0.334	0.331	30
456	13399	37.62	32.71	199.92	0.043	0.303	0.191	1.528	0.301	0.311	0.686	0.687	0.314	0.313	30
457	13400	37.62	32.96	199.778	0.04	0.306	0.194	1.526	0.314	0.323	0.707	0.708	0.293	0.292	30
458	13401	37.62	33.21	199.444	0.063	0.301	0.191	1.532	0.297	0.312	0.698	0.701	0.302	0.299	30
459	13402	37.62	33.46	199.738	0.067	0.299	0.192	1.542	0.299	0.314	0.683	0.687	0.317	0.313	30
460	13403	37.62	33.71	197.934	0.107	0.296	0.189	1.529	0.299	0.311	0.666	0.666	0.334	0.334	30
461	13404	37.62	33.96	198.45	0.09	0.295	0.186	1.523	0.291	0.304	0.662	0.663	0.338	0.337	30
462	13405	37.62	34.21	198.055	0.107	0.296	0.185	1.519	0.29	0.301	0.666	0.665	0.334	0.335	30
463	13406	37.62	34.46	194.645	0.164	0.296	0.183	1.507	0.285	0.292	0.656	0.65	0.344	0.35	30
464	13407	37.62	34.71	184.443	0.221	0.298	0.173	1.491	0.269	0.277	0.622	0.612	0.378	0.388	30
465	13408	37.37	-8.54	192.804	0.186	0.33	0.188	1.492	0.241	0.306	0.561	0.598	0.44	0.402	30
466	13409	37.37	-8.29	195.029	0.198	0.328	0.186	1.516	0.235	0.306	0.553	0.592	0.447	0.408	30
467	13410	37.37	-8.04	195.212	0.21	0.32	0.185	1.525	0.229	0.297	0.55	0.587	0.45	0.413	30
468	13411	37.37	-7.79	194.656	0.223	0.314	0.183	1.539	0.229	0.296	0.548	0.587	0.452	0.413	30
469	13412	37.37	-7.54	195.404	0.217	0.314	0.182	1.55	0.235	0.297	0.548	0.583	0.452	0.417	30
470	13413	37.37	-7.29	198.006	0.169	0.315	0.181	1.554	0.235	0.293	0.543	0.573	0.457	0.427	30
471	13414	37.37	-7.04	198.766	0.142	0.316	0.183	1.555	0.243	0.294	0.544	0.57	0.456	0.43	30
472	13415	37.37	-6.79	198.62	0.145	0.317	0.19	1.557	0.26	0.307	0.564	0.587	0.436	0.413	30
473	13416	37.37	-6.54	198.494	0.144	0.309	0.187	1.561	0.252	0.3	0.558	0.58	0.443	0.42	30
474	13417	37.37	-6.29	199.185	0.121	0.318	0.192	1.565	0.276	0.311	0.591	0.606	0.409	0.394	30
475	13418	37.37	-6.04	199.806	0.1	0.32	0.191	1.562	0.289	0.31	0.612	0.62	0.388	0.38	30
476	13419	37.37	-5.79	199.968	0.109	0.317	0.197	1.571	0.306	0.327	0.619	0.627	0.381	0.373	30
477	13420	37.37	-5.54	199.995	0.121	0.326	0.217	1.572	0.345	0.36	0.671	0.671	0.329	0.329	30
478	13421	37.37	-5.29	199.973	0.123	0.322	0.22	1.569	0.334	0.353	0.678	0.678	0.322	0.322	30
479	13422	37.37	-5.04	199.935	0.128	0.32	0.223	1.567	0.331	0.351	0.695	0.695	0.305	0.305	30
480	13423	37.37	-4.79	199.782	0.146	0.323	0.222	1.567	0.321	0.352	0.691	0.699	0.309	0.301	30
481	13424	37.37	-4.54	199.724	0.167	0.326	0.22	1.557	0.313	0.35	0.692	0.701	0.308	0.299	30
482	13425	37.37	-4.29	197.901	0.213	0.331	0.211	1.539	0.296	0.336	0.672	0.681	0.328	0.319	30
483	13426	37.37	-4.04	198.84	0.207	0.328	0.21	1.534	0.292	0.331	0.667	0.677	0.333	0.324	30
484	13427	37.37	-3.79	198.519	0.195	0.322	0.202	1.524	0.282	0.32	0.653	0.662	0.348	0.338	30
485	13428	37.37	-3.54	197.418	0.208	0.318	0.192	1.512	0.268	0.305	0.633	0.641	0.367	0.359	30
486	13429	37.37	-3.29	197.344	0.204	0.309	0.186	1.507	0.256	0.29	0.61	0.618	0.39	0.382	30
487	13430	37.37	-3.04	198.211	0.197	0.303	0.186	1.51	0.261	0.288	0.601	0.605	0.399	0.395	30
488	13431	37.37	-2.79	195.859	0.221	0.308	0.181	1.505	0.247	0.273	0.591	0.591	0.409	0.409	30
489	13432	37.37	-2.54	194.243	0.214	0.309	0.184	1.509	0.247	0.276	0.591	0.594	0.41	0.406	30
490	13433	37.37	-2.29	190.739	0.21	0.308	0.189	1.522	0.251	0.283	0.587	0.595	0.413	0.405	30
491	13434	37.37	-2.04	191.162	0.184	0.305	0.198	1.54	0.265	0.296	0.591	0.6	0.41	0.4	30
492	13435	37.37	-1.79	190.974	0.16	0.311	0.205	1.545	0.274	0.303	0.6	0.612	0.4	0.388	30
493	13436	37.37	13.46	199.043	0.153	0.354	0.22	1.533	0.353	0.373	0.717	0.72	0.283	0.281	30
494	13437	37.37	13.71	199.761	0.147	0.35	0.221	1.534	0.356	0.375	0.722	0.724	0.278	0.276	30
495	13438	37.37	13.96	199.87	0.142	0.344	0.221	1.538	0.357	0.377	0.722	0.723	0.278	0.277	30
496	13439	37.37	14.21	199.775	0.15	0.339	0.215	1.529	0.341	0.368	0.703	0.708	0.297	0.292	30
497	13440	37.37	14.46	199.754	0.158	0.341	0.216	1.529	0.334	0.365	0.692	0.698	0.308	0.302	30
498	13441	37.37	14.71	199.547	0.143	0.34	0.214	1.533	0.326	0.357	0.681	0.687	0.319	0.313	30
499	13442	37.37	14.96	199.088	0.129	0.341	0.199	1.53	0.295	0.326	0.635	0.643	0.365	0.357	30
500	13443	37.37	21.96	196.403	0.181	0.334	0.201	1.494	0.284	0.341	0.646	0.666	0.354	0.334	30
501	13444	37.37	22.21	197.079	0.182	0.326	0.192	1.497	0.267	0.315	0.629	0.644	0.371	0.356	30
502	13445	37.37	22.46	195.177	0.189	0.323	0.19	1.502	0.259	0.306	0.625	0.639	0.375	0.361	30
503	13446	37.37	22.71	189.125	0.204	0.327	0.191	1.505	0.259	0.309	0.623	0.638	0.378	0.362	30
504	13447	37.37	23.21	189.581	0.197	0.327	0.199	1.523	0.273	0.324	0.628	0.649	0.372	0.351	30
505	13448	37.37	27.46	189.416	0.189	0.324	0.187	1.521	0.257	0.298	0.595	0.609	0.406	0.391	30
506	13449	37.37	27.71	190.027	0.209	0.322	0.189	1.539	0.249	0.293	0.602	0.616	0.398	0.383	30
507	13450	37.37	27.96	193.827	0.214	0.319	0.188	1.535	0.253	0.298	0.607	0.62	0.393	0.38	30
508	13451	37.37	28.21	197.316	0.201	0.316	0.184	1.535	0.248	0.291	0.603	0.616	0.397	0.384	30
509	13452	37.37	28.46	197.514	0.212	0.317	0.178	1.514	0.243	0.287	0.597	0.611	0.403	0.389	30
510	13453	37.37	28.71	197.891	0.205	0.316	0.182	1.534	0.245	0.287	0.6	0.613	0.4	0.387	30
511	13454	37.37	28.96	198.663	0.177	0.309	0.178	1.531	0.24	0.266	0.601	0.605	0.399	0.395	30
512	13455	37.37	29.21	196.864	0.186	0.303	0.17	1.518	0.232	0.252	0.596	0.596	0.403	0.404	30
513	13456	37.37	29.46	197.559	0.145	0.299	0.174	1.537	0.243	0.261	0.611	0.61	0.389	0.39	30
514	13457	37.37	29.71	197.922	0.161	0.297	0.172	1.52	0.251	0.264	0.615	0.612	0.385	0.388	30
515	13458	37.37	29.96	197.439	0.152	0.298	0.177	1.516	0.259	0.274	0.627	0.627	0.373	0.373	30
516	13459	37.37	30.21	197.27	0.171	0.303	0.173	1.519	0.244	0.266	0.608	0.611	0.391	0.389	30
517	13460	37.37	30.46	196.049	0.162	0.309	0.18	1.533	0.255	0.282	0.622	0.629	0.378	0.372	30
518	13461	37.37	30.71	196.184	0.201	0.317	0.18	1.536	0.242	0.284	0.603	0.616	0.397	0.384	30
519	13462	37.37	30.96	192.761	0.227	0.319	0.174	1.516	0.234	0.27	0.595	0.603	0.405	0.397	30
520	13463	37.37	31.21	189.95	0.232	0.317	0.171	1.499	0.235	0.266	0.601	0.605	0.399	0.395	30
521	13464	37.37	31.46	188.964	0.213	0.311	0.16	1.483	0.224	0.238	0.6	0.594	0.4	0.406	30
522	13465	37.37	31.71	192.31	0.19	0.308	0.162	1.484	0.231	0.245	0.607	0.6	0.393	0.4	30
523	13466	37.37	31.96	195.323	0.158	0.312	0.174	1.495	0.261	0.266	0.644	0.633	0.356	0.368	30
524	13467	37.37	32.21	196.052	0.181	0.308	0.184	1.518	0.279	0.292	0.645	0.636	0.355	0.364	30
525	13468	37.37	32.46	197.516	0.143	0.3	0.188	1.531	0.288	0.304	0.656	0.653	0.344	0.347	30
526	13469	37.37	32.71	198.955	0.097	0.299	0.191	1.532	0.298	0.312	0.672	0.673	0.328	0.327	30
527	13470	37.37	32.96	198.046	0.087	0.3	0.191	1.531	0.307	0.32	0.685	0.687	0.315	0.313	30
528	13471	37.37	33.21	197.708	0.094	0.298	0.189	1.529	0.301	0.315	0.688	0.689	0.312	0.311	30
529	13472	37.37	33.46	199.586	0.093	0.295	0.189	1.538	0.297	0.314	0.687	0.691	0.313	0.31	30
530	13473	37.37	33.71	198.231	0.154	0.29	0.183	1.527	0.285	0.302	0.663	0.664	0.337	0.336	30
531	13474	37.37	33.96	191.004	0.211	0.294	0.175	1.504	0.266	0.279	0.635	0.629	0.365	0.371	30
532	13475	37.37	34.21	177.088	0.251	0.3	0.164	1.464	0.226	0.229	0.582	0.571	0.418	0.429	30
533	13476	37.37	34.46	170.106	0.276	0.304	0.157	1.446	0.204	0.206	0.558	0.543	0.442	0.457	30
534	13477	37.37	34.71	174.028	0.265	0.307	0.162	1.463	0.217	0.227	0.572	0.564	0.428	0.436	30
535	13478	37.12	-8.04	196.761	0.169	0.326	0.189	1.521	0.253	0.306	0.566	0.594	0.434	0.406	30
536	13479	37.12	-7.79	196.272	0.173	0.325	0.188	1.525	0.254	0.305	0.563	0.59	0.437	0.41	30
537	13480	37.12	-6.54	199.883	0.097	0.31	0.175	1.566	0.232	0.272	0.506	0.525	0.494	0.475	30
538	13481	37.12	-6.29	199.983	0.073	0.339	0.196	1.556	0.318	0.335	0.635	0.639	0.365	0.361	30
539	13482	37.12	-6.04	199.994	0.062	0.344	0.211	1.546	0.364	0.363	0.706	0.699	0.294	0.301	30
540	13483	37.12	-5.79	199.991	0.1	0.327	0.215	1.558	0.343	0.359	0.681	0.682	0.319	0.318	30
541	13484	37.12	-5.54	199.479	0.134	0.324	0.217	1.562	0.328	0.354	0.671	0.677	0.329	0.323	30
542	13485	37.12	-5.29	199.102	0.164	0.321	0.211	1.559	0.298	0.333	0.65	0.66	0.351	0.34	30
543	13486	37.12	-5.04	199.381	0.161	0.323	0.215	1.555	0.306	0.34	0.67	0.678	0.33	0.322	30
544	13487	37.12	-4.79	198.506	0.157	0.317	0.212	1.56	0.297	0.331	0.655	0.664	0.345	0.337	30
545	13488	37.12	-4.54	198.432	0.169	0.319	0.21	1.552	0.295	0.328	0.66	0.668	0.34	0.332	30
546	13489	37.12	-4.29	196.911	0.206	0.326	0.204	1.535	0.285	0.323	0.65	0.659	0.35	0.341	30
547	13490	37.12	-4.04	197.095	0.195	0.323	0.2	1.531	0.281	0.318	0.655	0.663	0.345	0.337	30
548	13491	37.12	-3.79	197.58	0.174	0.313	0.195	1.532	0.274	0.31	0.65	0.657	0.351	0.343	30
549	13492	37.12	-3.54	192.821	0.229	0.312	0.176	1.504	0.243	0.271	0.602	0.602	0.399	0.398	30
550	13493	37.12	-3.29	186.465	0.27	0.311	0.163	1.463	0.215	0.233	0.569	0.56	0.431	0.44	30
551	13494	37.12	-3.04	191.365	0.245	0.307	0.171	1.484	0.234	0.255	0.578	0.573	0.423	0.427	30
552	13495	37.12	-2.79	187.981	0.25	0.311	0.177	1.5	0.24	0.263	0.574	0.57	0.427	0.43	30
553	13496	37.12	-2.54	184.158	0.242	0.312	0.188	1.519	0.25	0.276	0.576	0.577	0.424	0.423	30
554	13497	37.12	-2.29	186.36	0.217	0.309	0.192	1.532	0.254	0.286	0.579	0.587	0.421	0.413	30
555	13498	37.12	-2.04	184.465	0.193	0.313	0.198	1.547	0.264	0.297	0.581	0.592	0.42	0.408	30
556	13499	37.12	14.46	199.695	0.133	0.336	0.206	1.549	0.304	0.338	0.652	0.662	0.348	0.338	30
557	13500	37.12	14.71	199.004	0.15	0.341	0.207	1.519	0.299	0.341	0.662	0.673	0.338	0.327	30
558	13501	37.12	14.96	198.672	0.163	0.345	0.205	1.515	0.292	0.338	0.662	0.673	0.338	0.327	30
559	13502	37.12	15.21	199.052	0.145	0.345	0.198	1.529	0.29	0.331	0.638	0.652	0.362	0.348	30
560	13503	37.12	21.96	197.015	0.159	0.33	0.194	1.51	0.267	0.326	0.62	0.645	0.38	0.355	30
561	13504	37.12	22.21	192.869	0.187	0.33	0.192	1.482	0.264	0.312	0.62	0.635	0.38	0.365	30
562	13505	37.12	22.46	194.72	0.189	0.324	0.189	1.496	0.25	0.299	0.609	0.625	0.391	0.375	30
563	13506	37.12	22.71	190.417	0.201	0.323	0.187	1.496	0.248	0.296	0.604	0.62	0.396	0.38	30
564	13507	37.12	25.46	185.776	0.177	0.328	0.192	1.498	0.274	0.317	0.6	0.624	0.4	0.376	30
565	13508	37.12	27.46	183.381	0.189	0.333	0.189	1.48	0.263	0.305	0.571	0.591	0.429	0.409	30
566	13509	37.12	27.71	191.101	0.19	0.328	0.193	1.502	0.262	0.309	0.602	0.621	0.398	0.379	30
567	13510	37.12	27.96	191.455	0.219	0.325	0.19	1.508	0.259	0.305	0.615	0.632	0.385	0.368	30
568	13511	37.12	28.21	192.568	0.202	0.323	0.187	1.515	0.253	0.297	0.607	0.623	0.393	0.377	30
569	13512	37.12	28.46	193.517	0.206	0.322	0.183	1.516	0.25	0.293	0.602	0.617	0.398	0.383	30
570	13513	37.12	28.71	194.111	0.233	0.322	0.177	1.509	0.242	0.283	0.591	0.603	0.409	0.397	30
571	13514	37.12	28.96	194.619	0.231	0.315	0.171	1.505	0.234	0.266	0.582	0.589	0.418	0.411	30
572	13515	37.12	29.21	196.512	0.209	0.307	0.167	1.515	0.227	0.252	0.585	0.588	0.415	0.412	30
573	13516	37.12	29.46	197.772	0.168	0.301	0.169	1.517	0.237	0.254	0.6	0.6	0.399	0.4	30
574	13517	37.12	29.71	196.35	0.161	0.3	0.174	1.514	0.254	0.267	0.615	0.611	0.385	0.389	30
575	13518	37.12	29.96	194.603	0.188	0.301	0.175	1.5	0.263	0.271	0.628	0.622	0.372	0.378	30
576	13519	37.12	30.21	195.62	0.179	0.304	0.181	1.519	0.258	0.281	0.619	0.624	0.381	0.376	30
577	13520	37.12	30.46	192.603	0.173	0.314	0.186	1.535	0.26	0.292	0.616	0.627	0.383	0.373	30
578	13521	37.12	30.71	196.932	0.16	0.324	0.198	1.553	0.272	0.312	0.632	0.645	0.368	0.355	30
579	13522	37.12	30.96	197.051	0.177	0.324	0.191	1.544	0.258	0.297	0.634	0.645	0.366	0.355	30
580	13523	37.12	31.21	194.896	0.214	0.327	0.188	1.522	0.254	0.3	0.622	0.637	0.378	0.363	30
581	13524	37.12	31.46	189.35	0.228	0.323	0.171	1.486	0.239	0.27	0.604	0.609	0.396	0.391	30
582	13525	37.12	31.71	190.043	0.212	0.316	0.164	1.492	0.231	0.256	0.593	0.594	0.407	0.405	30
583	13526	37.12	31.96	182.997	0.241	0.314	0.154	1.455	0.212	0.219	0.581	0.571	0.419	0.429	30
584	13527	37.12	32.21	189.975	0.228	0.312	0.173	1.478	0.252	0.261	0.613	0.602	0.388	0.398	30
585	13528	37.12	32.46	193.578	0.205	0.305	0.179	1.515	0.27	0.285	0.632	0.622	0.368	0.378	30
586	13529	37.12	32.71	193.406	0.183	0.301	0.18	1.522	0.275	0.29	0.633	0.625	0.367	0.375	30
587	13530	37.12	32.96	192.456	0.166	0.302	0.184	1.526	0.282	0.299	0.651	0.647	0.349	0.353	30
588	13531	37.12	33.21	198.383	0.133	0.297	0.186	1.528	0.291	0.305	0.675	0.671	0.326	0.329	30
589	13532	37.12	33.46	198.535	0.165	0.29	0.181	1.522	0.282	0.294	0.662	0.656	0.338	0.344	30
590	13533	37.12	33.71	196.609	0.213	0.29	0.174	1.507	0.27	0.276	0.631	0.62	0.37	0.38	30
591	13534	37.12	33.96	188.132	0.243	0.295	0.163	1.477	0.229	0.231	0.567	0.554	0.433	0.446	30
592	13535	37.12	34.21	172.873	0.262	0.301	0.155	1.446	0.193	0.194	0.522	0.51	0.478	0.49	30
593	13536	37.12	34.46	178.996	0.253	0.307	0.163	1.471	0.212	0.228	0.561	0.556	0.439	0.444	30
594	13537	37.12	34.71	192.333	0.208	0.313	0.185	1.522	0.252	0.278	0.607	0.612	0.393	0.388	30
595	13538	36.87	-6.29	199.99	0.073	0.343	0.205	1.549	0.329	0.343	0.65	0.651	0.35	0.349	30
596	13539	36.87	-6.04	199.981	0.09	0.34	0.223	1.554	0.363	0.374	0.708	0.707	0.292	0.293	30
597	13540	36.87	-5.79	199.856	0.119	0.331	0.223	1.554	0.344	0.367	0.698	0.703	0.302	0.297	30
598	13541	36.87	-5.54	197.67	0.164	0.329	0.21	1.541	0.303	0.34	0.657	0.669	0.343	0.331	30
599	13542	36.87	-5.29	196.504	0.197	0.327	0.201	1.533	0.282	0.326	0.64	0.655	0.361	0.345	30
600	13543	36.87	-5.04	195.58	0.203	0.327	0.204	1.529	0.287	0.331	0.64	0.654	0.36	0.346	30
601	13544	36.87	-4.79	193.478	0.196	0.324	0.206	1.544	0.287	0.324	0.628	0.64	0.372	0.36	30
602	13545	36.87	-4.54	192.59	0.191	0.324	0.204	1.546	0.283	0.318	0.626	0.637	0.374	0.363	30
603	13546	36.87	-4.29	189.029	0.213	0.325	0.2	1.536	0.275	0.314	0.617	0.63	0.383	0.37	30
604	13547	36.87	-4.04	189.062	0.213	0.322	0.193	1.525	0.266	0.303	0.611	0.622	0.39	0.378	30
605	13548	36.87	-3.79	185.216	0.228	0.32	0.185	1.515	0.25	0.289	0.595	0.606	0.405	0.394	30
606	13549	36.87	-3.54	183.337	0.238	0.318	0.182	1.512	0.245	0.276	0.584	0.59	0.416	0.41	30
607	13550	36.87	-3.29	179.185	0.252	0.317	0.178	1.497	0.244	0.267	0.583	0.582	0.418	0.418	30
608	13551	36.87	-3.04	180.427	0.238	0.317	0.185	1.515	0.255	0.279	0.584	0.585	0.416	0.415	30
609	13552	36.87	-2.79	180.682	0.24	0.318	0.186	1.51	0.249	0.272	0.577	0.577	0.423	0.423	30
610	13553	36.87	-2.54	180.647	0.224	0.316	0.194	1.534	0.256	0.284	0.575	0.579	0.425	0.421	30
611	13554	36.87	-2.29	184.769	0.193	0.311	0.194	1.547	0.256	0.285	0.569	0.577	0.431	0.423	30
612	13555	36.87	14.46	199.909	0.131	0.348	0.2	1.548	0.299	0.332	0.642	0.654	0.358	0.346	30
613	13556	36.87	14.71	199.692	0.149	0.345	0.207	1.532	0.309	0.347	0.675	0.685	0.325	0.315	30
614	13557	36.87	14.96	199.783	0.138	0.34	0.209	1.535	0.306	0.345	0.676	0.684	0.324	0.316	30
615	13558	36.87	22.46	192.292	0.188	0.331	0.192	1.495	0.256	0.31	0.61	0.63	0.39	0.37	30
616	13559	36.87	22.71	195.968	0.18	0.323	0.192	1.524	0.251	0.305	0.6	0.623	0.4	0.377	30
617	13560	36.87	22.96	188.637	0.193	0.327	0.193	1.51	0.255	0.309	0.602	0.625	0.398	0.375	30
618	13561	36.87	25.46	181.413	0.191	0.33	0.192	1.492	0.28	0.321	0.608	0.628	0.392	0.372	30
619	13562	36.87	28.21	178.109	0.23	0.335	0.187	1.464	0.255	0.301	0.582	0.602	0.418	0.398	30
620	13563	36.87	28.46	181.562	0.233	0.331	0.184	1.503	0.253	0.297	0.599	0.613	0.401	0.387	30
621	13564	36.87	28.71	186.834	0.202	0.329	0.18	1.513	0.248	0.284	0.604	0.615	0.396	0.385	30
622	13565	36.87	28.96	188.189	0.241	0.323	0.179	1.516	0.244	0.284	0.599	0.611	0.401	0.389	30
623	13566	36.87	29.21	190.635	0.235	0.316	0.17	1.502	0.233	0.264	0.589	0.596	0.411	0.404	30
624	13567	36.87	29.46	192.35	0.212	0.308	0.166	1.496	0.23	0.248	0.588	0.589	0.412	0.411	30
625	13568	36.87	29.71	190.69	0.196	0.304	0.17	1.494	0.246	0.254	0.602	0.597	0.398	0.403	30
626	13569	36.87	29.96	191.25	0.201	0.3	0.172	1.494	0.255	0.263	0.611	0.606	0.389	0.395	30
627	13570	36.87	30.21	185.043	0.217	0.304	0.171	1.483	0.246	0.262	0.596	0.596	0.404	0.404	30
628	13571	36.87	30.46	186.025	0.219	0.318	0.179	1.505	0.245	0.278	0.594	0.604	0.406	0.396	30
629	13572	36.87	30.96	199.641	0.083	0.321	0.197	1.559	0.276	0.297	0.669	0.668	0.332	0.332	30
630	13573	36.87	31.21	198.797	0.141	0.322	0.19	1.549	0.26	0.292	0.646	0.654	0.354	0.347	30
631	13574	36.87	31.46	195.496	0.187	0.324	0.185	1.522	0.25	0.29	0.613	0.625	0.387	0.375	30
632	13575	36.87	31.71	191.385	0.21	0.323	0.181	1.515	0.248	0.288	0.604	0.616	0.396	0.384	30
633	13576	36.87	31.96	177.626	0.252	0.321	0.163	1.455	0.219	0.243	0.578	0.579	0.422	0.421	30
634	13577	36.87	32.21	173.507	0.269	0.318	0.157	1.426	0.216	0.225	0.572	0.565	0.428	0.436	30
635	13578	36.87	32.46	184.783	0.249	0.316	0.17	1.462	0.247	0.255	0.603	0.594	0.397	0.406	30
636	13579	36.87	32.71	189.285	0.226	0.312	0.177	1.494	0.261	0.27	0.616	0.607	0.384	0.394	30
637	13580	36.87	32.96	188.003	0.213	0.309	0.178	1.512	0.26	0.277	0.618	0.612	0.382	0.388	30
638	13581	36.87	33.21	193.131	0.2	0.304	0.181	1.534	0.266	0.285	0.632	0.627	0.368	0.373	30
639	13582	36.87	33.46	192.836	0.216	0.3	0.175	1.517	0.265	0.274	0.63	0.62	0.37	0.381	30
640	13583	36.87	33.71	193.345	0.221	0.296	0.168	1.498	0.247	0.25	0.591	0.577	0.409	0.423	30
641	13584	36.87	33.96	194.128	0.205	0.294	0.163	1.487	0.227	0.231	0.557	0.546	0.443	0.454	30
642	13585	36.87	34.21	188.857	0.215	0.304	0.169	1.493	0.227	0.243	0.568	0.567	0.432	0.433	30
643	13586	36.87	34.46	192.218	0.199	0.31	0.183	1.532	0.241	0.27	0.594	0.602	0.406	0.398	30
644	13587	36.87	34.71	198.12	0.143	0.315	0.197	1.555	0.273	0.297	0.634	0.642	0.366	0.358	30
645	13588	36.62	-6.04	199.921	0.107	0.329	0.208	1.551	0.319	0.348	0.649	0.662	0.351	0.338	30
646	13589	36.62	-5.79	199.112	0.136	0.33	0.208	1.546	0.305	0.345	0.642	0.66	0.358	0.34	30
647	13590	36.62	-5.54	195.941	0.18	0.335	0.197	1.512	0.268	0.324	0.606	0.632	0.393	0.368	30
648	13591	36.62	-5.29	192.661	0.202	0.332	0.192	1.502	0.26	0.315	0.601	0.624	0.399	0.376	30
649	13592	36.62	-5.04	187.307	0.221	0.328	0.189	1.501	0.249	0.299	0.574	0.595	0.426	0.405	30
650	13593	36.62	-4.79	189.549	0.195	0.325	0.195	1.531	0.257	0.297	0.579	0.596	0.421	0.404	30
651	13594	36.62	22.96	189.26	0.182	0.331	0.195	1.523	0.254	0.314	0.591	0.622	0.409	0.378	30
652	13595	36.62	29.21	185.9	0.229	0.325	0.185	1.528	0.251	0.29	0.608	0.62	0.392	0.38	30
653	13596	36.62	29.46	184.687	0.226	0.32	0.176	1.495	0.24	0.269	0.603	0.609	0.397	0.391	30
654	13597	36.62	29.71	181.281	0.214	0.313	0.167	1.467	0.234	0.247	0.596	0.592	0.405	0.408	30
655	13598	36.62	29.96	184.766	0.207	0.308	0.168	1.474	0.233	0.247	0.588	0.586	0.412	0.414	30
656	13599	36.62	30.21	174.416	0.246	0.314	0.164	1.446	0.225	0.245	0.568	0.569	0.432	0.431	30
657	13600	36.62	30.46	182.579	0.242	0.324	0.178	1.481	0.243	0.282	0.589	0.601	0.411	0.399	30
658	13601	36.62	32.21	182.71	0.239	0.32	0.167	1.465	0.235	0.263	0.589	0.593	0.411	0.407	30
659	13602	36.62	32.46	179.968	0.243	0.321	0.164	1.452	0.237	0.249	0.597	0.593	0.403	0.408	30
660	13603	36.62	32.71	186.266	0.214	0.316	0.173	1.485	0.252	0.261	0.612	0.606	0.389	0.395	30
661	13604	36.62	32.96	188.576	0.201	0.313	0.177	1.511	0.261	0.274	0.621	0.615	0.379	0.385	30
662	13605	36.62	33.21	190.176	0.193	0.31	0.183	1.544	0.265	0.287	0.629	0.628	0.372	0.372	30
663	13606	36.62	33.46	194.57	0.192	0.307	0.187	1.549	0.267	0.286	0.636	0.634	0.364	0.366	30
664	13607	36.62	33.71	194.035	0.201	0.303	0.178	1.532	0.249	0.268	0.603	0.599	0.397	0.401	30
665	13608	36.62	33.96	197.719	0.177	0.297	0.174	1.532	0.231	0.252	0.567	0.567	0.433	0.433	30
666	13609	36.62	34.21	194.693	0.182	0.306	0.18	1.542	0.233	0.265	0.573	0.582	0.427	0.418	30
667	13610	36.37	-6.04	199.373	0.113	0.328	0.2	1.544	0.296	0.336	0.613	0.633	0.387	0.367	30
668	13611	36.37	-5.79	197.558	0.136	0.338	0.203	1.532	0.292	0.339	0.618	0.641	0.381	0.36	30
669	13612	36.37	-5.54	194.224	0.163	0.344	0.196	1.504	0.266	0.326	0.588	0.618	0.412	0.382	30
670	13613	36.37	-5.29	195.034	0.159	0.34	0.193	1.518	0.262	0.315	0.58	0.606	0.42	0.394	30
671	13614	36.37	28.21	194.205	0.177	0.328	0.193	1.51	0.249	0.296	0.578	0.602	0.422	0.398	30
672	13615	36.37	29.46	187.301	0.214	0.326	0.183	1.5	0.25	0.286	0.606	0.615	0.394	0.385	30
673	13616	36.37	29.71	187.151	0.226	0.326	0.179	1.489	0.243	0.278	0.598	0.606	0.402	0.394	30
674	13617	36.37	29.96	185.141	0.228	0.323	0.175	1.485	0.235	0.268	0.585	0.593	0.415	0.407	30
675	13618	36.37	30.21	182.492	0.219	0.328	0.18	1.49	0.245	0.28	0.592	0.603	0.408	0.397	30
676	13619	36.37	32.46	181.352	0.239	0.325	0.175	1.471	0.243	0.274	0.597	0.602	0.404	0.398	30
677	13620	36.37	32.71	178.615	0.231	0.319	0.164	1.457	0.225	0.241	0.577	0.575	0.423	0.425	30
678	13621	36.37	32.96	187.479	0.198	0.316	0.177	1.504	0.256	0.278	0.615	0.614	0.385	0.386	30
679	13622	36.37	33.21	189.161	0.19	0.312	0.185	1.533	0.261	0.29	0.618	0.622	0.382	0.378	30
680	13623	36.37	33.46	191.408	0.188	0.313	0.19	1.553	0.265	0.298	0.624	0.63	0.377	0.37	30
681	13624	36.37	33.71	187.062	0.199	0.317	0.19	1.549	0.258	0.294	0.61	0.619	0.39	0.381	30
682	13625	36.37	33.96	194.813	0.157	0.317	0.187	1.55	0.248	0.274	0.588	0.594	0.412	0.406	30
