# Command file for Castanea
# Generated on Rstudio by user vandermeersch, on the 2023-08-22

# The filenames below are relative to the folder containing this command file
castaneaFileName	=	CastaneaSpecies_08_2021.txt
inventoryFileName	=	C:/Users/vandermeersch/Documents/CEFE/phd/hindcasting/simulation/castanea/run/inventory.txt

climateBaseName	=	C:/Users/vandermeersch/Documents/CEFE/phd/hindcasting/simulation/castanea/clim_test/false/500BP/
climateExtension	=	.txt
simulationName	=	ind1_


#	siteId	gridName	latitude	longitude	soilHeight	stone	wfc	wilt	bulk	SOLCLAYtop	SOLCLAYsol	SOLFINtop	SOLFINsol	SOLSANDtop	SOLSANDsol	numberOfYears
1	8857	48.12	28.96	200	0.071	0.323	0.176	1.465	0.261	0.269	0.737	0.723	0.263	0.278	30
2	8858	48.12	29.21	200	0.071	0.323	0.174	1.472	0.261	0.27	0.732	0.717	0.268	0.284	30
3	8859	48.12	29.46	200	0.064	0.328	0.18	1.463	0.275	0.282	0.753	0.739	0.247	0.261	30
4	8860	48.12	29.71	200	0.06	0.33	0.184	1.457	0.281	0.289	0.757	0.746	0.243	0.254	30
5	8861	48.12	29.96	199.999	0.053	0.331	0.184	1.456	0.283	0.29	0.75	0.739	0.25	0.261	30
6	8862	48.12	30.21	199.997	0.05	0.334	0.187	1.448	0.292	0.299	0.76	0.751	0.24	0.249	30
7	8863	48.12	30.46	200	0.051	0.34	0.196	1.435	0.309	0.315	0.786	0.779	0.214	0.221	30
8	8864	48.12	30.71	199.999	0.053	0.34	0.197	1.436	0.311	0.318	0.791	0.786	0.209	0.214	30
9	8865	48.12	30.96	199.999	0.058	0.342	0.197	1.428	0.308	0.317	0.784	0.779	0.216	0.22	30
10	8866	48.12	31.21	200	0.057	0.344	0.196	1.418	0.301	0.309	0.78	0.775	0.22	0.225	30
11	8867	48.12	31.46	200	0.061	0.344	0.191	1.418	0.291	0.298	0.762	0.757	0.237	0.243	30
12	8868	48.12	31.71	200	0.067	0.344	0.185	1.413	0.287	0.294	0.754	0.749	0.246	0.251	30
13	8869	48.12	31.96	199.992	0.065	0.347	0.182	1.373	0.29	0.297	0.751	0.748	0.249	0.252	30
14	8870	48.12	32.21	199.986	0.058	0.345	0.185	1.375	0.295	0.302	0.758	0.756	0.242	0.244	30
15	8871	48.12	32.46	199.993	0.056	0.342	0.188	1.402	0.287	0.293	0.742	0.738	0.258	0.261	30
16	8872	48.12	32.71	199.997	0.047	0.346	0.187	1.394	0.291	0.296	0.733	0.727	0.267	0.273	30
17	8873	48.12	32.96	199.993	0.049	0.348	0.186	1.39	0.288	0.293	0.731	0.725	0.269	0.275	30
18	8874	48.12	33.21	199.993	0.051	0.345	0.187	1.416	0.294	0.301	0.746	0.742	0.254	0.258	30
19	8875	48.12	33.46	199.977	0.058	0.339	0.185	1.446	0.285	0.292	0.729	0.723	0.272	0.277	30
20	8876	48.12	33.71	199.989	0.051	0.345	0.192	1.43	0.295	0.301	0.751	0.746	0.249	0.254	30
21	8877	48.12	33.96	199.994	0.052	0.35	0.195	1.417	0.306	0.314	0.773	0.768	0.227	0.232	30
22	8878	48.12	34.21	199.994	0.05	0.349	0.197	1.428	0.305	0.314	0.77	0.765	0.23	0.235	30
23	8879	48.12	34.46	199.994	0.048	0.349	0.199	1.421	0.3	0.308	0.768	0.761	0.233	0.24	30
24	8880	48.12	34.71	199.997	0.043	0.349	0.199	1.43	0.303	0.313	0.771	0.764	0.23	0.236	30
25	8881	47.87	-4.29	199.974	0.105	0.31	0.149	1.45	0.192	0.215	0.593	0.576	0.407	0.424	30
26	8882	47.87	-3.79	199.786	0.127	0.314	0.148	1.461	0.178	0.204	0.622	0.607	0.378	0.393	30
27	8883	47.87	-3.54	199.998	0.134	0.311	0.143	1.466	0.175	0.2	0.616	0.6	0.384	0.4	30
28	8884	47.87	-3.29	199.997	0.133	0.308	0.142	1.467	0.176	0.201	0.604	0.589	0.397	0.412	30
29	8885	47.87	-3.04	199.99	0.138	0.31	0.143	1.475	0.179	0.205	0.63	0.613	0.37	0.387	30
30	8886	47.87	-2.79	199.976	0.135	0.31	0.147	1.491	0.185	0.215	0.659	0.644	0.341	0.356	30
31	8887	47.87	-2.54	199.947	0.136	0.31	0.149	1.488	0.19	0.22	0.658	0.643	0.342	0.357	30
32	8888	47.87	-2.29	199.939	0.137	0.314	0.157	1.492	0.203	0.239	0.675	0.663	0.325	0.337	30
33	8889	47.87	-2.04	199.93	0.136	0.312	0.159	1.499	0.209	0.246	0.684	0.674	0.315	0.326	30
34	8890	47.87	-1.79	199.99	0.132	0.311	0.161	1.507	0.216	0.254	0.683	0.675	0.317	0.325	30
35	8891	47.87	-1.54	199.992	0.131	0.315	0.166	1.513	0.219	0.261	0.7	0.694	0.299	0.306	30
36	8892	47.87	-1.29	199.96	0.128	0.316	0.164	1.515	0.211	0.252	0.699	0.693	0.301	0.307	30
37	8893	47.87	-1.04	199.989	0.126	0.317	0.163	1.516	0.206	0.245	0.701	0.694	0.299	0.306	30
38	8894	47.87	-0.789999999999999	200	0.124	0.316	0.164	1.522	0.211	0.249	0.693	0.688	0.307	0.312	30
39	8895	47.87	-0.539999999999999	200	0.118	0.313	0.166	1.525	0.216	0.254	0.687	0.683	0.313	0.317	30
40	8896	47.87	-0.289999999999999	199.999	0.107	0.303	0.162	1.524	0.217	0.255	0.656	0.648	0.344	0.352	30
41	8897	47.87	-0.0399999999999991	199.995	0.106	0.296	0.157	1.523	0.213	0.251	0.625	0.616	0.375	0.384	30
42	8898	47.87	0.210000000000001	199.995	0.109	0.291	0.152	1.523	0.204	0.24	0.591	0.582	0.409	0.418	30
43	8899	47.87	0.460000000000001	199.996	0.125	0.3	0.158	1.525	0.202	0.238	0.655	0.645	0.345	0.355	30
44	8900	47.87	0.710000000000001	200	0.132	0.315	0.173	1.532	0.216	0.253	0.72	0.714	0.28	0.286	30
45	8901	47.87	0.960000000000001	200	0.131	0.322	0.182	1.532	0.227	0.264	0.751	0.746	0.249	0.254	30
46	8902	47.87	1.21	200	0.126	0.324	0.19	1.528	0.245	0.281	0.762	0.753	0.238	0.247	30
47	8903	47.87	1.46	200	0.111	0.329	0.201	1.533	0.273	0.304	0.772	0.759	0.228	0.241	30
48	8904	47.87	1.71	200	0.096	0.307	0.177	1.535	0.24	0.267	0.654	0.638	0.346	0.362	30
49	8905	47.87	1.96	200	0.095	0.284	0.151	1.534	0.195	0.221	0.552	0.536	0.448	0.464	30
50	8906	47.87	2.21	200	0.097	0.278	0.145	1.535	0.182	0.209	0.532	0.517	0.467	0.483	30
51	8907	47.87	2.46	200	0.097	0.284	0.151	1.538	0.196	0.226	0.559	0.545	0.441	0.455	30
52	8908	47.87	2.71	200	0.111	0.302	0.171	1.542	0.224	0.264	0.647	0.638	0.353	0.362	30
53	8909	47.87	2.96	200	0.126	0.316	0.18	1.544	0.228	0.272	0.746	0.738	0.254	0.262	30
54	8910	47.87	3.21	199.999	0.139	0.316	0.181	1.54	0.232	0.271	0.738	0.729	0.261	0.271	30
55	8911	47.87	3.46	199.995	0.145	0.316	0.187	1.536	0.249	0.288	0.719	0.713	0.281	0.287	30
56	8912	47.87	3.71	199.999	0.147	0.316	0.19	1.535	0.256	0.298	0.73	0.728	0.27	0.273	30
57	8913	47.87	3.96	200	0.156	0.326	0.201	1.536	0.271	0.315	0.759	0.758	0.241	0.242	30
58	8914	47.87	4.21	199.998	0.164	0.334	0.205	1.534	0.281	0.323	0.778	0.776	0.222	0.225	30
59	8915	47.87	4.46	199.995	0.164	0.335	0.201	1.531	0.279	0.319	0.77	0.764	0.23	0.236	30
60	8916	47.87	4.71	199.997	0.176	0.337	0.2	1.524	0.282	0.318	0.768	0.76	0.232	0.24	30
61	8917	47.87	4.96	199.999	0.18	0.335	0.196	1.522	0.278	0.309	0.756	0.745	0.244	0.255	30
62	8918	47.87	5.21	199.995	0.172	0.335	0.199	1.52	0.286	0.315	0.755	0.747	0.244	0.253	30
63	8919	47.87	5.46	199.983	0.156	0.33	0.193	1.514	0.276	0.303	0.735	0.727	0.265	0.273	30
64	8920	47.87	5.71	199.976	0.148	0.322	0.18	1.512	0.25	0.274	0.699	0.686	0.301	0.314	30
65	8921	47.87	5.96	199.931	0.136	0.323	0.186	1.517	0.257	0.285	0.703	0.688	0.297	0.312	30
66	8922	47.87	6.21	199.965	0.135	0.32	0.174	1.51	0.23	0.257	0.67	0.648	0.33	0.351	30
67	8923	47.87	6.46	199.9	0.168	0.315	0.151	1.469	0.191	0.211	0.6	0.568	0.4	0.432	30
68	8924	47.87	6.71	199.377	0.221	0.316	0.137	1.393	0.168	0.178	0.542	0.5	0.458	0.5	30
69	8925	47.87	6.96	199.132	0.222	0.313	0.136	1.38	0.175	0.183	0.557	0.515	0.443	0.485	30
70	8926	47.87	7.21	199.647	0.158	0.301	0.144	1.464	0.194	0.207	0.59	0.563	0.409	0.437	30
71	8927	47.87	7.46	199.991	0.117	0.297	0.15	1.502	0.201	0.218	0.6	0.578	0.4	0.422	30
72	8928	47.87	7.71	199.421	0.152	0.304	0.149	1.467	0.196	0.213	0.604	0.57	0.396	0.43	30
73	8929	47.87	7.96	194.901	0.22	0.312	0.137	1.382	0.177	0.185	0.547	0.504	0.453	0.496	30
74	8930	47.87	8.21	191.724	0.222	0.316	0.137	1.371	0.178	0.188	0.548	0.509	0.452	0.491	30
75	8931	47.87	8.46	197.025	0.184	0.325	0.165	1.448	0.233	0.257	0.651	0.625	0.349	0.375	30
76	8932	47.87	8.71	199.653	0.175	0.319	0.166	1.472	0.237	0.261	0.653	0.626	0.347	0.374	30
77	8933	47.87	8.96	199.731	0.157	0.312	0.157	1.491	0.218	0.241	0.631	0.605	0.369	0.395	30
78	8934	47.87	9.21	199.723	0.147	0.307	0.148	1.497	0.201	0.221	0.613	0.588	0.387	0.412	30
79	8935	47.87	9.46	199.825	0.137	0.308	0.147	1.498	0.2	0.218	0.617	0.592	0.383	0.407	30
80	8936	47.87	9.71	199.679	0.14	0.313	0.147	1.479	0.194	0.213	0.613	0.588	0.387	0.412	30
81	8937	47.87	9.96	198.965	0.15	0.324	0.149	1.454	0.201	0.22	0.627	0.603	0.373	0.398	30
82	8938	47.87	10.21	198.53	0.152	0.327	0.152	1.451	0.206	0.223	0.636	0.611	0.364	0.389	30
83	8939	47.87	10.46	198.714	0.152	0.329	0.153	1.445	0.21	0.227	0.637	0.613	0.363	0.386	30
84	8940	47.87	10.71	198.467	0.152	0.323	0.15	1.454	0.206	0.222	0.632	0.607	0.368	0.393	30
85	8941	47.87	10.96	198.379	0.155	0.32	0.148	1.459	0.199	0.216	0.62	0.594	0.38	0.406	30
86	8942	47.87	11.21	199.065	0.152	0.316	0.145	1.468	0.194	0.212	0.607	0.58	0.393	0.42	30
87	8943	47.87	11.46	197.893	0.164	0.314	0.142	1.456	0.187	0.205	0.597	0.567	0.403	0.433	30
88	8944	47.87	11.71	196.675	0.169	0.318	0.144	1.449	0.189	0.207	0.605	0.575	0.395	0.425	30
89	8945	47.87	11.96	197.336	0.158	0.322	0.148	1.471	0.195	0.213	0.615	0.589	0.385	0.411	30
90	8946	47.87	12.21	197.211	0.157	0.324	0.151	1.467	0.199	0.216	0.63	0.603	0.37	0.397	30
91	8947	47.87	12.46	196.327	0.166	0.325	0.151	1.453	0.201	0.221	0.636	0.607	0.364	0.392	30
92	8948	47.87	12.71	195.815	0.169	0.327	0.154	1.448	0.204	0.224	0.638	0.61	0.362	0.39	30
93	8949	47.87	12.96	197.041	0.153	0.331	0.159	1.466	0.218	0.24	0.645	0.622	0.355	0.378	30
94	8950	47.87	13.21	196.616	0.171	0.336	0.163	1.436	0.227	0.251	0.663	0.636	0.337	0.364	30
95	8951	47.87	13.46	195.245	0.192	0.332	0.156	1.425	0.214	0.233	0.634	0.604	0.366	0.396	30
96	8952	47.87	13.71	192.577	0.203	0.334	0.16	1.414	0.214	0.232	0.634	0.606	0.366	0.394	30
97	8953	47.87	13.96	189.976	0.204	0.335	0.164	1.412	0.217	0.236	0.642	0.615	0.358	0.385	30
98	8954	47.87	14.21	192.655	0.199	0.337	0.17	1.429	0.229	0.25	0.661	0.634	0.339	0.366	30
99	8955	47.87	14.46	193.807	0.204	0.339	0.172	1.425	0.232	0.253	0.658	0.629	0.342	0.371	30
100	8956	47.87	14.71	193.946	0.203	0.34	0.175	1.432	0.234	0.257	0.663	0.634	0.337	0.366	30
101	8957	47.87	14.96	192.686	0.217	0.337	0.169	1.413	0.226	0.247	0.654	0.622	0.346	0.378	30
102	8958	47.87	15.21	193.053	0.233	0.333	0.165	1.394	0.217	0.237	0.642	0.608	0.358	0.392	30
103	8959	47.87	15.46	194.322	0.238	0.333	0.166	1.391	0.225	0.245	0.648	0.615	0.351	0.385	30
104	8960	47.87	15.71	194.891	0.242	0.331	0.165	1.39	0.224	0.244	0.645	0.614	0.355	0.386	30
105	8961	47.87	15.96	198.622	0.214	0.321	0.165	1.45	0.221	0.246	0.631	0.605	0.369	0.395	30
106	8962	47.87	16.21	199.955	0.139	0.299	0.163	1.518	0.221	0.243	0.606	0.589	0.394	0.411	30
107	8963	47.87	16.46	199.999	0.09	0.294	0.168	1.528	0.238	0.256	0.616	0.598	0.384	0.402	30
108	8964	47.87	16.71	199.994	0.07	0.298	0.156	1.506	0.238	0.248	0.588	0.566	0.412	0.434	30
109	8965	47.87	16.96	199.999	0.058	0.283	0.15	1.507	0.237	0.231	0.554	0.514	0.446	0.486	30
110	8966	47.87	17.21	200	0.051	0.277	0.144	1.507	0.222	0.209	0.536	0.483	0.464	0.517	30
111	8967	47.87	17.46	200	0.045	0.275	0.142	1.508	0.216	0.202	0.546	0.491	0.454	0.509	30
112	8968	47.87	17.71	200	0.041	0.276	0.147	1.507	0.222	0.208	0.547	0.494	0.453	0.506	30
113	8969	47.87	17.96	200	0.036	0.284	0.157	1.505	0.246	0.229	0.57	0.519	0.43	0.481	30
114	8970	47.87	18.21	200	0.038	0.278	0.153	1.511	0.232	0.223	0.557	0.515	0.443	0.485	30
115	8971	47.87	18.46	200	0.055	0.289	0.164	1.511	0.236	0.239	0.604	0.574	0.396	0.426	30
116	8972	47.87	18.71	200	0.066	0.294	0.169	1.509	0.245	0.255	0.612	0.586	0.388	0.414	30
117	8973	47.87	18.96	199.994	0.09	0.292	0.164	1.507	0.233	0.253	0.598	0.573	0.402	0.427	30
118	8974	47.87	19.21	199.999	0.077	0.291	0.165	1.517	0.235	0.252	0.584	0.564	0.416	0.436	30
119	8975	47.87	19.46	200	0.075	0.297	0.174	1.516	0.252	0.269	0.603	0.585	0.397	0.415	30
120	8976	47.87	19.71	199.999	0.08	0.303	0.178	1.509	0.261	0.278	0.606	0.585	0.394	0.415	30
121	8977	47.87	19.96	199.988	0.093	0.301	0.171	1.505	0.253	0.27	0.594	0.569	0.405	0.431	30
122	8978	47.87	20.21	199.995	0.074	0.302	0.175	1.51	0.267	0.284	0.599	0.578	0.401	0.422	30
123	8979	47.87	20.46	199.993	0.079	0.308	0.181	1.507	0.278	0.295	0.625	0.603	0.375	0.397	30
124	8980	47.87	20.71	199.999	0.059	0.306	0.18	1.512	0.28	0.288	0.621	0.597	0.379	0.403	30
125	8981	47.87	20.96	200	0.036	0.298	0.173	1.51	0.283	0.28	0.604	0.576	0.396	0.424	30
126	8982	47.87	21.21	200	0.028	0.313	0.181	1.5	0.303	0.296	0.634	0.604	0.366	0.396	30
127	8983	47.87	21.46	200	0.023	0.289	0.155	1.501	0.252	0.243	0.546	0.511	0.454	0.488	30
128	8984	47.87	21.71	200	0.023	0.235	0.118	1.519	0.172	0.164	0.376	0.345	0.624	0.655	30
129	8985	47.87	21.96	200	0.027	0.213	0.103	1.532	0.13	0.125	0.281	0.257	0.719	0.743	30
130	8986	47.87	22.21	200	0.029	0.221	0.109	1.533	0.146	0.142	0.325	0.302	0.675	0.698	30
131	8987	47.87	22.46	200	0.031	0.28	0.156	1.519	0.268	0.261	0.581	0.548	0.419	0.452	30
132	8988	47.87	22.71	200	0.033	0.294	0.171	1.526	0.29	0.292	0.652	0.623	0.349	0.377	30
133	8989	47.87	22.96	199.996	0.03	0.297	0.167	1.528	0.272	0.281	0.659	0.638	0.341	0.362	30
134	8990	47.87	23.21	199.741	0.044	0.307	0.166	1.525	0.254	0.273	0.664	0.65	0.336	0.35	30
135	8991	47.87	23.46	197.976	0.102	0.316	0.159	1.49	0.229	0.249	0.661	0.639	0.338	0.361	30
136	8992	47.87	23.71	196.81	0.148	0.317	0.148	1.456	0.206	0.221	0.645	0.615	0.355	0.385	30
137	8993	47.87	23.96	197.985	0.13	0.316	0.154	1.484	0.222	0.24	0.667	0.643	0.333	0.357	30
138	8994	47.87	24.21	192.086	0.174	0.319	0.146	1.431	0.203	0.214	0.642	0.611	0.358	0.388	30
139	8995	47.87	24.46	186.395	0.223	0.318	0.132	1.353	0.161	0.168	0.583	0.543	0.416	0.456	30
140	8996	47.87	24.71	183.235	0.247	0.313	0.121	1.301	0.138	0.143	0.541	0.496	0.458	0.504	30
141	8997	47.87	24.96	187.162	0.233	0.311	0.123	1.325	0.153	0.159	0.554	0.514	0.446	0.486	30
142	8998	47.87	25.21	191.351	0.222	0.316	0.134	1.351	0.172	0.183	0.574	0.541	0.426	0.459	30
143	8999	47.87	25.46	193.334	0.208	0.317	0.143	1.383	0.197	0.21	0.599	0.57	0.401	0.43	30
144	9000	47.87	25.71	198.344	0.142	0.312	0.151	1.455	0.212	0.229	0.629	0.606	0.371	0.394	30
145	9001	47.87	25.96	199.933	0.08	0.309	0.16	1.491	0.234	0.251	0.671	0.653	0.329	0.347	30
146	9002	47.87	26.21	200	0.069	0.308	0.163	1.499	0.239	0.255	0.683	0.665	0.317	0.335	30
147	9003	47.87	26.46	199.999	0.057	0.313	0.175	1.485	0.257	0.271	0.709	0.695	0.29	0.305	30
148	9004	47.87	26.71	200	0.055	0.325	0.194	1.468	0.285	0.299	0.745	0.733	0.255	0.267	30
149	9005	47.87	26.96	200	0.055	0.329	0.196	1.461	0.293	0.305	0.75	0.739	0.25	0.261	30
150	9006	47.87	27.21	199.999	0.051	0.326	0.189	1.456	0.29	0.299	0.746	0.734	0.254	0.266	30
151	9007	47.87	27.46	199.999	0.056	0.333	0.195	1.448	0.298	0.306	0.763	0.751	0.237	0.249	30
152	9008	47.87	27.71	199.999	0.058	0.338	0.2	1.438	0.309	0.316	0.78	0.769	0.22	0.231	30
153	9009	47.87	27.96	199.999	0.058	0.338	0.201	1.436	0.312	0.32	0.778	0.767	0.222	0.233	30
154	9010	47.87	28.21	200	0.062	0.338	0.201	1.437	0.316	0.324	0.792	0.782	0.208	0.218	30
155	9011	47.87	28.46	200	0.068	0.332	0.194	1.45	0.293	0.302	0.77	0.76	0.23	0.241	30
156	9012	47.87	28.71	200	0.066	0.323	0.185	1.46	0.275	0.284	0.74	0.727	0.26	0.273	30
157	9013	47.87	28.96	200	0.066	0.324	0.184	1.458	0.281	0.289	0.748	0.735	0.252	0.265	30
158	9014	47.87	29.21	200	0.068	0.331	0.19	1.454	0.286	0.292	0.751	0.738	0.249	0.262	30
159	9015	47.87	29.46	200	0.069	0.331	0.186	1.46	0.283	0.289	0.743	0.73	0.257	0.27	30
160	9016	47.87	29.71	200	0.066	0.332	0.189	1.459	0.287	0.293	0.742	0.73	0.259	0.271	30
161	9017	47.87	29.96	200	0.059	0.337	0.195	1.451	0.298	0.303	0.759	0.748	0.241	0.252	30
162	9018	47.87	30.21	200	0.053	0.34	0.2	1.441	0.311	0.316	0.778	0.769	0.222	0.231	30
163	9019	47.87	30.46	200	0.049	0.341	0.199	1.433	0.31	0.316	0.781	0.773	0.219	0.227	30
164	9020	47.87	30.71	200	0.047	0.342	0.197	1.425	0.309	0.316	0.782	0.775	0.218	0.225	30
165	9021	47.87	30.96	199.999	0.053	0.346	0.201	1.417	0.317	0.326	0.793	0.789	0.207	0.21	30
166	9022	47.87	31.21	199.998	0.052	0.344	0.201	1.423	0.311	0.32	0.782	0.78	0.218	0.22	30
167	9023	47.87	31.46	200	0.052	0.346	0.198	1.405	0.301	0.308	0.767	0.764	0.232	0.236	30
168	9024	47.87	31.71	199.999	0.056	0.346	0.195	1.387	0.296	0.303	0.765	0.763	0.235	0.237	30
169	9025	47.87	31.96	199.974	0.052	0.351	0.191	1.346	0.297	0.304	0.758	0.755	0.242	0.244	30
170	9026	47.87	32.21	199.961	0.05	0.35	0.189	1.355	0.296	0.303	0.764	0.763	0.235	0.237	30
171	9027	47.87	32.46	199.991	0.049	0.347	0.194	1.405	0.287	0.295	0.743	0.741	0.257	0.259	30
172	9028	47.87	32.71	199.998	0.038	0.349	0.196	1.4	0.297	0.304	0.75	0.745	0.25	0.255	30
173	9029	47.87	32.96	199.986	0.044	0.351	0.194	1.392	0.299	0.307	0.751	0.748	0.249	0.252	30
174	9030	47.87	33.21	199.975	0.059	0.342	0.19	1.447	0.291	0.299	0.729	0.725	0.271	0.275	30
175	9031	47.87	33.46	199.988	0.055	0.34	0.19	1.458	0.29	0.298	0.72	0.713	0.28	0.287	30
176	9032	47.87	33.71	200	0.035	0.348	0.202	1.437	0.309	0.319	0.773	0.768	0.227	0.232	30
177	9033	47.87	33.96	199.997	0.046	0.349	0.201	1.43	0.315	0.325	0.792	0.788	0.208	0.212	30
178	9034	47.87	34.21	199.997	0.048	0.348	0.203	1.442	0.313	0.326	0.785	0.783	0.215	0.217	30
179	9035	47.87	34.46	199.999	0.044	0.349	0.204	1.438	0.31	0.322	0.782	0.78	0.218	0.22	30
180	9036	47.87	34.71	199.999	0.042	0.349	0.203	1.437	0.314	0.325	0.791	0.787	0.21	0.213	30
181	9037	47.62	-2.54	199.964	0.121	0.308	0.149	1.485	0.196	0.228	0.609	0.597	0.391	0.403	30
182	9038	47.62	-2.29	199.984	0.121	0.31	0.154	1.488	0.207	0.242	0.618	0.606	0.383	0.394	30
183	9039	47.62	-2.04	199.986	0.121	0.312	0.157	1.489	0.217	0.25	0.634	0.622	0.366	0.378	30
184	9040	47.62	-1.79	199.952	0.124	0.311	0.158	1.497	0.218	0.256	0.65	0.642	0.35	0.358	30
185	9041	47.62	-1.54	199.976	0.125	0.313	0.161	1.506	0.221	0.259	0.667	0.661	0.333	0.339	30
186	9042	47.62	-1.29	199.98	0.124	0.315	0.164	1.511	0.219	0.256	0.673	0.667	0.327	0.333	30
187	9043	47.62	-1.04	199.993	0.123	0.315	0.164	1.513	0.217	0.253	0.673	0.667	0.327	0.333	30
188	9044	47.62	-0.789999999999999	199.99	0.119	0.313	0.164	1.513	0.218	0.253	0.664	0.657	0.336	0.343	30
189	9045	47.62	-0.539999999999999	199.997	0.109	0.303	0.162	1.512	0.225	0.256	0.633	0.622	0.367	0.378	30
190	9046	47.62	-0.289999999999999	199.988	0.102	0.295	0.159	1.515	0.228	0.263	0.604	0.595	0.396	0.405	30
191	9047	47.62	-0.0399999999999991	199.951	0.106	0.294	0.158	1.518	0.222	0.263	0.599	0.594	0.401	0.406	30
192	9048	47.62	0.210000000000001	199.983	0.113	0.298	0.161	1.522	0.219	0.261	0.619	0.614	0.38	0.386	30
193	9049	47.62	0.460000000000001	199.994	0.122	0.307	0.168	1.525	0.219	0.26	0.663	0.656	0.337	0.344	30
194	9050	47.62	0.710000000000001	200	0.125	0.313	0.175	1.531	0.228	0.268	0.709	0.699	0.291	0.301	30
195	9051	47.62	0.960000000000001	200	0.123	0.318	0.182	1.533	0.243	0.285	0.733	0.723	0.267	0.277	30
196	9052	47.62	1.21	200	0.115	0.315	0.184	1.531	0.248	0.285	0.715	0.702	0.286	0.298	30
197	9053	47.62	1.46	200	0.105	0.298	0.167	1.53	0.22	0.251	0.619	0.605	0.381	0.395	30
198	9054	47.62	1.71	200	0.104	0.272	0.136	1.528	0.16	0.188	0.48	0.467	0.52	0.533	30
199	9055	47.62	1.96	200	0.105	0.266	0.127	1.526	0.143	0.17	0.439	0.427	0.561	0.573	30
200	9056	47.62	2.21	200	0.106	0.273	0.135	1.527	0.158	0.189	0.479	0.468	0.52	0.532	30
201	9057	47.62	2.46	200	0.12	0.293	0.156	1.534	0.19	0.231	0.598	0.587	0.402	0.413	30
202	9058	47.62	2.71	200	0.129	0.304	0.171	1.537	0.219	0.264	0.671	0.662	0.329	0.338	30
203	9059	47.62	2.96	200	0.13	0.309	0.175	1.538	0.231	0.276	0.71	0.7	0.289	0.3	30
204	9060	47.62	3.21	200	0.145	0.317	0.185	1.535	0.249	0.291	0.731	0.722	0.269	0.278	30
205	9061	47.62	3.46	199.994	0.154	0.328	0.2	1.531	0.272	0.318	0.745	0.744	0.255	0.256	30
206	9062	47.62	3.71	199.991	0.162	0.328	0.2	1.529	0.273	0.319	0.743	0.741	0.257	0.259	30
207	9063	47.62	3.96	199.993	0.166	0.333	0.204	1.528	0.278	0.324	0.755	0.755	0.245	0.246	30
208	9064	47.62	4.21	199.992	0.168	0.335	0.202	1.527	0.274	0.321	0.75	0.748	0.25	0.252	30
209	9065	47.62	4.46	199.982	0.172	0.337	0.203	1.524	0.28	0.324	0.763	0.758	0.237	0.242	30
210	9066	47.62	4.71	199.994	0.184	0.337	0.2	1.517	0.28	0.316	0.767	0.758	0.233	0.242	30
211	9067	47.62	4.96	199.999	0.19	0.337	0.195	1.516	0.272	0.303	0.741	0.731	0.259	0.269	30
212	9068	47.62	5.21	199.995	0.162	0.335	0.197	1.52	0.279	0.31	0.737	0.73	0.263	0.27	30
213	9069	47.62	5.46	199.99	0.137	0.327	0.194	1.518	0.273	0.302	0.722	0.714	0.278	0.287	30
214	9070	47.62	5.71	199.977	0.126	0.32	0.183	1.517	0.252	0.278	0.689	0.676	0.311	0.324	30
215	9071	47.62	5.96	199.921	0.123	0.321	0.184	1.516	0.251	0.28	0.686	0.669	0.313	0.331	30
216	9072	47.62	6.21	199.927	0.13	0.328	0.191	1.51	0.258	0.296	0.705	0.686	0.295	0.314	30
217	9073	47.62	6.46	199.927	0.134	0.328	0.177	1.498	0.237	0.271	0.684	0.659	0.316	0.341	30
218	9074	47.62	6.71	199.902	0.151	0.326	0.166	1.474	0.222	0.253	0.654	0.623	0.345	0.377	30
219	9075	47.62	6.96	199.911	0.134	0.316	0.159	1.49	0.211	0.238	0.654	0.623	0.346	0.377	30
220	9076	47.62	7.21	199.962	0.122	0.306	0.154	1.508	0.205	0.227	0.655	0.626	0.345	0.374	30
221	9077	47.62	7.46	199.949	0.124	0.307	0.158	1.502	0.214	0.235	0.643	0.617	0.357	0.383	30
222	9078	47.62	7.71	199.705	0.156	0.317	0.164	1.476	0.219	0.244	0.635	0.605	0.365	0.395	30
223	9079	47.62	7.96	197.475	0.182	0.321	0.156	1.438	0.209	0.231	0.6	0.569	0.4	0.431	30
224	9080	47.62	8.21	197.535	0.168	0.32	0.155	1.46	0.212	0.234	0.602	0.574	0.398	0.426	30
225	9081	47.62	8.46	199.443	0.151	0.317	0.161	1.491	0.228	0.252	0.631	0.606	0.369	0.394	30
226	9082	47.62	8.71	199.589	0.136	0.305	0.152	1.5	0.217	0.236	0.614	0.588	0.386	0.412	30
227	9083	47.62	8.96	199.283	0.135	0.31	0.151	1.491	0.215	0.235	0.617	0.591	0.383	0.409	30
228	9084	47.62	9.21	199.257	0.13	0.313	0.148	1.489	0.208	0.227	0.611	0.588	0.389	0.411	30
229	9085	47.62	9.46	199.022	0.131	0.313	0.143	1.488	0.195	0.21	0.594	0.57	0.406	0.429	30
230	9086	47.62	9.71	197.234	0.14	0.323	0.148	1.453	0.204	0.22	0.614	0.591	0.386	0.409	30
231	9087	47.62	9.96	191.142	0.173	0.33	0.15	1.395	0.218	0.233	0.637	0.611	0.363	0.389	30
232	9088	47.62	10.21	188.353	0.193	0.33	0.148	1.383	0.209	0.222	0.63	0.601	0.37	0.399	30
233	9089	47.62	10.46	186.879	0.198	0.331	0.147	1.374	0.205	0.218	0.62	0.593	0.38	0.407	30
234	9090	47.62	10.71	187.058	0.203	0.329	0.146	1.376	0.202	0.215	0.61	0.582	0.39	0.418	30
235	9091	47.62	10.96	183.868	0.223	0.325	0.141	1.356	0.186	0.197	0.587	0.554	0.413	0.446	30
236	9092	47.62	11.21	185.432	0.213	0.326	0.146	1.382	0.194	0.208	0.595	0.565	0.405	0.435	30
237	9093	47.62	11.46	179.641	0.229	0.325	0.144	1.36	0.189	0.205	0.595	0.562	0.405	0.438	30
238	9094	47.62	11.71	179.748	0.239	0.326	0.146	1.348	0.188	0.205	0.6	0.566	0.4	0.434	30
239	9095	47.62	11.96	182.591	0.232	0.331	0.151	1.368	0.192	0.209	0.604	0.571	0.396	0.429	30
240	9096	47.62	12.21	184.077	0.218	0.333	0.154	1.383	0.199	0.216	0.615	0.584	0.385	0.416	30
241	9097	47.62	12.46	181.658	0.226	0.332	0.151	1.359	0.192	0.209	0.609	0.576	0.391	0.423	30
242	9098	47.62	12.71	175.237	0.246	0.334	0.15	1.332	0.183	0.199	0.592	0.557	0.408	0.442	30
243	9099	47.62	12.96	171.427	0.242	0.336	0.154	1.342	0.186	0.201	0.589	0.558	0.411	0.442	30
244	9100	47.62	13.21	177.802	0.235	0.339	0.158	1.351	0.199	0.219	0.614	0.583	0.386	0.417	30
245	9101	47.62	13.46	178.39	0.244	0.334	0.15	1.336	0.19	0.205	0.6	0.565	0.4	0.434	30
246	9102	47.62	13.71	171.066	0.249	0.334	0.148	1.308	0.184	0.197	0.585	0.552	0.415	0.448	30
247	9103	47.62	13.96	170.466	0.258	0.33	0.141	1.303	0.17	0.18	0.568	0.534	0.432	0.465	30
248	9104	47.62	14.21	173.606	0.256	0.326	0.14	1.326	0.169	0.177	0.571	0.535	0.428	0.465	30
249	9105	47.62	14.46	180.634	0.254	0.328	0.145	1.339	0.175	0.185	0.584	0.546	0.416	0.454	30
250	9106	47.62	14.71	181.119	0.261	0.329	0.147	1.341	0.179	0.191	0.591	0.552	0.409	0.448	30
251	9107	47.62	14.96	179.675	0.27	0.326	0.142	1.325	0.169	0.179	0.578	0.539	0.422	0.461	30
252	9108	47.62	15.21	182.947	0.27	0.323	0.139	1.33	0.164	0.173	0.569	0.529	0.431	0.471	30
253	9109	47.62	15.46	190.538	0.262	0.318	0.137	1.336	0.167	0.175	0.572	0.53	0.427	0.47	30
254	9110	47.62	15.71	190.315	0.263	0.319	0.138	1.34	0.171	0.18	0.573	0.532	0.426	0.467	30
255	9111	47.62	15.96	194.49	0.234	0.313	0.144	1.412	0.179	0.193	0.57	0.538	0.429	0.462	30
256	9112	47.62	16.21	199.701	0.177	0.301	0.149	1.505	0.19	0.21	0.571	0.548	0.428	0.452	30
257	9113	47.62	16.46	199.995	0.121	0.293	0.161	1.527	0.217	0.24	0.588	0.569	0.411	0.431	30
258	9114	47.62	16.71	199.997	0.073	0.292	0.158	1.513	0.24	0.251	0.582	0.556	0.418	0.444	30
259	9115	47.62	16.96	199.999	0.054	0.276	0.148	1.513	0.241	0.236	0.542	0.5	0.458	0.5	30
260	9116	47.62	17.21	200	0.046	0.28	0.151	1.509	0.246	0.232	0.545	0.493	0.455	0.507	30
261	9117	47.62	17.46	200	0.042	0.269	0.143	1.516	0.221	0.208	0.508	0.457	0.492	0.543	30
262	9118	47.62	17.71	200	0.048	0.263	0.14	1.519	0.207	0.201	0.501	0.457	0.499	0.543	30
263	9119	47.62	17.96	200	0.048	0.262	0.138	1.515	0.2	0.192	0.482	0.439	0.518	0.561	30
264	9120	47.62	18.21	200	0.051	0.267	0.143	1.513	0.205	0.2	0.503	0.465	0.497	0.535	30
265	9121	47.62	18.46	200	0.067	0.284	0.16	1.512	0.229	0.243	0.567	0.542	0.432	0.458	30
266	9122	47.62	18.71	200	0.072	0.284	0.159	1.509	0.231	0.241	0.568	0.541	0.432	0.459	30
267	9123	47.62	18.96	199.998	0.083	0.285	0.159	1.505	0.23	0.245	0.56	0.538	0.439	0.462	30
268	9124	47.62	19.21	199.997	0.072	0.274	0.15	1.51	0.217	0.221	0.515	0.491	0.485	0.509	30
269	9125	47.62	19.46	200	0.069	0.283	0.161	1.511	0.234	0.243	0.553	0.53	0.447	0.47	30
270	9126	47.62	19.71	200	0.044	0.292	0.167	1.508	0.255	0.257	0.564	0.539	0.436	0.461	30
271	9127	47.62	19.96	200	0.041	0.316	0.189	1.507	0.318	0.316	0.647	0.62	0.353	0.38	30
272	9128	47.62	20.21	200	0.039	0.318	0.19	1.507	0.326	0.325	0.653	0.627	0.347	0.373	30
273	9129	47.62	20.46	200	0.04	0.317	0.189	1.505	0.332	0.328	0.663	0.636	0.337	0.364	30
274	9130	47.62	20.71	199.999	0.035	0.306	0.179	1.505	0.303	0.3	0.637	0.61	0.363	0.39	30
275	9131	47.62	20.96	200	0.032	0.309	0.182	1.505	0.297	0.3	0.642	0.619	0.358	0.381	30
276	9132	47.62	21.21	200	0.031	0.319	0.186	1.498	0.304	0.308	0.667	0.644	0.333	0.356	30
277	9133	47.62	21.46	200	0.025	0.293	0.16	1.498	0.258	0.254	0.577	0.547	0.423	0.453	30
278	9134	47.62	21.71	200	0.026	0.232	0.116	1.518	0.161	0.16	0.349	0.325	0.651	0.674	30
279	9135	47.62	21.96	200	0.027	0.215	0.104	1.53	0.13	0.132	0.278	0.259	0.722	0.741	30
280	9136	47.62	22.21	200	0.026	0.243	0.126	1.531	0.175	0.179	0.404	0.384	0.596	0.616	30
281	9137	47.62	22.46	200	0.026	0.29	0.166	1.525	0.263	0.269	0.61	0.588	0.39	0.412	30
282	9138	47.62	22.71	200	0.028	0.297	0.174	1.533	0.277	0.289	0.65	0.631	0.35	0.369	30
283	9139	47.62	22.96	199.994	0.038	0.296	0.17	1.533	0.258	0.277	0.648	0.633	0.353	0.367	30
284	9140	47.62	23.21	199.957	0.048	0.302	0.17	1.526	0.251	0.272	0.657	0.644	0.343	0.357	30
285	9141	47.62	23.46	199.38	0.07	0.309	0.167	1.507	0.247	0.267	0.672	0.656	0.327	0.345	30
286	9142	47.62	23.71	197.745	0.122	0.316	0.159	1.477	0.229	0.245	0.669	0.645	0.33	0.355	30
287	9143	47.62	23.96	196.712	0.15	0.318	0.15	1.462	0.212	0.226	0.657	0.63	0.343	0.37	30
288	9144	47.62	24.21	196.806	0.162	0.319	0.149	1.452	0.211	0.224	0.656	0.629	0.344	0.371	30
289	9145	47.62	24.46	194.006	0.183	0.318	0.142	1.42	0.192	0.202	0.629	0.597	0.371	0.403	30
290	9146	47.62	24.71	183.61	0.237	0.313	0.126	1.333	0.146	0.149	0.551	0.508	0.448	0.492	30
291	9147	47.62	24.96	184.275	0.243	0.309	0.121	1.313	0.136	0.139	0.524	0.478	0.476	0.521	30
292	9148	47.62	25.21	190.694	0.228	0.31	0.128	1.35	0.151	0.16	0.545	0.507	0.455	0.493	30
293	9149	47.62	25.46	192.926	0.225	0.312	0.136	1.378	0.178	0.191	0.578	0.548	0.422	0.452	30
294	9150	47.62	25.71	196.19	0.197	0.316	0.151	1.424	0.207	0.223	0.615	0.591	0.385	0.409	30
295	9151	47.62	25.96	199.334	0.118	0.312	0.162	1.479	0.229	0.25	0.656	0.637	0.344	0.363	30
296	9152	47.62	26.21	199.968	0.077	0.31	0.169	1.5	0.243	0.262	0.674	0.658	0.327	0.342	30
297	9153	47.62	26.46	199.999	0.064	0.309	0.168	1.501	0.246	0.263	0.679	0.664	0.321	0.336	30
298	9154	47.62	26.71	199.999	0.062	0.313	0.175	1.496	0.261	0.278	0.699	0.684	0.301	0.316	30
299	9155	47.62	26.96	200	0.058	0.325	0.192	1.474	0.289	0.304	0.744	0.732	0.256	0.268	30
300	9156	47.62	27.21	200	0.052	0.331	0.198	1.459	0.304	0.314	0.763	0.752	0.237	0.248	30
301	9157	47.62	27.46	199.999	0.048	0.329	0.195	1.455	0.301	0.31	0.755	0.744	0.245	0.256	30
302	9158	47.62	27.71	200	0.054	0.336	0.202	1.442	0.319	0.328	0.786	0.776	0.214	0.224	30
303	9159	47.62	27.96	200	0.061	0.336	0.202	1.446	0.313	0.324	0.776	0.765	0.224	0.235	30
304	9160	47.62	28.21	200	0.068	0.335	0.201	1.446	0.308	0.32	0.769	0.759	0.231	0.241	30
305	9161	47.62	28.46	200	0.066	0.335	0.2	1.445	0.299	0.309	0.759	0.749	0.241	0.251	30
306	9162	47.62	28.71	200	0.067	0.333	0.198	1.448	0.295	0.305	0.754	0.743	0.246	0.257	30
307	9163	47.62	28.96	200	0.066	0.331	0.194	1.45	0.299	0.307	0.765	0.754	0.235	0.246	30
308	9164	47.62	29.21	200	0.065	0.338	0.203	1.44	0.309	0.315	0.781	0.771	0.22	0.229	30
309	9165	47.62	29.46	200	0.069	0.339	0.203	1.445	0.31	0.317	0.784	0.775	0.216	0.225	30
310	9166	47.62	29.71	200	0.069	0.338	0.2	1.448	0.306	0.311	0.77	0.759	0.23	0.241	30
311	9167	47.62	29.96	200	0.065	0.341	0.201	1.443	0.304	0.308	0.767	0.757	0.234	0.243	30
312	9168	47.62	30.21	200	0.06	0.343	0.205	1.433	0.314	0.318	0.781	0.773	0.219	0.227	30
313	9169	47.62	30.46	200	0.056	0.343	0.205	1.43	0.309	0.316	0.773	0.767	0.227	0.233	30
314	9170	47.62	30.71	200	0.048	0.345	0.203	1.425	0.314	0.321	0.781	0.775	0.219	0.224	30
315	9171	47.62	30.96	199.997	0.048	0.346	0.203	1.423	0.318	0.326	0.789	0.785	0.211	0.215	30
316	9172	47.62	31.21	199.994	0.051	0.344	0.202	1.439	0.308	0.317	0.771	0.767	0.23	0.233	30
317	9173	47.62	31.46	200	0.052	0.345	0.202	1.43	0.307	0.315	0.77	0.766	0.23	0.234	30
318	9174	47.62	31.71	200	0.05	0.347	0.203	1.417	0.302	0.311	0.765	0.763	0.235	0.237	30
319	9175	47.62	31.96	199.999	0.044	0.351	0.202	1.401	0.3	0.309	0.763	0.76	0.237	0.24	30
320	9176	47.62	32.21	199.995	0.046	0.348	0.202	1.418	0.3	0.31	0.771	0.771	0.229	0.229	30
321	9177	47.62	32.46	200	0.036	0.35	0.204	1.421	0.303	0.314	0.76	0.759	0.24	0.241	30
322	9178	47.62	32.71	200	0.029	0.355	0.206	1.412	0.31	0.321	0.764	0.761	0.236	0.239	30
323	9179	47.62	32.96	199.999	0.039	0.352	0.206	1.43	0.299	0.309	0.753	0.751	0.247	0.25	30
324	9180	47.62	33.21	199.981	0.049	0.349	0.206	1.447	0.298	0.308	0.749	0.747	0.251	0.253	30
325	9181	47.62	33.46	199.998	0.043	0.351	0.209	1.45	0.313	0.323	0.768	0.765	0.232	0.235	30
326	9182	47.62	33.71	199.999	0.038	0.351	0.207	1.446	0.317	0.328	0.777	0.774	0.223	0.226	30
327	9183	47.62	33.96	199.975	0.043	0.343	0.193	1.46	0.303	0.314	0.762	0.758	0.238	0.242	30
328	9184	47.62	34.21	199.948	0.042	0.335	0.185	1.477	0.294	0.305	0.742	0.736	0.258	0.264	30
329	9185	47.62	34.46	199.933	0.039	0.337	0.185	1.476	0.291	0.302	0.739	0.735	0.261	0.265	30
330	9186	47.62	34.71	199.968	0.037	0.335	0.185	1.472	0.29	0.3	0.75	0.745	0.25	0.255	30
331	9187	47.37	-2.29	199.888	0.099	0.315	0.154	1.473	0.22	0.239	0.578	0.561	0.422	0.439	30
332	9188	47.37	-2.04	199.972	0.103	0.314	0.156	1.484	0.222	0.243	0.6	0.584	0.4	0.416	30
333	9189	47.37	-1.79	199.972	0.113	0.311	0.156	1.494	0.216	0.248	0.612	0.601	0.388	0.399	30
334	9190	47.37	-1.54	199.984	0.114	0.305	0.157	1.503	0.213	0.245	0.61	0.6	0.39	0.4	30
335	9191	47.37	-1.29	199.987	0.12	0.308	0.161	1.509	0.215	0.248	0.636	0.627	0.364	0.373	30
336	9192	47.37	-1.04	199.996	0.124	0.313	0.165	1.511	0.219	0.257	0.664	0.658	0.336	0.342	30
337	9193	47.37	-0.789999999999999	199.992	0.123	0.314	0.166	1.511	0.22	0.26	0.661	0.658	0.339	0.342	30
338	9194	47.37	-0.539999999999999	199.978	0.115	0.304	0.166	1.515	0.227	0.26	0.632	0.624	0.368	0.376	30
339	9195	47.37	-0.289999999999999	199.967	0.106	0.3	0.167	1.517	0.242	0.277	0.627	0.619	0.373	0.381	30
340	9196	47.37	-0.0399999999999991	199.974	0.105	0.296	0.16	1.514	0.227	0.264	0.591	0.586	0.409	0.414	30
341	9197	47.37	0.210000000000001	199.873	0.117	0.298	0.159	1.515	0.22	0.261	0.592	0.59	0.408	0.41	30
342	9198	47.37	0.460000000000001	199.862	0.118	0.301	0.164	1.52	0.218	0.26	0.609	0.605	0.391	0.395	30
343	9199	47.37	0.710000000000001	199.999	0.117	0.305	0.172	1.526	0.231	0.272	0.651	0.642	0.349	0.358	30
344	9200	47.37	0.960000000000001	199.999	0.123	0.306	0.173	1.529	0.231	0.274	0.662	0.653	0.338	0.348	30
345	9201	47.37	1.21	200	0.116	0.301	0.167	1.528	0.216	0.257	0.64	0.631	0.36	0.369	30
346	9202	47.37	1.46	200	0.104	0.286	0.152	1.528	0.194	0.23	0.564	0.553	0.436	0.447	30
347	9203	47.37	1.71	200	0.103	0.277	0.143	1.527	0.175	0.21	0.51	0.499	0.49	0.501	30
348	9204	47.37	1.96	199.995	0.11	0.277	0.139	1.522	0.162	0.195	0.482	0.471	0.519	0.529	30
349	9205	47.37	2.21	199.997	0.125	0.282	0.141	1.523	0.158	0.191	0.509	0.497	0.491	0.502	30
350	9206	47.37	2.46	200	0.149	0.309	0.171	1.532	0.215	0.257	0.672	0.661	0.328	0.339	30
351	9207	47.37	2.71	200	0.149	0.32	0.189	1.532	0.253	0.3	0.731	0.725	0.269	0.275	30
352	9208	47.37	2.96	200	0.134	0.318	0.19	1.533	0.264	0.31	0.728	0.722	0.272	0.278	30
353	9209	47.37	3.21	199.999	0.152	0.327	0.198	1.531	0.271	0.318	0.746	0.74	0.254	0.26	30
354	9210	47.37	3.46	199.995	0.158	0.333	0.202	1.526	0.274	0.324	0.74	0.738	0.26	0.263	30
355	9211	47.37	3.71	199.958	0.165	0.327	0.189	1.517	0.253	0.298	0.7	0.695	0.3	0.305	30
356	9212	47.37	3.96	199.952	0.186	0.316	0.161	1.499	0.202	0.232	0.617	0.604	0.383	0.396	30
357	9213	47.37	4.21	199.982	0.18	0.321	0.168	1.508	0.217	0.25	0.647	0.639	0.353	0.361	30
358	9214	47.37	4.46	199.926	0.176	0.334	0.195	1.511	0.272	0.315	0.735	0.73	0.265	0.271	30
359	9215	47.37	4.71	199.955	0.188	0.337	0.196	1.505	0.279	0.315	0.747	0.737	0.253	0.263	30
360	9216	47.37	4.96	199.99	0.168	0.333	0.192	1.515	0.268	0.299	0.718	0.71	0.282	0.29	30
361	9217	47.37	5.21	199.999	0.119	0.321	0.185	1.525	0.257	0.283	0.695	0.686	0.305	0.314	30
362	9218	47.37	5.46	200	0.104	0.309	0.171	1.522	0.234	0.257	0.655	0.639	0.345	0.361	30
363	9219	47.37	5.71	199.997	0.113	0.316	0.179	1.518	0.242	0.271	0.671	0.654	0.329	0.346	30
364	9220	47.37	5.96	199.993	0.127	0.327	0.19	1.506	0.26	0.298	0.7	0.682	0.3	0.318	30
365	9221	47.37	6.21	199.944	0.133	0.338	0.196	1.498	0.274	0.318	0.721	0.701	0.279	0.299	30
366	9222	47.37	6.46	199.775	0.138	0.345	0.196	1.484	0.28	0.326	0.726	0.705	0.274	0.295	30
367	9223	47.37	6.71	199.44	0.156	0.345	0.191	1.465	0.273	0.314	0.708	0.685	0.292	0.315	30
368	9224	47.37	6.96	198.983	0.173	0.341	0.183	1.453	0.256	0.292	0.686	0.661	0.314	0.339	30
369	9225	47.37	7.21	198.704	0.187	0.334	0.174	1.449	0.239	0.268	0.666	0.639	0.334	0.361	30
370	9226	47.37	7.46	198.791	0.185	0.33	0.17	1.459	0.236	0.263	0.653	0.628	0.347	0.372	30
371	9227	47.37	7.71	199.432	0.17	0.33	0.172	1.478	0.24	0.268	0.656	0.632	0.345	0.368	30
372	9228	47.37	7.96	199.513	0.153	0.327	0.168	1.489	0.237	0.263	0.645	0.622	0.355	0.378	30
373	9229	47.37	8.21	199.637	0.143	0.322	0.16	1.489	0.226	0.248	0.625	0.602	0.375	0.398	30
374	9230	47.37	8.46	199.138	0.143	0.318	0.155	1.476	0.218	0.238	0.614	0.59	0.386	0.41	30
375	9231	47.37	8.71	198.169	0.142	0.319	0.153	1.453	0.215	0.234	0.619	0.594	0.381	0.406	30
376	9232	47.37	8.96	195.264	0.163	0.33	0.158	1.417	0.225	0.243	0.637	0.612	0.362	0.388	30
377	9233	47.37	9.21	190.677	0.177	0.332	0.155	1.385	0.219	0.236	0.632	0.608	0.367	0.392	30
378	9234	47.37	9.46	189.607	0.187	0.335	0.153	1.397	0.214	0.229	0.617	0.594	0.383	0.406	30
379	9235	47.37	9.71	184.148	0.192	0.334	0.149	1.378	0.208	0.221	0.608	0.582	0.392	0.418	30
380	9236	47.37	9.96	165.34	0.236	0.33	0.143	1.304	0.192	0.201	0.593	0.562	0.407	0.438	30
381	9237	47.37	10.21	151.224	0.254	0.326	0.135	1.27	0.168	0.172	0.562	0.532	0.438	0.468	30
382	9238	47.37	10.46	142.663	0.275	0.326	0.134	1.252	0.16	0.164	0.542	0.513	0.458	0.487	30
383	9239	47.37	10.71	153.625	0.27	0.322	0.131	1.278	0.162	0.167	0.541	0.508	0.459	0.492	30
384	9240	47.37	10.96	155.831	0.269	0.32	0.129	1.285	0.157	0.163	0.532	0.498	0.468	0.501	30
385	9241	47.37	11.21	160.379	0.267	0.32	0.132	1.301	0.159	0.166	0.537	0.505	0.463	0.495	30
386	9242	47.37	11.46	154.485	0.274	0.32	0.13	1.288	0.153	0.159	0.532	0.502	0.468	0.498	30
387	9243	47.37	11.71	161.29	0.263	0.32	0.131	1.307	0.157	0.165	0.548	0.515	0.452	0.485	30
388	9244	47.37	11.96	162.46	0.252	0.319	0.13	1.314	0.155	0.162	0.549	0.514	0.451	0.486	30
389	9245	47.37	12.21	159.348	0.251	0.317	0.126	1.306	0.149	0.153	0.541	0.505	0.459	0.495	30
390	9246	47.37	12.46	163.242	0.249	0.316	0.124	1.312	0.145	0.148	0.539	0.503	0.461	0.497	30
391	9247	47.37	12.71	161.956	0.256	0.317	0.124	1.3	0.144	0.147	0.536	0.497	0.463	0.503	30
392	9248	47.37	12.96	158.337	0.254	0.319	0.127	1.291	0.147	0.15	0.535	0.498	0.465	0.502	30
393	9249	47.37	13.21	165.422	0.248	0.32	0.129	1.304	0.152	0.157	0.543	0.503	0.457	0.496	30
394	9250	47.37	13.46	161.594	0.252	0.32	0.129	1.276	0.146	0.151	0.537	0.498	0.463	0.501	30
395	9251	47.37	13.71	149.032	0.262	0.317	0.123	1.262	0.132	0.133	0.512	0.476	0.488	0.524	30
396	9252	47.37	13.96	157.292	0.261	0.312	0.119	1.282	0.129	0.128	0.514	0.474	0.486	0.526	30
397	9253	47.37	14.21	160.806	0.265	0.309	0.116	1.279	0.12	0.118	0.507	0.462	0.493	0.538	30
398	9254	47.37	14.46	168.911	0.269	0.309	0.117	1.29	0.121	0.12	0.508	0.462	0.492	0.538	30
399	9255	47.37	14.71	173.825	0.266	0.311	0.122	1.313	0.132	0.135	0.523	0.48	0.477	0.52	30
400	9256	47.37	14.96	184.012	0.254	0.31	0.127	1.344	0.144	0.15	0.535	0.49	0.465	0.51	30
401	9257	47.37	15.21	188.653	0.249	0.309	0.131	1.361	0.155	0.162	0.544	0.499	0.456	0.501	30
402	9258	47.37	15.46	193.527	0.238	0.314	0.138	1.372	0.173	0.185	0.57	0.529	0.43	0.471	30
403	9259	47.37	15.71	196.169	0.224	0.311	0.139	1.41	0.169	0.18	0.559	0.522	0.441	0.478	30
404	9260	47.37	15.96	197.597	0.191	0.301	0.142	1.469	0.173	0.188	0.563	0.533	0.437	0.467	30
405	9261	47.37	16.21	199.803	0.159	0.292	0.149	1.515	0.186	0.207	0.57	0.546	0.429	0.454	30
406	9262	47.37	16.46	199.972	0.122	0.291	0.161	1.529	0.215	0.238	0.588	0.566	0.412	0.434	30
407	9263	47.37	16.71	199.999	0.073	0.287	0.164	1.534	0.237	0.25	0.587	0.557	0.413	0.443	30
408	9264	47.37	16.96	200	0.055	0.27	0.148	1.533	0.221	0.221	0.521	0.483	0.479	0.517	30
409	9265	47.37	17.21	200	0.044	0.264	0.142	1.526	0.217	0.212	0.497	0.455	0.503	0.545	30
410	9266	47.37	17.46	200	0.046	0.263	0.143	1.526	0.21	0.208	0.49	0.45	0.51	0.55	30
411	9267	47.37	17.71	200	0.068	0.274	0.153	1.525	0.212	0.229	0.531	0.504	0.469	0.496	30
412	9268	47.37	17.96	200	0.075	0.279	0.159	1.525	0.219	0.237	0.547	0.525	0.453	0.475	30
413	9269	47.37	18.21	200	0.069	0.276	0.154	1.519	0.216	0.227	0.53	0.504	0.47	0.496	30
414	9270	47.37	18.46	200	0.062	0.276	0.153	1.513	0.216	0.223	0.534	0.505	0.466	0.495	30
415	9271	47.37	18.71	200	0.056	0.275	0.149	1.509	0.212	0.209	0.526	0.491	0.474	0.51	30
416	9272	47.37	18.96	199.999	0.054	0.268	0.144	1.508	0.21	0.204	0.508	0.473	0.492	0.527	30
417	9273	47.37	19.21	199.998	0.047	0.248	0.129	1.515	0.183	0.174	0.419	0.388	0.58	0.612	30
418	9274	47.37	19.46	200	0.053	0.251	0.132	1.516	0.181	0.181	0.414	0.39	0.586	0.61	30
419	9275	47.37	19.71	200	0.038	0.263	0.141	1.512	0.201	0.2	0.446	0.422	0.554	0.577	30
420	9276	47.37	19.96	200	0.028	0.299	0.173	1.503	0.286	0.281	0.578	0.549	0.422	0.451	30
421	9277	47.37	20.21	200	0.03	0.336	0.214	1.494	0.374	0.368	0.723	0.695	0.277	0.305	30
422	9278	47.37	20.46	200	0.032	0.322	0.203	1.496	0.35	0.347	0.701	0.675	0.299	0.325	30
423	9279	47.37	20.71	200	0.028	0.319	0.197	1.498	0.327	0.327	0.683	0.657	0.317	0.343	30
424	9280	47.37	20.96	200	0.028	0.329	0.203	1.498	0.324	0.33	0.695	0.674	0.305	0.326	30
425	9281	47.37	21.21	200	0.029	0.324	0.193	1.494	0.316	0.32	0.69	0.666	0.31	0.334	30
426	9282	47.37	21.46	200	0.025	0.304	0.173	1.497	0.283	0.28	0.621	0.592	0.379	0.408	30
427	9283	47.37	21.71	200	0.026	0.264	0.142	1.512	0.222	0.22	0.485	0.459	0.515	0.541	30
428	9284	47.37	21.96	200	0.026	0.259	0.14	1.521	0.212	0.216	0.496	0.475	0.504	0.525	30
429	9285	47.37	22.21	200	0.029	0.28	0.159	1.528	0.242	0.255	0.6	0.583	0.4	0.417	30
430	9286	47.37	22.46	200	0.045	0.294	0.173	1.532	0.257	0.279	0.641	0.628	0.359	0.372	30
431	9287	47.37	22.71	200	0.053	0.298	0.177	1.534	0.257	0.281	0.643	0.631	0.357	0.369	30
432	9288	47.37	22.96	199.999	0.058	0.304	0.18	1.526	0.261	0.285	0.663	0.652	0.338	0.348	30
433	9289	47.37	23.21	199.991	0.06	0.307	0.176	1.518	0.262	0.284	0.684	0.672	0.317	0.328	30
434	9290	47.37	23.46	199.982	0.072	0.309	0.169	1.513	0.252	0.274	0.688	0.675	0.312	0.325	30
435	9291	47.37	23.71	199.909	0.081	0.314	0.166	1.507	0.249	0.27	0.695	0.682	0.304	0.318	30
436	9292	47.37	23.96	199.626	0.096	0.316	0.163	1.498	0.244	0.261	0.693	0.677	0.307	0.323	30
437	9293	47.37	24.21	198.744	0.129	0.316	0.159	1.482	0.233	0.246	0.678	0.659	0.321	0.341	30
438	9294	47.37	24.46	197.264	0.157	0.317	0.154	1.462	0.221	0.233	0.662	0.639	0.338	0.36	30
439	9295	47.37	24.71	192.19	0.19	0.314	0.142	1.423	0.196	0.206	0.629	0.602	0.371	0.398	30
440	9296	47.37	24.96	190.113	0.21	0.31	0.129	1.384	0.165	0.171	0.578	0.544	0.422	0.456	30
441	9297	47.37	25.21	190.502	0.221	0.306	0.123	1.364	0.15	0.155	0.551	0.516	0.449	0.484	30
442	9298	47.37	25.46	190.411	0.242	0.308	0.124	1.354	0.153	0.158	0.547	0.511	0.453	0.489	30
443	9299	47.37	25.71	192.043	0.235	0.312	0.135	1.374	0.179	0.191	0.569	0.538	0.431	0.462	30
444	9300	47.37	25.96	196.478	0.186	0.32	0.157	1.425	0.217	0.238	0.621	0.598	0.379	0.402	30
445	9301	47.37	26.21	199.437	0.113	0.312	0.162	1.482	0.234	0.254	0.652	0.633	0.348	0.367	30
446	9302	47.37	26.46	199.987	0.072	0.306	0.164	1.505	0.243	0.26	0.673	0.656	0.327	0.344	30
447	9303	47.37	26.71	199.999	0.069	0.309	0.168	1.503	0.25	0.266	0.686	0.67	0.314	0.33	30
448	9304	47.37	26.96	200	0.061	0.325	0.193	1.477	0.291	0.305	0.747	0.735	0.253	0.265	30
449	9305	47.37	27.21	200	0.051	0.334	0.205	1.461	0.315	0.328	0.772	0.764	0.227	0.236	30
450	9306	47.37	27.46	200	0.043	0.328	0.198	1.461	0.309	0.32	0.755	0.746	0.244	0.254	30
451	9307	47.37	27.71	200	0.048	0.328	0.197	1.455	0.309	0.32	0.762	0.752	0.238	0.248	30
452	9308	47.37	27.96	200	0.064	0.327	0.196	1.459	0.299	0.31	0.749	0.738	0.251	0.262	30
453	9309	47.37	28.21	200	0.075	0.319	0.185	1.471	0.279	0.292	0.716	0.702	0.284	0.298	30
454	9310	47.37	28.46	200	0.067	0.321	0.187	1.467	0.279	0.292	0.716	0.702	0.284	0.298	30
455	9311	47.37	28.71	200	0.062	0.33	0.195	1.457	0.291	0.303	0.737	0.725	0.263	0.275	30
456	9312	47.37	28.96	200	0.066	0.334	0.2	1.447	0.299	0.308	0.761	0.751	0.239	0.249	30
457	9313	47.37	29.21	200	0.06	0.333	0.201	1.447	0.305	0.313	0.767	0.758	0.233	0.242	30
458	9314	47.37	29.46	200	0.064	0.339	0.207	1.445	0.314	0.322	0.787	0.779	0.213	0.22	30
459	9315	47.37	29.71	200	0.07	0.338	0.204	1.448	0.305	0.312	0.764	0.756	0.236	0.244	30
460	9316	47.37	29.96	200	0.068	0.341	0.207	1.439	0.31	0.316	0.776	0.77	0.224	0.231	30
461	9317	47.37	30.21	200	0.063	0.342	0.206	1.434	0.312	0.32	0.777	0.771	0.223	0.229	30
462	9318	47.37	30.46	200	0.058	0.343	0.206	1.434	0.309	0.318	0.767	0.762	0.233	0.238	30
463	9319	47.37	30.71	200	0.048	0.344	0.205	1.436	0.314	0.323	0.773	0.768	0.227	0.231	30
464	9320	47.37	30.96	200	0.047	0.347	0.205	1.433	0.321	0.33	0.779	0.776	0.221	0.224	30
465	9321	47.37	31.21	200	0.047	0.349	0.205	1.432	0.32	0.329	0.781	0.776	0.219	0.223	30
466	9322	47.37	31.46	200	0.048	0.349	0.204	1.436	0.311	0.32	0.772	0.767	0.228	0.233	30
467	9323	47.37	31.71	200	0.051	0.347	0.203	1.442	0.303	0.312	0.761	0.757	0.239	0.243	30
468	9324	47.37	31.96	200	0.048	0.352	0.208	1.436	0.308	0.318	0.766	0.764	0.234	0.236	30
469	9325	47.37	32.21	200	0.044	0.35	0.21	1.448	0.308	0.318	0.769	0.768	0.231	0.232	30
470	9326	47.37	32.46	200	0.032	0.354	0.214	1.443	0.32	0.33	0.778	0.777	0.222	0.223	30
471	9327	47.37	32.71	200	0.03	0.355	0.215	1.436	0.322	0.333	0.782	0.78	0.218	0.219	30
472	9328	47.37	32.96	200	0.037	0.351	0.213	1.452	0.31	0.32	0.769	0.769	0.23	0.231	30
473	9329	47.37	33.21	199.999	0.038	0.349	0.213	1.459	0.306	0.317	0.767	0.765	0.233	0.235	30
474	9330	47.37	33.46	200	0.035	0.35	0.214	1.465	0.313	0.326	0.777	0.774	0.223	0.226	30
475	9331	47.37	33.71	199.998	0.037	0.349	0.209	1.465	0.313	0.326	0.77	0.77	0.23	0.23	30
476	9332	47.37	33.96	199.922	0.048	0.335	0.184	1.479	0.286	0.299	0.741	0.737	0.259	0.263	30
477	9333	47.37	34.21	199.925	0.037	0.333	0.186	1.483	0.288	0.3	0.75	0.744	0.25	0.256	30
478	9334	47.37	34.46	199.954	0.027	0.338	0.198	1.48	0.301	0.313	0.772	0.768	0.228	0.232	30
479	9335	47.37	34.71	199.984	0.024	0.34	0.199	1.471	0.301	0.313	0.774	0.77	0.226	0.23	30
480	9336	47.12	-1.79	199.987	0.102	0.306	0.153	1.496	0.213	0.236	0.59	0.577	0.41	0.424	30
481	9337	47.12	-1.54	199.985	0.107	0.298	0.152	1.505	0.201	0.227	0.575	0.565	0.425	0.435	30
482	9338	47.12	-1.29	199.996	0.122	0.304	0.159	1.51	0.201	0.24	0.616	0.611	0.384	0.389	30
483	9339	47.12	-1.04	199.996	0.131	0.313	0.163	1.51	0.208	0.256	0.651	0.654	0.349	0.347	30
484	9340	47.12	-0.789999999999999	199.998	0.131	0.315	0.167	1.514	0.211	0.262	0.662	0.666	0.338	0.335	30
485	9341	47.12	-0.539999999999999	199.994	0.13	0.315	0.17	1.517	0.219	0.266	0.664	0.666	0.336	0.334	30
486	9342	47.12	-0.289999999999999	199.99	0.122	0.311	0.175	1.522	0.241	0.282	0.656	0.654	0.344	0.346	30
487	9343	47.12	-0.0399999999999991	199.971	0.117	0.309	0.177	1.517	0.253	0.29	0.643	0.638	0.357	0.362	30
488	9344	47.12	0.210000000000001	199.895	0.124	0.308	0.176	1.517	0.246	0.285	0.642	0.637	0.358	0.363	30
489	9345	47.12	0.460000000000001	199.834	0.125	0.308	0.175	1.52	0.239	0.281	0.654	0.649	0.346	0.351	30
490	9346	47.12	0.710000000000001	199.983	0.123	0.309	0.176	1.526	0.24	0.284	0.678	0.671	0.322	0.329	30
491	9347	47.12	0.960000000000001	199.964	0.128	0.312	0.179	1.527	0.239	0.285	0.687	0.682	0.313	0.318	30
492	9348	47.12	1.21	199.995	0.125	0.313	0.175	1.529	0.227	0.275	0.686	0.682	0.314	0.318	30
493	9349	47.12	1.46	199.996	0.124	0.311	0.178	1.534	0.237	0.286	0.694	0.692	0.306	0.309	30
494	9350	47.12	1.71	199.998	0.127	0.316	0.189	1.534	0.258	0.308	0.708	0.706	0.292	0.294	30
495	9351	47.12	1.96	199.995	0.129	0.319	0.192	1.532	0.26	0.303	0.697	0.693	0.303	0.307	30
496	9352	47.12	2.21	199.999	0.129	0.313	0.185	1.532	0.246	0.29	0.666	0.661	0.334	0.339	30
497	9353	47.12	2.46	200	0.139	0.323	0.198	1.535	0.27	0.319	0.721	0.72	0.279	0.28	30
498	9354	47.12	2.71	200	0.138	0.331	0.209	1.54	0.293	0.34	0.754	0.752	0.246	0.248	30
499	9355	47.12	2.96	200	0.125	0.318	0.19	1.536	0.265	0.306	0.695	0.688	0.305	0.312	30
500	9356	47.12	3.21	199.997	0.15	0.32	0.187	1.524	0.253	0.296	0.689	0.681	0.31	0.319	30
501	9357	47.12	3.46	199.984	0.155	0.329	0.192	1.521	0.261	0.309	0.715	0.71	0.285	0.29	30
502	9358	47.12	3.71	199.824	0.155	0.325	0.182	1.512	0.238	0.282	0.672	0.667	0.328	0.333	30
503	9359	47.12	3.96	199.677	0.197	0.31	0.146	1.466	0.176	0.198	0.563	0.545	0.437	0.455	30
504	9360	47.12	4.21	199.91	0.195	0.314	0.15	1.488	0.189	0.212	0.589	0.576	0.411	0.424	30
505	9361	47.12	4.46	199.931	0.166	0.326	0.176	1.508	0.239	0.278	0.672	0.667	0.328	0.333	30
506	9362	47.12	4.71	199.964	0.171	0.331	0.188	1.503	0.261	0.299	0.701	0.692	0.299	0.308	30
507	9363	47.12	4.96	199.996	0.126	0.316	0.175	1.521	0.24	0.267	0.666	0.655	0.334	0.345	30
508	9364	47.12	5.21	200	0.082	0.303	0.166	1.529	0.225	0.246	0.643	0.626	0.357	0.374	30
509	9365	47.12	5.46	199.999	0.088	0.303	0.165	1.521	0.218	0.244	0.635	0.615	0.365	0.385	30
510	9366	47.12	5.71	199.978	0.112	0.317	0.175	1.51	0.234	0.268	0.666	0.645	0.334	0.355	30
511	9367	47.12	5.96	199.76	0.141	0.34	0.195	1.485	0.273	0.318	0.706	0.686	0.294	0.314	30
512	9368	47.12	6.21	199.36	0.149	0.35	0.196	1.462	0.288	0.335	0.723	0.701	0.277	0.299	30
513	9369	47.12	6.46	197.765	0.172	0.353	0.19	1.418	0.282	0.323	0.709	0.685	0.291	0.315	30
514	9370	47.12	6.71	196.551	0.197	0.348	0.18	1.39	0.253	0.286	0.667	0.642	0.333	0.358	30
515	9371	47.12	6.96	196.765	0.19	0.339	0.169	1.403	0.235	0.262	0.644	0.62	0.356	0.38	30
516	9372	47.12	7.21	197.689	0.168	0.327	0.16	1.443	0.224	0.245	0.634	0.609	0.366	0.391	30
517	9373	47.12	7.46	198.802	0.148	0.32	0.156	1.475	0.216	0.232	0.628	0.602	0.372	0.398	30
518	9374	47.12	7.71	198.269	0.149	0.325	0.157	1.47	0.225	0.242	0.637	0.612	0.363	0.388	30
519	9375	47.12	7.96	195.941	0.161	0.329	0.158	1.452	0.226	0.243	0.632	0.607	0.368	0.393	30
520	9376	47.12	8.21	194.849	0.157	0.329	0.157	1.446	0.217	0.235	0.621	0.598	0.379	0.402	30
521	9377	47.12	8.46	189.463	0.167	0.329	0.152	1.405	0.213	0.229	0.615	0.592	0.384	0.408	30
522	9378	47.12	8.71	178.752	0.192	0.332	0.149	1.33	0.21	0.223	0.615	0.59	0.385	0.41	30
523	9379	47.12	8.96	167.244	0.218	0.332	0.146	1.296	0.199	0.209	0.6	0.574	0.4	0.426	30
524	9380	47.12	9.21	155.624	0.24	0.329	0.139	1.259	0.187	0.194	0.585	0.558	0.415	0.442	30
525	9381	47.12	9.46	165.482	0.224	0.332	0.145	1.32	0.193	0.203	0.584	0.558	0.416	0.442	30
526	9382	47.12	9.71	152.307	0.242	0.328	0.137	1.283	0.179	0.185	0.564	0.534	0.436	0.465	30
527	9383	47.12	9.96	129.501	0.268	0.32	0.124	1.215	0.154	0.155	0.532	0.503	0.468	0.497	30
528	9384	47.12	10.21	98.491	0.281	0.318	0.117	1.158	0.132	0.13	0.504	0.48	0.496	0.52	30
529	9385	47.12	10.46	113.926	0.283	0.315	0.118	1.218	0.133	0.13	0.498	0.469	0.502	0.531	30
530	9386	47.12	10.71	126.145	0.278	0.31	0.114	1.252	0.131	0.129	0.496	0.463	0.504	0.537	30
531	9387	47.12	10.96	108.902	0.287	0.309	0.11	1.209	0.121	0.118	0.481	0.452	0.519	0.548	30
532	9388	47.12	11.21	115.598	0.284	0.312	0.113	1.222	0.126	0.125	0.492	0.463	0.508	0.537	30
533	9389	47.12	11.46	139.421	0.269	0.311	0.117	1.274	0.133	0.133	0.502	0.47	0.498	0.53	30
534	9390	47.12	11.71	115.394	0.285	0.312	0.113	1.209	0.119	0.117	0.487	0.456	0.513	0.544	30
535	9391	47.12	11.96	114.833	0.286	0.31	0.11	1.212	0.109	0.107	0.475	0.443	0.525	0.557	30
536	9392	47.12	12.21	97.604	0.286	0.311	0.108	1.173	0.102	0.098	0.463	0.436	0.537	0.564	30
537	9393	47.12	12.46	111.123	0.282	0.311	0.11	1.21	0.108	0.104	0.473	0.443	0.527	0.557	30
538	9394	47.12	12.71	112.152	0.281	0.311	0.11	1.209	0.109	0.105	0.478	0.446	0.522	0.554	30
539	9395	47.12	12.96	127.769	0.273	0.311	0.111	1.236	0.114	0.111	0.484	0.448	0.516	0.552	30
540	9396	47.12	13.21	130.676	0.267	0.309	0.109	1.232	0.108	0.104	0.474	0.435	0.526	0.564	30
541	9397	47.12	13.46	130.841	0.268	0.31	0.112	1.229	0.11	0.108	0.48	0.443	0.52	0.557	30
542	9398	47.12	13.71	148.715	0.259	0.307	0.113	1.271	0.117	0.114	0.49	0.45	0.51	0.55	30
543	9399	47.12	13.96	158.243	0.261	0.304	0.112	1.28	0.117	0.114	0.492	0.446	0.508	0.554	30
544	9400	47.12	14.21	174.294	0.247	0.307	0.119	1.318	0.132	0.134	0.511	0.464	0.489	0.535	30
545	9401	47.12	14.46	180.283	0.239	0.306	0.122	1.337	0.137	0.141	0.518	0.472	0.482	0.528	30
546	9402	47.12	14.71	182.004	0.238	0.304	0.122	1.354	0.141	0.144	0.525	0.48	0.475	0.52	30
547	9403	47.12	14.96	185.485	0.241	0.307	0.127	1.359	0.147	0.153	0.53	0.485	0.47	0.515	30
548	9404	47.12	15.21	194.065	0.209	0.312	0.148	1.43	0.184	0.201	0.576	0.543	0.424	0.457	30
549	9405	47.12	15.46	198.422	0.167	0.31	0.158	1.479	0.204	0.225	0.607	0.579	0.393	0.421	30
550	9406	47.12	15.71	199.604	0.141	0.306	0.157	1.507	0.204	0.227	0.609	0.583	0.391	0.416	30
551	9407	47.12	15.96	199.946	0.113	0.299	0.157	1.522	0.207	0.231	0.612	0.589	0.388	0.411	30
552	9408	47.12	16.21	199.997	0.096	0.291	0.159	1.529	0.212	0.238	0.6	0.578	0.4	0.422	30
553	9409	47.12	16.46	199.993	0.082	0.285	0.16	1.533	0.221	0.243	0.583	0.56	0.416	0.44	30
554	9410	47.12	16.71	200	0.06	0.28	0.157	1.539	0.224	0.236	0.561	0.532	0.439	0.468	30
555	9411	47.12	16.96	200	0.055	0.269	0.147	1.536	0.211	0.219	0.52	0.49	0.48	0.51	30
556	9412	47.12	17.21	200	0.044	0.259	0.139	1.533	0.198	0.201	0.474	0.442	0.526	0.558	30
557	9413	47.12	17.46	200	0.055	0.27	0.15	1.528	0.208	0.222	0.507	0.481	0.493	0.519	30
558	9414	47.12	17.71	200	0.079	0.291	0.168	1.52	0.231	0.261	0.582	0.564	0.418	0.436	30
559	9415	47.12	17.96	200	0.084	0.297	0.171	1.516	0.234	0.259	0.582	0.567	0.418	0.433	30
560	9416	47.12	18.21	200	0.06	0.287	0.157	1.514	0.224	0.225	0.54	0.51	0.46	0.49	30
561	9417	47.12	18.46	200	0.043	0.271	0.141	1.511	0.205	0.197	0.484	0.447	0.516	0.553	30
562	9418	47.12	18.71	200	0.035	0.268	0.141	1.508	0.203	0.193	0.491	0.449	0.509	0.552	30
563	9419	47.12	18.96	200	0.03	0.259	0.135	1.516	0.204	0.187	0.496	0.448	0.504	0.552	30
564	9420	47.12	19.21	200	0.03	0.242	0.124	1.522	0.184	0.171	0.415	0.375	0.585	0.625	30
565	9421	47.12	19.46	200	0.037	0.221	0.11	1.522	0.133	0.132	0.28	0.259	0.72	0.741	30
566	9422	47.12	19.71	200	0.033	0.234	0.12	1.518	0.159	0.158	0.346	0.324	0.654	0.676	30
567	9423	47.12	19.96	200	0.025	0.273	0.152	1.503	0.241	0.237	0.507	0.48	0.493	0.52	30
568	9424	47.12	20.21	200	0.03	0.319	0.198	1.488	0.337	0.334	0.683	0.655	0.317	0.345	30
569	9425	47.12	20.46	200	0.031	0.336	0.215	1.485	0.363	0.364	0.739	0.714	0.261	0.286	30
570	9426	47.12	20.71	200	0.029	0.338	0.217	1.492	0.362	0.365	0.742	0.718	0.259	0.282	30
571	9427	47.12	20.96	200	0.028	0.344	0.224	1.497	0.367	0.374	0.755	0.733	0.246	0.267	30
572	9428	47.12	21.21	200	0.026	0.337	0.213	1.5	0.351	0.357	0.729	0.708	0.271	0.292	30
573	9429	47.12	21.46	200	0.025	0.321	0.197	1.505	0.318	0.32	0.677	0.652	0.323	0.348	30
574	9430	47.12	21.71	200	0.024	0.296	0.173	1.512	0.281	0.279	0.634	0.606	0.366	0.394	30
575	9431	47.12	21.96	200	0.029	0.289	0.168	1.526	0.258	0.272	0.633	0.617	0.368	0.383	30
576	9432	47.12	22.21	199.999	0.047	0.293	0.17	1.529	0.249	0.275	0.629	0.619	0.371	0.381	30
577	9433	47.12	22.46	199.989	0.078	0.303	0.173	1.521	0.241	0.272	0.628	0.616	0.372	0.384	30
578	9434	47.12	22.71	199.974	0.09	0.306	0.176	1.523	0.242	0.271	0.633	0.621	0.367	0.379	30
579	9435	47.12	22.96	199.99	0.086	0.308	0.179	1.521	0.251	0.278	0.659	0.648	0.341	0.353	30
580	9436	47.12	23.21	199.999	0.076	0.31	0.179	1.516	0.26	0.286	0.684	0.674	0.316	0.326	30
581	9437	47.12	23.46	199.999	0.074	0.311	0.171	1.516	0.262	0.286	0.703	0.693	0.297	0.308	30
582	9438	47.12	23.71	199.993	0.071	0.315	0.174	1.512	0.27	0.291	0.715	0.705	0.285	0.295	30
583	9439	47.12	23.96	199.97	0.072	0.315	0.175	1.51	0.273	0.291	0.718	0.708	0.282	0.292	30
584	9440	47.12	24.21	199.983	0.077	0.318	0.177	1.503	0.278	0.293	0.718	0.708	0.282	0.292	30
585	9441	47.12	24.46	199.906	0.086	0.317	0.175	1.498	0.272	0.287	0.709	0.697	0.291	0.303	30
586	9442	47.12	24.71	197.458	0.132	0.315	0.158	1.463	0.229	0.242	0.668	0.649	0.331	0.351	30
587	9443	47.12	24.96	191.796	0.205	0.312	0.131	1.372	0.167	0.173	0.584	0.551	0.416	0.449	30
588	9444	47.12	25.21	188.602	0.232	0.308	0.122	1.338	0.148	0.152	0.548	0.512	0.452	0.488	30
589	9445	47.12	25.46	190.769	0.234	0.308	0.123	1.344	0.152	0.157	0.545	0.511	0.455	0.489	30
590	9446	47.12	25.71	189.498	0.252	0.309	0.125	1.343	0.164	0.17	0.55	0.515	0.451	0.485	30
591	9447	47.12	25.96	194.595	0.226	0.319	0.147	1.4	0.2	0.219	0.601	0.575	0.399	0.425	30
592	9448	47.12	26.21	198.145	0.169	0.319	0.16	1.451	0.229	0.249	0.639	0.618	0.36	0.382	30
593	9449	47.12	26.46	199.891	0.083	0.309	0.167	1.497	0.248	0.267	0.679	0.663	0.321	0.337	30
594	9450	47.12	26.71	200	0.062	0.309	0.173	1.497	0.259	0.273	0.703	0.686	0.297	0.314	30
595	9451	47.12	26.96	199.999	0.058	0.317	0.184	1.487	0.277	0.29	0.726	0.711	0.274	0.289	30
596	9452	47.12	27.21	199.998	0.059	0.321	0.19	1.483	0.291	0.308	0.738	0.728	0.262	0.272	30
597	9453	47.12	27.46	199.998	0.056	0.321	0.192	1.478	0.293	0.309	0.739	0.728	0.261	0.272	30
598	9454	47.12	27.71	199.999	0.054	0.319	0.188	1.474	0.291	0.304	0.731	0.719	0.269	0.281	30
599	9455	47.12	27.96	200	0.058	0.322	0.19	1.461	0.293	0.303	0.733	0.721	0.267	0.279	30
600	9456	47.12	28.21	200	0.076	0.318	0.184	1.467	0.273	0.285	0.707	0.693	0.293	0.307	30
601	9457	47.12	28.46	200	0.079	0.318	0.183	1.47	0.268	0.282	0.699	0.685	0.301	0.315	30
602	9458	47.12	28.71	200	0.072	0.324	0.193	1.464	0.281	0.292	0.719	0.706	0.281	0.294	30
603	9459	47.12	28.96	200	0.065	0.332	0.206	1.452	0.296	0.305	0.747	0.737	0.254	0.264	30
604	9460	47.12	29.21	200	0.054	0.331	0.203	1.454	0.299	0.305	0.748	0.739	0.252	0.261	30
605	9461	47.12	29.46	200	0.055	0.337	0.209	1.451	0.314	0.322	0.781	0.774	0.219	0.226	30
606	9462	47.12	29.71	200	0.064	0.34	0.209	1.451	0.313	0.322	0.78	0.774	0.22	0.226	30
607	9463	47.12	29.96	200	0.062	0.341	0.209	1.446	0.312	0.32	0.78	0.775	0.22	0.225	30
608	9464	47.12	30.21	200	0.06	0.342	0.207	1.442	0.31	0.321	0.776	0.772	0.224	0.228	30
609	9465	47.12	30.46	199.999	0.055	0.345	0.206	1.436	0.311	0.322	0.767	0.763	0.233	0.237	30
610	9466	47.12	30.71	200	0.048	0.348	0.207	1.44	0.319	0.329	0.772	0.769	0.228	0.231	30
611	9467	47.12	30.96	200	0.047	0.346	0.206	1.444	0.319	0.328	0.774	0.77	0.226	0.229	30
612	9468	47.12	31.21	200	0.041	0.349	0.209	1.439	0.322	0.331	0.78	0.776	0.22	0.224	30
613	9469	47.12	31.46	200	0.039	0.35	0.209	1.446	0.318	0.327	0.775	0.772	0.225	0.228	30
614	9470	47.12	31.71	200	0.04	0.347	0.206	1.458	0.31	0.319	0.77	0.768	0.23	0.232	30
615	9471	47.12	31.96	200	0.045	0.345	0.204	1.463	0.311	0.321	0.774	0.771	0.226	0.229	30
616	9472	47.12	32.21	200	0.035	0.35	0.213	1.461	0.316	0.326	0.782	0.779	0.218	0.221	30
617	9473	47.12	32.46	200	0.022	0.353	0.22	1.458	0.326	0.335	0.793	0.79	0.207	0.21	30
618	9474	47.12	32.71	200	0.024	0.351	0.218	1.458	0.325	0.335	0.788	0.786	0.212	0.214	30
619	9475	47.12	32.96	200	0.033	0.346	0.216	1.471	0.315	0.324	0.774	0.773	0.226	0.227	30
620	9476	47.12	33.21	200	0.029	0.345	0.217	1.478	0.311	0.321	0.771	0.767	0.229	0.232	30
621	9477	47.12	33.46	199.999	0.027	0.341	0.209	1.484	0.305	0.316	0.765	0.762	0.235	0.238	30
622	9478	47.12	33.71	199.987	0.041	0.329	0.191	1.488	0.285	0.297	0.73	0.727	0.27	0.273	30
623	9479	47.12	33.96	199.971	0.036	0.336	0.195	1.483	0.286	0.3	0.731	0.729	0.269	0.271	30
624	9480	47.12	34.21	199.996	0.022	0.349	0.212	1.472	0.311	0.325	0.771	0.769	0.229	0.231	30
625	9481	47.12	34.46	200	0.021	0.35	0.217	1.471	0.318	0.329	0.786	0.782	0.214	0.218	30
626	9482	47.12	34.71	200	0.021	0.351	0.221	1.464	0.316	0.327	0.79	0.786	0.21	0.214	30
627	9483	46.87	-2.04	199.982	0.085	0.314	0.159	1.503	0.243	0.25	0.619	0.599	0.382	0.401	30
628	9484	46.87	-1.79	199.997	0.101	0.304	0.154	1.506	0.21	0.237	0.598	0.589	0.402	0.411	30
629	9485	46.87	-1.54	199.997	0.115	0.305	0.155	1.51	0.196	0.233	0.609	0.605	0.391	0.395	30
630	9486	46.87	-1.29	199.995	0.125	0.31	0.163	1.512	0.203	0.244	0.644	0.641	0.356	0.36	30
631	9487	46.87	-1.04	199.999	0.134	0.314	0.166	1.51	0.21	0.257	0.648	0.65	0.352	0.35	30
632	9488	46.87	-0.789999999999999	199.999	0.134	0.315	0.167	1.511	0.209	0.258	0.643	0.647	0.357	0.353	30
633	9489	46.87	-0.539999999999999	200	0.133	0.315	0.168	1.515	0.208	0.259	0.638	0.641	0.362	0.359	30
634	9490	46.87	-0.289999999999999	199.999	0.133	0.315	0.175	1.52	0.227	0.275	0.651	0.653	0.349	0.347	30
635	9491	46.87	-0.0399999999999991	199.993	0.137	0.321	0.193	1.521	0.275	0.32	0.713	0.713	0.287	0.287	30
636	9492	46.87	0.210000000000001	199.996	0.132	0.318	0.192	1.519	0.273	0.322	0.7	0.702	0.299	0.298	30
637	9493	46.87	0.460000000000001	199.959	0.127	0.311	0.181	1.52	0.251	0.299	0.665	0.665	0.335	0.335	30
638	9494	46.87	0.710000000000001	199.924	0.132	0.31	0.179	1.523	0.245	0.297	0.662	0.662	0.338	0.338	30
639	9495	46.87	0.960000000000001	199.917	0.13	0.314	0.18	1.526	0.245	0.299	0.676	0.677	0.324	0.323	30
640	9496	46.87	1.21	199.989	0.122	0.317	0.18	1.527	0.246	0.304	0.663	0.669	0.337	0.331	30
641	9497	46.87	1.46	199.987	0.126	0.32	0.189	1.531	0.257	0.315	0.69	0.697	0.31	0.303	30
642	9498	46.87	1.71	199.999	0.134	0.328	0.203	1.535	0.276	0.327	0.737	0.739	0.263	0.261	30
643	9499	46.87	1.96	199.999	0.134	0.329	0.204	1.538	0.277	0.326	0.731	0.733	0.269	0.267	30
644	9500	46.87	2.21	200	0.129	0.324	0.199	1.541	0.268	0.32	0.698	0.701	0.302	0.299	30
645	9501	46.87	2.46	199.999	0.13	0.326	0.202	1.542	0.277	0.328	0.701	0.704	0.298	0.297	30
646	9502	46.87	2.71	200	0.131	0.327	0.2	1.541	0.278	0.326	0.702	0.702	0.298	0.298	30
647	9503	46.87	2.96	200	0.119	0.312	0.178	1.54	0.24	0.281	0.629	0.626	0.371	0.374	30
648	9504	46.87	3.21	199.999	0.123	0.309	0.173	1.532	0.229	0.269	0.614	0.609	0.386	0.391	30
649	9505	46.87	3.46	199.991	0.126	0.312	0.174	1.528	0.229	0.272	0.633	0.629	0.367	0.371	30
650	9506	46.87	3.71	199.901	0.131	0.314	0.171	1.512	0.224	0.265	0.619	0.617	0.381	0.383	30
651	9507	46.87	3.96	199.845	0.171	0.312	0.158	1.483	0.204	0.239	0.579	0.574	0.421	0.426	30
652	9508	46.87	4.21	199.958	0.17	0.31	0.155	1.5	0.201	0.236	0.578	0.573	0.422	0.427	30
653	9509	46.87	4.46	199.984	0.157	0.314	0.163	1.51	0.214	0.251	0.613	0.609	0.387	0.391	30
654	9510	46.87	4.71	199.985	0.134	0.314	0.175	1.518	0.238	0.275	0.651	0.645	0.349	0.355	30
655	9511	46.87	4.96	199.999	0.081	0.299	0.16	1.531	0.21	0.236	0.621	0.607	0.379	0.393	30
656	9512	46.87	5.21	200	0.066	0.3	0.159	1.533	0.206	0.231	0.628	0.611	0.372	0.389	30
657	9513	46.87	5.46	199.994	0.084	0.309	0.168	1.517	0.215	0.248	0.643	0.625	0.357	0.375	30
658	9514	46.87	5.71	199.889	0.119	0.335	0.188	1.488	0.253	0.297	0.687	0.667	0.313	0.333	30
659	9515	46.87	5.96	198.614	0.155	0.35	0.189	1.437	0.275	0.317	0.698	0.672	0.302	0.329	30
660	9516	46.87	6.21	195.975	0.174	0.347	0.177	1.403	0.257	0.289	0.677	0.646	0.323	0.354	30
661	9517	46.87	6.46	193.141	0.195	0.34	0.168	1.384	0.234	0.259	0.644	0.616	0.356	0.384	30
662	9518	46.87	6.71	195.496	0.174	0.329	0.159	1.425	0.223	0.243	0.632	0.609	0.368	0.391	30
663	9519	46.87	6.96	198.624	0.137	0.319	0.153	1.478	0.215	0.232	0.633	0.611	0.367	0.389	30
664	9520	46.87	7.21	196.588	0.14	0.319	0.153	1.475	0.214	0.23	0.627	0.604	0.373	0.396	30
665	9521	46.87	7.46	193.973	0.161	0.323	0.153	1.454	0.212	0.226	0.616	0.592	0.383	0.408	30
666	9522	46.87	7.71	190.152	0.187	0.328	0.152	1.413	0.213	0.226	0.621	0.593	0.379	0.407	30
667	9523	46.87	7.96	173.804	0.222	0.33	0.145	1.345	0.196	0.205	0.599	0.568	0.401	0.432	30
668	9524	46.87	8.21	159.083	0.228	0.331	0.145	1.32	0.187	0.196	0.583	0.555	0.417	0.445	30
669	9525	46.87	8.46	132.534	0.248	0.326	0.132	1.241	0.167	0.172	0.551	0.527	0.449	0.473	30
670	9526	46.87	8.71	122.97	0.261	0.324	0.126	1.191	0.157	0.16	0.536	0.511	0.464	0.489	30
671	9527	46.87	8.96	112.726	0.268	0.321	0.121	1.168	0.146	0.147	0.522	0.497	0.478	0.503	30
672	9528	46.87	9.21	126.735	0.261	0.322	0.125	1.224	0.153	0.154	0.533	0.508	0.467	0.492	30
673	9529	46.87	9.46	144.567	0.239	0.324	0.132	1.287	0.166	0.172	0.546	0.521	0.454	0.479	30
674	9530	46.87	9.71	127.799	0.253	0.319	0.124	1.241	0.151	0.153	0.531	0.504	0.469	0.496	30
675	9531	46.87	9.96	93.333	0.282	0.312	0.11	1.158	0.123	0.12	0.49	0.466	0.51	0.534	30
676	9532	46.87	10.21	86.679	0.291	0.311	0.11	1.168	0.122	0.119	0.482	0.46	0.518	0.54	30
677	9533	46.87	10.46	107.699	0.287	0.309	0.113	1.239	0.124	0.12	0.484	0.455	0.517	0.545	30
678	9534	46.87	10.71	89.962	0.295	0.308	0.108	1.188	0.113	0.108	0.467	0.443	0.533	0.557	30
679	9535	46.87	10.96	84.413	0.296	0.309	0.108	1.176	0.111	0.106	0.466	0.443	0.534	0.557	30
680	9536	46.87	11.21	108.054	0.288	0.308	0.109	1.227	0.114	0.11	0.475	0.445	0.525	0.555	30
681	9537	46.87	11.46	130.579	0.28	0.305	0.11	1.281	0.114	0.111	0.477	0.441	0.523	0.559	30
