# Command file for Castanea
# Generated on Rstudio by user vandermeersch, on the 2023-06-23

# The filenames below are relative to the folder containing this command file
castaneaFileName	=	CastaneaSpecies_08_2021.txt
inventoryFileName	=	C:/Users/vandermeersch/Documents/CEFE/phd/hindcasting/simulation/castanea/run/inventory.txt

climateBaseName	=	D:/climate/HadCM3B_60Kyr_Climate/2023_dataset/castanea_format/025deg/5500BP/
climateExtension	=	.txt
simulationName	=	ind1_


#	siteId	gridName	latitude	longitude	soilHeight	stone	wfc	wilt	bulk	SOLCLAYtop	SOLCLAYsol	SOLFINtop	SOLFINsol	SOLSANDtop	SOLSANDsol	numberOfYears
1	11396	42.37	2.96	195.449	0.162	0.321	0.184	1.503	0.237	0.288	0.605	0.623	0.395	0.377	30
2	11397	42.37	8.96	179.851	0.255	0.329	0.163	1.418	0.204	0.233	0.537	0.54	0.463	0.461	30
3	11398	42.37	9.21	187.471	0.218	0.33	0.179	1.449	0.229	0.272	0.567	0.577	0.434	0.423	30
4	11399	42.37	9.46	194.179	0.18	0.332	0.184	1.459	0.233	0.278	0.575	0.586	0.425	0.414	30
5	11400	42.37	11.21	199.725	0.127	0.33	0.204	1.503	0.301	0.348	0.667	0.681	0.334	0.319	30
6	11401	42.37	11.46	199.966	0.115	0.33	0.204	1.507	0.3	0.343	0.661	0.674	0.34	0.326	30
7	11402	42.37	11.71	199.987	0.115	0.331	0.209	1.513	0.311	0.357	0.691	0.705	0.309	0.295	30
8	11403	42.37	11.96	199.923	0.122	0.334	0.207	1.506	0.306	0.361	0.692	0.71	0.308	0.291	30
9	11404	42.37	12.21	199.848	0.122	0.336	0.204	1.491	0.296	0.351	0.677	0.694	0.323	0.306	30
10	11405	42.37	12.46	199.944	0.117	0.339	0.211	1.501	0.307	0.356	0.697	0.709	0.303	0.291	30
11	11406	42.37	12.71	199.729	0.146	0.339	0.207	1.483	0.3	0.349	0.682	0.692	0.318	0.308	30
12	11407	42.37	12.96	198.156	0.176	0.334	0.193	1.453	0.277	0.317	0.652	0.655	0.348	0.345	30
13	11408	42.37	13.21	197.096	0.19	0.331	0.186	1.434	0.272	0.304	0.646	0.645	0.354	0.355	30
14	11409	42.37	13.46	192.146	0.206	0.328	0.181	1.428	0.257	0.285	0.631	0.629	0.369	0.371	30
15	11410	42.37	13.71	194.665	0.202	0.334	0.192	1.448	0.278	0.311	0.656	0.658	0.344	0.342	30
16	11411	42.37	13.96	199.117	0.156	0.335	0.211	1.502	0.318	0.356	0.722	0.728	0.278	0.272	30
17	11412	42.37	14.21	199.423	0.134	0.329	0.208	1.509	0.311	0.348	0.712	0.715	0.288	0.285	30
18	11413	42.37	18.96	199.627	0.129	0.358	0.201	1.388	0.325	0.371	0.707	0.71	0.293	0.29	30
19	11414	42.37	19.21	199.641	0.105	0.352	0.197	1.446	0.319	0.361	0.692	0.7	0.308	0.3	30
20	11415	42.37	19.46	192.768	0.148	0.349	0.189	1.404	0.283	0.323	0.652	0.656	0.348	0.344	30
21	11416	42.37	19.71	169.659	0.229	0.342	0.167	1.311	0.225	0.251	0.6	0.591	0.4	0.409	30
22	11417	42.37	19.96	170.619	0.226	0.336	0.164	1.34	0.222	0.247	0.6	0.592	0.4	0.408	30
23	11418	42.37	20.21	189.633	0.167	0.328	0.175	1.436	0.259	0.293	0.638	0.639	0.362	0.361	30
24	11419	42.37	20.46	199.268	0.113	0.317	0.18	1.503	0.272	0.308	0.666	0.668	0.334	0.332	30
25	11420	42.37	20.71	199.1	0.117	0.312	0.18	1.514	0.264	0.3	0.663	0.668	0.337	0.333	30
26	11421	42.37	20.96	197.031	0.136	0.316	0.175	1.494	0.246	0.277	0.651	0.649	0.349	0.351	30
27	11422	42.37	21.21	198.719	0.108	0.316	0.183	1.51	0.258	0.29	0.661	0.661	0.339	0.339	30
28	11423	42.37	21.46	199.938	0.112	0.32	0.193	1.509	0.264	0.303	0.655	0.661	0.345	0.339	30
29	11424	42.37	21.71	199.99	0.103	0.314	0.193	1.516	0.259	0.297	0.632	0.64	0.368	0.36	30
30	11425	42.37	21.96	199.979	0.115	0.312	0.183	1.502	0.245	0.281	0.609	0.613	0.391	0.387	30
31	11426	42.37	22.21	199.862	0.156	0.312	0.164	1.469	0.22	0.244	0.589	0.576	0.411	0.424	30
32	11427	42.37	22.46	199.618	0.17	0.309	0.16	1.469	0.213	0.236	0.576	0.561	0.424	0.439	30
33	11428	42.37	22.71	199.676	0.138	0.307	0.173	1.494	0.233	0.264	0.605	0.603	0.395	0.397	30
34	11429	42.37	22.96	199.767	0.106	0.31	0.182	1.51	0.251	0.281	0.64	0.642	0.361	0.358	30
35	11430	42.37	23.21	194.738	0.135	0.306	0.164	1.477	0.218	0.241	0.598	0.588	0.402	0.412	30
36	11431	42.37	23.46	191.193	0.151	0.3	0.145	1.454	0.193	0.211	0.563	0.543	0.437	0.458	30
37	11432	42.37	23.71	193.462	0.135	0.299	0.153	1.476	0.205	0.23	0.57	0.556	0.43	0.444	30
38	11433	42.37	23.96	198.454	0.125	0.301	0.169	1.505	0.228	0.263	0.586	0.586	0.414	0.414	30
39	11434	42.37	24.21	199.817	0.101	0.301	0.179	1.531	0.245	0.285	0.606	0.616	0.394	0.384	30
40	11435	42.37	24.46	199.984	0.07	0.311	0.195	1.55	0.275	0.313	0.656	0.665	0.344	0.336	30
41	11436	42.37	24.71	199.98	0.048	0.313	0.201	1.566	0.286	0.327	0.677	0.687	0.323	0.313	30
42	11437	42.37	24.96	199.986	0.059	0.318	0.206	1.57	0.28	0.327	0.671	0.683	0.329	0.317	30
43	11438	42.37	25.21	199.99	0.082	0.327	0.212	1.541	0.286	0.334	0.672	0.682	0.328	0.318	30
44	11439	42.37	25.46	199.995	0.079	0.33	0.217	1.533	0.296	0.345	0.681	0.694	0.319	0.306	30
45	11440	42.37	25.71	199.995	0.057	0.334	0.223	1.546	0.319	0.364	0.708	0.722	0.293	0.279	30
46	11441	42.37	25.96	199.999	0.052	0.34	0.229	1.549	0.338	0.378	0.73	0.742	0.27	0.258	30
47	11442	42.37	26.21	199.999	0.054	0.342	0.23	1.541	0.332	0.372	0.724	0.735	0.277	0.266	30
48	11443	42.37	26.46	199.999	0.053	0.339	0.229	1.539	0.326	0.366	0.725	0.735	0.275	0.265	30
49	11444	42.37	26.71	199.999	0.068	0.337	0.226	1.534	0.321	0.363	0.717	0.73	0.283	0.27	30
50	11445	42.37	26.96	199.998	0.085	0.333	0.216	1.529	0.309	0.354	0.695	0.712	0.305	0.288	30
51	11446	42.37	27.21	199.986	0.089	0.33	0.209	1.522	0.309	0.352	0.689	0.703	0.311	0.297	30
52	11447	42.37	27.46	199.964	0.093	0.322	0.202	1.517	0.291	0.336	0.668	0.68	0.332	0.32	30
53	11448	42.37	27.71	199.779	0.103	0.316	0.197	1.511	0.279	0.33	0.647	0.66	0.353	0.34	30
54	11449	42.12	-8.54	199.579	0.169	0.33	0.164	1.436	0.191	0.27	0.499	0.537	0.501	0.463	30
55	11450	42.12	-8.29	199.835	0.196	0.325	0.16	1.426	0.189	0.256	0.504	0.534	0.496	0.466	30
56	11451	42.12	-8.04	199.751	0.177	0.322	0.159	1.431	0.19	0.253	0.513	0.537	0.487	0.463	30
57	11452	42.12	-7.79	199.82	0.152	0.316	0.157	1.457	0.191	0.255	0.513	0.54	0.487	0.46	30
58	11453	42.12	-7.54	197.982	0.186	0.314	0.156	1.444	0.194	0.253	0.524	0.546	0.476	0.454	30
59	11454	42.12	-7.29	196.678	0.222	0.317	0.154	1.434	0.196	0.246	0.53	0.545	0.47	0.454	30
60	11455	42.12	-7.04	197.816	0.215	0.312	0.149	1.436	0.184	0.228	0.509	0.519	0.491	0.481	30
61	11456	42.12	-6.79	196.361	0.224	0.311	0.143	1.422	0.177	0.208	0.503	0.502	0.496	0.498	30
62	11457	42.12	-6.54	197.111	0.217	0.313	0.148	1.451	0.181	0.219	0.52	0.525	0.479	0.475	30
63	11458	42.12	-6.29	197.155	0.202	0.308	0.149	1.481	0.178	0.218	0.525	0.531	0.475	0.469	30
64	11459	42.12	-6.04	199.063	0.181	0.301	0.152	1.511	0.187	0.222	0.545	0.553	0.455	0.447	30
65	11460	42.12	-5.79	199.643	0.158	0.289	0.153	1.528	0.195	0.221	0.545	0.549	0.454	0.451	30
66	11461	42.12	-5.54	199.999	0.142	0.284	0.157	1.536	0.213	0.236	0.554	0.56	0.446	0.44	30
67	11462	42.12	-5.29	200	0.126	0.288	0.166	1.54	0.233	0.256	0.581	0.589	0.419	0.411	30
68	11463	42.12	-5.04	200	0.108	0.294	0.174	1.538	0.245	0.266	0.604	0.609	0.396	0.391	30
69	11464	42.12	-4.79	199.999	0.112	0.297	0.176	1.539	0.246	0.269	0.607	0.613	0.393	0.387	30
70	11465	42.12	-4.54	199.995	0.131	0.296	0.173	1.535	0.236	0.259	0.606	0.611	0.394	0.389	30
71	11466	42.12	-4.29	199.999	0.139	0.3	0.178	1.526	0.246	0.266	0.63	0.633	0.37	0.367	30
72	11467	42.12	-4.04	200	0.141	0.305	0.182	1.522	0.26	0.278	0.652	0.655	0.348	0.345	30
73	11468	42.12	-3.79	199.998	0.146	0.301	0.176	1.521	0.254	0.276	0.638	0.644	0.362	0.356	30
74	11469	42.12	-3.54	199.612	0.174	0.302	0.167	1.501	0.232	0.26	0.606	0.614	0.394	0.386	30
75	11470	42.12	-3.29	196.999	0.186	0.307	0.157	1.471	0.208	0.234	0.573	0.572	0.427	0.428	30
76	11471	42.12	-3.04	192.968	0.215	0.305	0.147	1.45	0.193	0.212	0.559	0.546	0.44	0.454	30
77	11472	42.12	-2.79	193.596	0.217	0.307	0.149	1.454	0.199	0.218	0.563	0.55	0.437	0.45	30
78	11473	42.12	-2.54	196.991	0.201	0.309	0.156	1.469	0.209	0.23	0.57	0.562	0.43	0.437	30
79	11474	42.12	-2.29	198.271	0.212	0.311	0.169	1.482	0.23	0.256	0.598	0.598	0.402	0.402	30
80	11475	42.12	-2.04	199.287	0.205	0.308	0.177	1.505	0.242	0.276	0.618	0.625	0.382	0.375	30
81	11476	42.12	-1.79	199.938	0.155	0.304	0.181	1.527	0.249	0.28	0.65	0.656	0.35	0.345	30
82	11477	42.12	-1.54	199.981	0.144	0.305	0.188	1.531	0.258	0.284	0.682	0.684	0.318	0.316	30
83	11478	42.12	-1.29	199.937	0.143	0.309	0.191	1.534	0.256	0.284	0.693	0.697	0.307	0.303	30
84	11479	42.12	-1.04	199.475	0.156	0.316	0.193	1.532	0.26	0.295	0.691	0.698	0.309	0.302	30
85	11480	42.12	-0.789999999999999	199.198	0.158	0.32	0.194	1.532	0.26	0.301	0.692	0.701	0.308	0.299	30
86	11481	42.12	-0.539999999999999	199.519	0.146	0.321	0.195	1.534	0.264	0.305	0.707	0.717	0.294	0.283	30
87	11482	42.12	-0.289999999999999	199.3	0.153	0.321	0.192	1.527	0.26	0.304	0.688	0.699	0.312	0.3	30
88	11483	42.12	-0.0399999999999991	199.022	0.17	0.32	0.19	1.52	0.257	0.304	0.669	0.682	0.331	0.318	30
89	11484	42.12	0.210000000000001	197.798	0.183	0.323	0.19	1.513	0.256	0.302	0.658	0.67	0.342	0.33	30
90	11485	42.12	0.460000000000001	198.369	0.199	0.328	0.193	1.507	0.259	0.31	0.654	0.669	0.346	0.331	30
91	11486	42.12	0.710000000000001	197.91	0.221	0.331	0.191	1.501	0.261	0.312	0.648	0.662	0.352	0.338	30
92	11487	42.12	0.960000000000001	197.35	0.22	0.334	0.191	1.496	0.268	0.317	0.658	0.67	0.343	0.33	30
93	11488	42.12	1.21	195.006	0.224	0.334	0.184	1.484	0.259	0.305	0.641	0.649	0.359	0.351	30
94	11489	42.12	1.46	191.435	0.231	0.33	0.178	1.472	0.248	0.29	0.625	0.628	0.375	0.372	30
95	11490	42.12	1.71	188.02	0.237	0.326	0.17	1.458	0.233	0.271	0.604	0.606	0.396	0.394	30
96	11491	42.12	1.96	191.474	0.22	0.325	0.176	1.469	0.239	0.283	0.608	0.615	0.392	0.385	30
97	11492	42.12	2.21	194.866	0.211	0.324	0.176	1.473	0.232	0.274	0.605	0.612	0.395	0.388	30
98	11493	42.12	2.46	194.223	0.202	0.327	0.177	1.477	0.233	0.28	0.605	0.616	0.395	0.384	30
99	11494	42.12	2.71	193.002	0.18	0.328	0.187	1.491	0.246	0.302	0.613	0.634	0.387	0.366	30
100	11495	42.12	2.96	197.755	0.142	0.325	0.19	1.512	0.248	0.3	0.628	0.648	0.372	0.352	30
101	11496	42.12	3.21	194.998	0.155	0.326	0.186	1.5	0.244	0.297	0.603	0.625	0.397	0.375	30
102	11497	42.12	8.96	186.913	0.226	0.32	0.162	1.423	0.199	0.237	0.516	0.525	0.484	0.475	30
103	11498	42.12	9.21	188.045	0.217	0.32	0.165	1.429	0.207	0.243	0.543	0.547	0.457	0.453	30
104	11499	42.12	9.46	196.409	0.156	0.333	0.184	1.468	0.23	0.274	0.562	0.576	0.438	0.424	30
105	11500	42.12	11.96	199.953	0.136	0.337	0.208	1.493	0.313	0.365	0.682	0.697	0.318	0.303	30
106	11501	42.12	12.21	199.92	0.118	0.337	0.203	1.49	0.301	0.355	0.673	0.69	0.327	0.31	30
107	11502	42.12	12.46	199.981	0.111	0.337	0.209	1.506	0.305	0.354	0.687	0.703	0.313	0.297	30
108	11503	42.12	12.71	199.809	0.13	0.339	0.213	1.5	0.306	0.355	0.69	0.703	0.311	0.297	30
109	11504	42.12	12.96	199.226	0.168	0.342	0.204	1.464	0.293	0.343	0.662	0.671	0.338	0.329	30
110	11505	42.12	13.21	196.33	0.19	0.334	0.187	1.435	0.267	0.301	0.641	0.64	0.36	0.361	30
111	11506	42.12	13.46	191.564	0.2	0.33	0.182	1.436	0.262	0.287	0.64	0.637	0.361	0.363	30
112	11507	42.12	13.71	196.302	0.194	0.332	0.193	1.461	0.289	0.323	0.662	0.666	0.338	0.334	30
113	11508	42.12	13.96	192.703	0.202	0.331	0.19	1.445	0.278	0.313	0.656	0.658	0.344	0.342	30
114	11509	42.12	14.21	194.015	0.194	0.335	0.2	1.464	0.295	0.333	0.684	0.687	0.316	0.314	30
115	11510	42.12	14.46	199.955	0.14	0.337	0.219	1.516	0.331	0.372	0.727	0.734	0.274	0.266	30
116	11511	42.12	14.71	199.973	0.125	0.337	0.224	1.523	0.339	0.377	0.733	0.742	0.267	0.258	30
117	11512	42.12	19.21	199.731	0.092	0.354	0.201	1.429	0.332	0.373	0.706	0.712	0.295	0.288	30
118	11513	42.12	19.46	199.325	0.079	0.348	0.198	1.463	0.308	0.348	0.69	0.701	0.31	0.299	30
119	11514	42.12	19.71	197.182	0.133	0.347	0.196	1.422	0.301	0.342	0.672	0.679	0.328	0.322	30
120	11515	42.12	19.96	197.17	0.164	0.34	0.185	1.419	0.279	0.318	0.648	0.651	0.352	0.349	30
121	11516	42.12	20.21	198.158	0.162	0.33	0.181	1.448	0.271	0.312	0.634	0.638	0.366	0.362	30
122	11517	42.12	20.46	194.523	0.168	0.327	0.18	1.452	0.265	0.301	0.639	0.641	0.361	0.359	30
123	11518	42.12	20.71	183.896	0.18	0.32	0.164	1.439	0.23	0.255	0.623	0.618	0.377	0.382	30
124	11519	42.12	20.96	182.999	0.198	0.317	0.158	1.435	0.214	0.233	0.606	0.596	0.394	0.404	30
125	11520	42.12	21.21	196.25	0.158	0.312	0.173	1.49	0.241	0.273	0.626	0.626	0.374	0.374	30
126	11521	42.12	21.46	199.755	0.132	0.315	0.184	1.507	0.258	0.295	0.647	0.652	0.353	0.348	30
127	11522	42.12	21.71	199.965	0.1	0.317	0.199	1.525	0.28	0.32	0.667	0.68	0.333	0.32	30
128	11523	42.12	21.96	199.996	0.112	0.317	0.197	1.516	0.276	0.316	0.647	0.663	0.353	0.338	30
129	11524	42.12	22.21	199.913	0.142	0.314	0.182	1.492	0.246	0.28	0.608	0.612	0.392	0.388	30
130	11525	42.12	22.46	198.882	0.177	0.311	0.163	1.463	0.216	0.239	0.58	0.568	0.42	0.432	30
131	11526	42.12	22.71	199.266	0.153	0.301	0.163	1.486	0.218	0.245	0.576	0.571	0.424	0.429	30
132	11527	42.12	22.96	199.685	0.131	0.299	0.171	1.509	0.232	0.264	0.596	0.6	0.404	0.4	30
133	11528	42.12	23.21	187.32	0.182	0.303	0.152	1.445	0.198	0.216	0.565	0.55	0.435	0.45	30
134	11529	42.12	23.46	168.087	0.246	0.303	0.126	1.362	0.141	0.146	0.495	0.464	0.505	0.536	30
135	11530	42.12	23.71	181.15	0.221	0.299	0.129	1.401	0.152	0.162	0.502	0.475	0.497	0.525	30
136	11531	42.12	23.96	193.191	0.161	0.297	0.147	1.463	0.192	0.214	0.55	0.535	0.449	0.465	30
137	11532	42.12	24.21	196.818	0.116	0.297	0.165	1.513	0.229	0.256	0.601	0.597	0.399	0.404	30
138	11533	42.12	24.46	198.82	0.082	0.296	0.175	1.535	0.252	0.276	0.637	0.634	0.364	0.366	30
139	11534	42.12	24.71	199.34	0.073	0.296	0.18	1.549	0.258	0.288	0.648	0.647	0.353	0.353	30
140	11535	42.12	24.96	199.823	0.05	0.314	0.206	1.576	0.295	0.335	0.699	0.707	0.302	0.293	30
141	11536	42.12	25.21	199.996	0.048	0.334	0.226	1.569	0.329	0.371	0.745	0.755	0.255	0.245	30
142	11537	42.12	25.46	200	0.053	0.342	0.234	1.554	0.344	0.387	0.757	0.769	0.243	0.231	30
143	11538	42.12	25.71	200	0.053	0.338	0.228	1.555	0.338	0.381	0.729	0.742	0.271	0.259	30
144	11539	42.12	25.96	199.999	0.067	0.33	0.221	1.546	0.315	0.358	0.694	0.708	0.306	0.292	30
145	11540	42.12	26.21	199.983	0.079	0.327	0.216	1.532	0.295	0.337	0.666	0.68	0.334	0.321	30
146	11541	42.12	26.46	199.989	0.082	0.325	0.215	1.532	0.293	0.337	0.667	0.682	0.333	0.318	30
147	11542	42.12	26.71	200	0.084	0.325	0.213	1.533	0.289	0.335	0.663	0.68	0.337	0.321	30
148	11543	42.12	26.96	199.994	0.094	0.319	0.202	1.528	0.264	0.311	0.628	0.645	0.372	0.355	30
149	11544	42.12	27.21	199.984	0.101	0.316	0.195	1.527	0.264	0.31	0.629	0.639	0.372	0.361	30
150	11545	42.12	27.46	199.931	0.098	0.317	0.204	1.525	0.279	0.333	0.657	0.666	0.343	0.334	30
151	11546	42.12	27.71	199.587	0.103	0.314	0.206	1.513	0.282	0.341	0.66	0.672	0.341	0.328	30
152	11547	41.87	-8.54	199.306	0.174	0.331	0.164	1.433	0.192	0.271	0.503	0.542	0.497	0.458	30
153	11548	41.87	-8.29	199.726	0.218	0.329	0.161	1.423	0.191	0.259	0.491	0.525	0.509	0.475	30
154	11549	41.87	-8.04	199.52	0.216	0.325	0.159	1.418	0.186	0.246	0.486	0.512	0.514	0.488	30
155	11550	41.87	-7.79	199.685	0.188	0.318	0.154	1.436	0.179	0.24	0.485	0.511	0.515	0.489	30
156	11551	41.87	-7.54	199.28	0.197	0.307	0.152	1.473	0.181	0.245	0.483	0.516	0.517	0.484	30
157	11552	41.87	-7.29	199	0.218	0.309	0.155	1.477	0.189	0.249	0.523	0.548	0.477	0.452	30
158	11553	41.87	-7.04	199.235	0.227	0.31	0.154	1.473	0.185	0.239	0.536	0.552	0.464	0.447	30
159	11554	41.87	-6.79	198.949	0.219	0.307	0.153	1.479	0.18	0.227	0.537	0.547	0.463	0.453	30
160	11555	41.87	-6.54	197.245	0.219	0.309	0.155	1.49	0.179	0.225	0.544	0.552	0.455	0.448	30
161	11556	41.87	-6.29	196.836	0.197	0.307	0.157	1.498	0.185	0.227	0.549	0.557	0.452	0.443	30
162	11557	41.87	-6.04	197.324	0.189	0.304	0.16	1.513	0.198	0.235	0.557	0.566	0.444	0.434	30
163	11558	41.87	-5.79	199.577	0.155	0.293	0.163	1.533	0.214	0.245	0.552	0.561	0.448	0.44	30
164	11559	41.87	-5.54	199.998	0.124	0.289	0.167	1.544	0.227	0.255	0.565	0.575	0.435	0.425	30
165	11560	41.87	-5.29	199.999	0.117	0.294	0.174	1.54	0.24	0.267	0.58	0.591	0.42	0.409	30
166	11561	41.87	-5.04	200	0.116	0.296	0.177	1.537	0.247	0.271	0.595	0.603	0.405	0.397	30
167	11562	41.87	-4.79	199.996	0.124	0.296	0.176	1.535	0.243	0.269	0.589	0.597	0.411	0.403	30
168	11563	41.87	-4.54	199.974	0.139	0.298	0.178	1.523	0.242	0.265	0.609	0.615	0.391	0.385	30
169	11564	41.87	-4.29	199.998	0.143	0.301	0.181	1.522	0.251	0.27	0.634	0.638	0.366	0.362	30
170	11565	41.87	-4.04	200	0.149	0.299	0.178	1.526	0.252	0.272	0.63	0.635	0.37	0.365	30
171	11566	41.87	-3.79	199.999	0.157	0.294	0.169	1.522	0.244	0.266	0.609	0.615	0.391	0.385	30
172	11567	41.87	-3.54	199.902	0.174	0.295	0.163	1.509	0.231	0.255	0.588	0.595	0.412	0.405	30
173	11568	41.87	-3.29	199.07	0.184	0.299	0.159	1.489	0.219	0.246	0.571	0.579	0.428	0.421	30
174	11569	41.87	-3.04	196.031	0.203	0.298	0.149	1.468	0.2	0.225	0.556	0.557	0.443	0.443	30
175	11570	41.87	-2.79	195.285	0.201	0.298	0.145	1.469	0.19	0.21	0.545	0.541	0.454	0.459	30
176	11571	41.87	-2.54	198.211	0.183	0.302	0.156	1.489	0.209	0.233	0.564	0.566	0.435	0.434	30
177	11572	41.87	-2.29	199.458	0.179	0.306	0.169	1.496	0.236	0.263	0.6	0.606	0.4	0.394	30
178	11573	41.87	-2.04	199.445	0.192	0.309	0.176	1.499	0.245	0.274	0.614	0.62	0.386	0.38	30
179	11574	41.87	-1.79	199.395	0.188	0.309	0.178	1.508	0.248	0.281	0.636	0.641	0.364	0.359	30
180	11575	41.87	-1.54	199.884	0.165	0.307	0.186	1.527	0.255	0.285	0.667	0.672	0.333	0.328	30
181	11576	41.87	-1.29	199.95	0.146	0.306	0.19	1.533	0.255	0.28	0.689	0.692	0.311	0.308	30
182	11577	41.87	-1.04	199.652	0.159	0.311	0.193	1.527	0.258	0.289	0.68	0.684	0.32	0.316	30
183	11578	41.87	-0.789999999999999	199.704	0.151	0.31	0.194	1.532	0.254	0.286	0.688	0.693	0.312	0.307	30
184	11579	41.87	-0.539999999999999	199.643	0.151	0.315	0.196	1.53	0.258	0.294	0.699	0.706	0.301	0.294	30
185	11580	41.87	-0.289999999999999	199.873	0.132	0.313	0.191	1.537	0.249	0.286	0.687	0.697	0.313	0.303	30
186	11581	41.87	-0.0399999999999991	199.977	0.129	0.31	0.191	1.536	0.249	0.286	0.687	0.697	0.313	0.303	30
187	11582	41.87	0.210000000000001	199.865	0.131	0.312	0.192	1.53	0.249	0.284	0.687	0.696	0.313	0.304	30
188	11583	41.87	0.460000000000001	199.012	0.154	0.32	0.195	1.524	0.258	0.301	0.689	0.701	0.311	0.299	30
189	11584	41.87	0.710000000000001	197.476	0.177	0.321	0.193	1.521	0.261	0.306	0.671	0.684	0.329	0.316	30
190	11585	41.87	0.960000000000001	198.081	0.173	0.324	0.194	1.522	0.269	0.314	0.685	0.697	0.315	0.303	30
191	11586	41.87	1.21	199.299	0.173	0.333	0.197	1.519	0.282	0.329	0.705	0.716	0.295	0.284	30
192	11587	41.87	1.46	198.89	0.188	0.337	0.198	1.508	0.282	0.331	0.686	0.698	0.314	0.302	30
193	11588	41.87	1.71	197.23	0.207	0.338	0.194	1.505	0.269	0.321	0.655	0.669	0.345	0.332	30
194	11589	41.87	1.96	197.031	0.205	0.335	0.192	1.5	0.263	0.318	0.636	0.651	0.364	0.349	30
195	11590	41.87	2.21	196.821	0.193	0.331	0.189	1.497	0.256	0.308	0.627	0.642	0.373	0.358	30
196	11591	41.87	2.46	193.642	0.2	0.322	0.174	1.479	0.231	0.281	0.579	0.594	0.421	0.406	30
197	11592	41.87	2.71	194.474	0.17	0.326	0.183	1.493	0.238	0.295	0.587	0.611	0.413	0.389	30
198	11593	41.87	2.96	193.168	0.162	0.33	0.184	1.492	0.241	0.299	0.589	0.614	0.411	0.386	30
199	11594	41.87	8.96	194.943	0.186	0.314	0.17	1.448	0.223	0.274	0.53	0.549	0.47	0.451	30
200	11595	41.87	9.21	189.883	0.212	0.316	0.163	1.43	0.21	0.25	0.534	0.543	0.466	0.457	30
201	11596	41.87	12.21	199.988	0.1	0.329	0.196	1.5	0.29	0.328	0.647	0.66	0.353	0.341	30
202	11597	41.87	12.46	199.979	0.111	0.327	0.2	1.505	0.289	0.331	0.653	0.67	0.347	0.33	30
203	11598	41.87	12.71	199.87	0.126	0.335	0.21	1.5	0.3	0.347	0.68	0.696	0.32	0.304	30
204	11599	41.87	12.96	199.543	0.149	0.345	0.211	1.473	0.305	0.357	0.678	0.69	0.323	0.31	30
205	11600	41.87	13.21	197.465	0.176	0.344	0.198	1.434	0.284	0.324	0.658	0.66	0.342	0.34	30
206	11601	41.87	13.46	194.991	0.187	0.337	0.189	1.431	0.275	0.306	0.655	0.652	0.346	0.348	30
207	11602	41.87	13.71	192.746	0.201	0.332	0.181	1.416	0.261	0.289	0.63	0.627	0.37	0.374	30
208	11603	41.87	13.96	187.299	0.229	0.33	0.171	1.387	0.235	0.261	0.599	0.593	0.401	0.407	30
209	11604	41.87	14.21	196.68	0.2	0.331	0.185	1.442	0.265	0.303	0.644	0.645	0.356	0.355	30
210	11605	41.87	14.46	199.815	0.166	0.34	0.212	1.498	0.316	0.363	0.702	0.711	0.299	0.289	30
211	11606	41.87	14.71	199.963	0.148	0.346	0.229	1.519	0.351	0.392	0.745	0.754	0.255	0.246	30
212	11607	41.87	14.96	199.967	0.131	0.336	0.223	1.529	0.347	0.377	0.75	0.756	0.25	0.244	30
213	11608	41.87	15.21	199.784	0.128	0.338	0.22	1.527	0.341	0.374	0.742	0.749	0.258	0.251	30
214	11609	41.87	19.46	199.936	0.05	0.348	0.201	1.48	0.317	0.354	0.709	0.718	0.291	0.282	30
215	11610	41.87	19.71	199.819	0.087	0.349	0.207	1.47	0.333	0.373	0.7	0.71	0.3	0.29	30
216	11611	41.87	19.96	198.826	0.14	0.345	0.199	1.448	0.304	0.346	0.66	0.668	0.34	0.332	30
217	11612	41.87	20.21	194.956	0.179	0.333	0.179	1.42	0.259	0.295	0.624	0.624	0.377	0.376	30
218	11613	41.87	20.46	180.983	0.205	0.329	0.17	1.405	0.237	0.264	0.612	0.607	0.389	0.393	30
219	11614	41.87	20.71	162.468	0.22	0.324	0.154	1.382	0.199	0.215	0.576	0.566	0.424	0.434	30
220	11615	41.87	20.96	189.133	0.174	0.316	0.165	1.462	0.231	0.254	0.621	0.616	0.379	0.384	30
221	11616	41.87	21.21	196.203	0.178	0.309	0.166	1.485	0.233	0.259	0.602	0.599	0.398	0.401	30
222	11617	41.87	21.46	196.865	0.154	0.311	0.175	1.494	0.242	0.27	0.619	0.617	0.381	0.383	30
223	11618	41.87	21.71	199.754	0.121	0.313	0.193	1.523	0.273	0.312	0.652	0.665	0.348	0.335	30
224	11619	41.87	21.96	199.97	0.108	0.313	0.2	1.53	0.288	0.326	0.665	0.682	0.335	0.318	30
225	11620	41.87	22.21	199.956	0.116	0.315	0.197	1.521	0.278	0.316	0.646	0.661	0.354	0.339	30
226	11621	41.87	22.46	199.746	0.146	0.31	0.179	1.499	0.242	0.274	0.596	0.6	0.404	0.4	30
227	11622	41.87	22.71	199.851	0.144	0.303	0.17	1.501	0.226	0.26	0.572	0.575	0.428	0.424	30
228	11623	41.87	22.96	199.776	0.146	0.301	0.167	1.499	0.225	0.256	0.581	0.582	0.418	0.418	30
229	11624	41.87	23.21	194.262	0.178	0.298	0.155	1.467	0.201	0.225	0.557	0.549	0.443	0.451	30
230	11625	41.87	23.46	183.392	0.216	0.298	0.136	1.412	0.163	0.174	0.518	0.495	0.482	0.505	30
231	11626	41.87	23.71	195.467	0.195	0.29	0.134	1.449	0.166	0.181	0.512	0.492	0.488	0.508	30
232	11627	41.87	23.96	194.427	0.198	0.289	0.125	1.422	0.149	0.16	0.499	0.467	0.501	0.533	30
233	11628	41.87	24.21	194.715	0.189	0.294	0.13	1.425	0.17	0.18	0.532	0.501	0.467	0.499	30
234	11629	41.87	24.46	195.853	0.18	0.296	0.141	1.447	0.188	0.2	0.555	0.529	0.445	0.471	30
235	11630	41.87	24.71	197.191	0.183	0.301	0.147	1.451	0.197	0.212	0.565	0.539	0.435	0.461	30
236	11631	41.87	24.96	198.931	0.141	0.315	0.178	1.495	0.248	0.277	0.634	0.627	0.366	0.373	30
237	11632	41.87	25.21	199.886	0.105	0.327	0.206	1.527	0.288	0.333	0.682	0.692	0.318	0.308	30
238	11633	41.87	25.46	199.995	0.08	0.33	0.219	1.542	0.308	0.356	0.705	0.719	0.295	0.281	30
239	11634	41.87	25.71	199.982	0.076	0.324	0.216	1.543	0.302	0.35	0.687	0.703	0.313	0.297	30
240	11635	41.87	25.96	199.967	0.086	0.32	0.21	1.535	0.288	0.337	0.657	0.675	0.343	0.326	30
241	11636	41.87	26.21	199.988	0.093	0.319	0.211	1.532	0.286	0.332	0.648	0.666	0.352	0.334	30
242	11637	41.87	26.46	199.993	0.097	0.319	0.209	1.533	0.29	0.335	0.658	0.675	0.343	0.325	30
243	11638	41.87	26.71	200	0.101	0.317	0.204	1.535	0.287	0.334	0.657	0.676	0.343	0.324	30
244	11639	41.87	26.96	200	0.11	0.313	0.2	1.532	0.266	0.313	0.632	0.652	0.368	0.349	30
245	11640	41.87	27.21	199.994	0.116	0.312	0.196	1.53	0.258	0.302	0.63	0.643	0.371	0.357	30
246	11641	41.87	27.46	199.804	0.109	0.318	0.199	1.523	0.269	0.311	0.648	0.653	0.352	0.347	30
247	11642	41.87	27.71	199.157	0.107	0.319	0.2	1.511	0.279	0.327	0.653	0.66	0.347	0.34	30
248	11643	41.62	-8.54	199.508	0.147	0.323	0.164	1.453	0.19	0.272	0.499	0.541	0.501	0.459	30
249	11644	41.62	-8.29	199.824	0.193	0.322	0.16	1.449	0.184	0.262	0.479	0.522	0.521	0.478	30
250	11645	41.62	-8.04	199.687	0.216	0.32	0.158	1.439	0.181	0.248	0.473	0.507	0.527	0.493	30
251	11646	41.62	-7.79	199.385	0.22	0.316	0.156	1.449	0.178	0.245	0.48	0.51	0.52	0.49	30
252	11647	41.62	-7.54	199.119	0.228	0.308	0.153	1.481	0.179	0.245	0.487	0.518	0.513	0.481	30
253	11648	41.62	-7.29	199.298	0.231	0.302	0.156	1.505	0.188	0.249	0.515	0.542	0.485	0.458	30
254	11649	41.62	-7.04	199.41	0.237	0.305	0.158	1.502	0.191	0.249	0.545	0.564	0.455	0.436	30
255	11650	41.62	-6.79	198.707	0.229	0.304	0.157	1.507	0.187	0.238	0.551	0.564	0.449	0.436	30
256	11651	41.62	-6.54	197.672	0.231	0.303	0.158	1.515	0.187	0.234	0.553	0.565	0.447	0.435	30
257	11652	41.62	-6.29	198.179	0.2	0.297	0.157	1.515	0.186	0.23	0.536	0.552	0.464	0.448	30
258	11653	41.62	-6.04	197.559	0.192	0.298	0.16	1.522	0.198	0.239	0.533	0.549	0.467	0.451	30
259	11654	41.62	-5.79	199.625	0.157	0.295	0.168	1.533	0.227	0.262	0.547	0.562	0.453	0.438	30
260	11655	41.62	-5.54	199.977	0.141	0.291	0.17	1.535	0.234	0.263	0.557	0.569	0.443	0.431	30
261	11656	41.62	-5.29	199.993	0.13	0.289	0.172	1.532	0.235	0.26	0.559	0.568	0.441	0.432	30
262	11657	41.62	-5.04	200	0.135	0.293	0.176	1.531	0.24	0.265	0.578	0.587	0.422	0.413	30
263	11658	41.62	-4.79	199.994	0.144	0.291	0.17	1.524	0.226	0.251	0.56	0.567	0.44	0.433	30
264	11659	41.62	-4.54	199.957	0.15	0.292	0.169	1.519	0.225	0.246	0.574	0.579	0.426	0.421	30
265	11660	41.62	-4.29	199.996	0.146	0.295	0.172	1.522	0.237	0.258	0.599	0.604	0.401	0.396	30
266	11661	41.62	-4.04	200	0.146	0.291	0.168	1.522	0.238	0.256	0.596	0.601	0.404	0.399	30
267	11662	41.62	-3.79	199.999	0.155	0.286	0.159	1.519	0.223	0.243	0.57	0.575	0.43	0.425	30
268	11663	41.62	-3.54	199.993	0.168	0.287	0.158	1.516	0.223	0.243	0.567	0.572	0.432	0.428	30
269	11664	41.62	-3.29	199.92	0.171	0.286	0.156	1.511	0.225	0.243	0.569	0.573	0.431	0.427	30
270	11665	41.62	-3.04	199.696	0.189	0.292	0.154	1.501	0.212	0.237	0.552	0.558	0.447	0.442	30
271	11666	41.62	-2.79	199.761	0.185	0.293	0.153	1.506	0.212	0.236	0.55	0.556	0.45	0.444	30
272	11667	41.62	-2.54	199.883	0.176	0.294	0.157	1.511	0.215	0.245	0.56	0.569	0.44	0.431	30
273	11668	41.62	-2.29	199.951	0.163	0.294	0.165	1.513	0.237	0.265	0.591	0.601	0.409	0.399	30
274	11669	41.62	-2.04	199.809	0.176	0.299	0.171	1.508	0.243	0.272	0.606	0.615	0.394	0.385	30
275	11670	41.62	-1.79	199.238	0.214	0.306	0.174	1.506	0.241	0.275	0.607	0.615	0.393	0.385	30
276	11671	41.62	-1.54	199.291	0.208	0.307	0.182	1.519	0.25	0.287	0.634	0.644	0.366	0.356	30
277	11672	41.62	-1.29	199.777	0.161	0.299	0.184	1.526	0.251	0.282	0.661	0.67	0.339	0.33	30
278	11673	41.62	-1.04	199.886	0.152	0.303	0.188	1.525	0.252	0.283	0.672	0.677	0.328	0.323	30
279	11674	41.62	-0.789999999999999	199.897	0.144	0.305	0.191	1.526	0.251	0.279	0.686	0.689	0.314	0.311	30
280	11675	41.62	-0.539999999999999	199.653	0.146	0.312	0.197	1.522	0.258	0.288	0.709	0.713	0.291	0.287	30
281	11676	41.62	-0.289999999999999	199.834	0.144	0.313	0.197	1.526	0.255	0.289	0.71	0.716	0.29	0.284	30
282	11677	41.62	-0.0399999999999991	199.881	0.14	0.309	0.194	1.533	0.251	0.285	0.689	0.697	0.311	0.303	30
283	11678	41.62	0.210000000000001	199.809	0.134	0.308	0.193	1.533	0.251	0.28	0.682	0.688	0.318	0.312	30
284	11679	41.62	0.460000000000001	199.909	0.125	0.308	0.192	1.533	0.251	0.281	0.686	0.693	0.314	0.307	30
285	11680	41.62	0.710000000000001	199.845	0.128	0.309	0.194	1.539	0.253	0.287	0.689	0.697	0.312	0.303	30
286	11681	41.62	0.960000000000001	199.643	0.137	0.313	0.195	1.54	0.258	0.296	0.694	0.703	0.306	0.297	30
287	11682	41.62	1.21	199.358	0.162	0.328	0.203	1.526	0.282	0.327	0.719	0.73	0.281	0.27	30
288	11683	41.62	1.46	197.895	0.188	0.337	0.204	1.517	0.284	0.335	0.694	0.708	0.306	0.292	30
289	11684	41.62	1.71	196.102	0.198	0.335	0.196	1.513	0.271	0.323	0.655	0.671	0.345	0.329	30
290	11685	41.62	1.96	194.355	0.198	0.329	0.191	1.506	0.258	0.308	0.623	0.64	0.377	0.36	30
291	11686	41.62	2.21	195.348	0.186	0.323	0.189	1.506	0.252	0.302	0.608	0.626	0.392	0.374	30
292	11687	41.62	2.46	193.621	0.183	0.322	0.182	1.49	0.241	0.293	0.576	0.597	0.424	0.403	30
293	11688	41.62	8.96	194.417	0.175	0.319	0.174	1.46	0.227	0.283	0.528	0.554	0.472	0.446	30
294	11689	41.62	9.21	193.193	0.187	0.319	0.171	1.458	0.218	0.271	0.523	0.545	0.477	0.455	30
295	11690	41.62	12.71	199.923	0.113	0.326	0.196	1.492	0.275	0.323	0.637	0.654	0.364	0.346	30
296	11691	41.62	12.96	199.467	0.135	0.341	0.206	1.474	0.295	0.344	0.664	0.677	0.336	0.323	30
297	11692	41.62	13.21	198.8	0.148	0.348	0.214	1.47	0.309	0.357	0.68	0.691	0.32	0.309	30
298	11693	41.62	13.46	198.469	0.143	0.345	0.214	1.473	0.308	0.351	0.676	0.685	0.324	0.315	30
299	11694	41.62	13.71	196.737	0.165	0.341	0.204	1.452	0.292	0.332	0.66	0.665	0.34	0.335	30
300	11695	41.62	13.96	193.805	0.187	0.34	0.195	1.424	0.273	0.313	0.643	0.646	0.357	0.354	30
301	11696	41.62	14.21	198.838	0.161	0.338	0.2	1.463	0.289	0.335	0.665	0.672	0.335	0.328	30
302	11697	41.62	14.46	199.271	0.16	0.341	0.212	1.486	0.315	0.362	0.702	0.709	0.298	0.291	30
303	11698	41.62	14.71	199.957	0.158	0.349	0.23	1.514	0.353	0.397	0.743	0.752	0.257	0.248	30
304	11699	41.62	14.96	199.88	0.159	0.349	0.229	1.52	0.362	0.398	0.765	0.771	0.235	0.229	30
305	11700	41.62	15.21	199.931	0.13	0.337	0.223	1.536	0.345	0.376	0.755	0.762	0.245	0.238	30
306	11701	41.62	15.46	199.754	0.105	0.332	0.218	1.537	0.338	0.37	0.747	0.755	0.253	0.245	30
307	11702	41.62	15.71	199.46	0.125	0.334	0.215	1.527	0.329	0.367	0.731	0.741	0.269	0.259	30
308	11703	41.62	19.71	199.887	0.074	0.347	0.212	1.49	0.327	0.372	0.705	0.717	0.296	0.283	30
309	11704	41.62	19.96	199.053	0.122	0.344	0.208	1.469	0.308	0.352	0.666	0.676	0.334	0.324	30
310	11705	41.62	20.21	194.196	0.179	0.332	0.181	1.427	0.258	0.291	0.625	0.623	0.375	0.377	30
311	11706	41.62	20.46	189.056	0.194	0.327	0.176	1.429	0.249	0.276	0.629	0.624	0.371	0.376	30
312	11707	41.62	20.71	182.033	0.206	0.323	0.158	1.406	0.21	0.229	0.59	0.576	0.411	0.424	30
313	11708	41.62	20.96	194.35	0.178	0.318	0.166	1.461	0.229	0.256	0.614	0.606	0.386	0.394	30
314	11709	41.62	21.21	195.34	0.189	0.309	0.162	1.475	0.22	0.245	0.589	0.582	0.411	0.418	30
315	11710	41.62	21.46	195.349	0.181	0.312	0.169	1.478	0.226	0.253	0.593	0.588	0.407	0.412	30
316	11711	41.62	21.71	199.499	0.15	0.313	0.189	1.516	0.265	0.307	0.63	0.645	0.37	0.355	30
317	11712	41.62	21.96	199.942	0.125	0.309	0.195	1.528	0.284	0.321	0.657	0.674	0.343	0.326	30
318	11713	41.62	22.21	199.961	0.129	0.312	0.194	1.524	0.276	0.315	0.638	0.655	0.362	0.345	30
319	11714	41.62	22.46	199.887	0.136	0.309	0.183	1.512	0.245	0.286	0.594	0.605	0.406	0.395	30
320	11715	41.62	22.71	199.924	0.142	0.305	0.172	1.504	0.229	0.262	0.576	0.579	0.424	0.421	30
321	11716	41.62	22.96	199.851	0.166	0.305	0.164	1.487	0.215	0.243	0.566	0.56	0.434	0.44	30
322	11717	41.62	23.21	197.876	0.161	0.303	0.171	1.496	0.224	0.259	0.569	0.576	0.431	0.424	30
323	11718	41.62	23.46	187.121	0.208	0.305	0.152	1.43	0.185	0.204	0.534	0.522	0.466	0.478	30
324	11719	41.62	23.71	197.55	0.173	0.297	0.151	1.471	0.194	0.216	0.542	0.532	0.458	0.468	30
325	11720	41.62	23.96	198.366	0.183	0.292	0.147	1.46	0.182	0.204	0.523	0.51	0.477	0.49	30
326	11721	41.62	24.21	197.851	0.203	0.293	0.134	1.432	0.167	0.18	0.513	0.488	0.487	0.513	30
327	11722	41.62	24.46	197.607	0.21	0.299	0.135	1.42	0.173	0.183	0.531	0.5	0.468	0.5	30
328	11723	41.62	24.71	198.547	0.207	0.304	0.14	1.423	0.182	0.194	0.546	0.516	0.453	0.484	30
329	11724	41.62	24.96	199.47	0.171	0.31	0.163	1.479	0.209	0.237	0.566	0.553	0.434	0.447	30
330	11725	41.62	25.21	199.733	0.137	0.316	0.189	1.516	0.248	0.293	0.606	0.614	0.394	0.386	30
331	11726	41.62	25.46	199.964	0.12	0.323	0.204	1.523	0.281	0.329	0.651	0.666	0.349	0.334	30
332	11727	41.62	25.71	199.93	0.11	0.322	0.205	1.525	0.282	0.331	0.652	0.667	0.348	0.333	30
333	11728	41.62	25.96	199.91	0.108	0.318	0.201	1.525	0.27	0.321	0.635	0.649	0.366	0.351	30
334	11729	41.62	26.21	199.994	0.095	0.319	0.211	1.533	0.304	0.346	0.675	0.691	0.325	0.309	30
335	11730	41.62	26.46	200	0.085	0.317	0.207	1.538	0.31	0.345	0.691	0.702	0.309	0.298	30
336	11731	41.62	26.71	200	0.089	0.312	0.202	1.544	0.303	0.342	0.689	0.702	0.311	0.298	30
337	11732	41.62	26.96	200	0.099	0.31	0.202	1.545	0.296	0.339	0.678	0.695	0.322	0.305	30
338	11733	41.62	27.21	199.998	0.104	0.304	0.197	1.544	0.27	0.315	0.651	0.669	0.349	0.331	30
339	11734	41.62	27.46	199.921	0.103	0.315	0.205	1.536	0.279	0.321	0.668	0.682	0.332	0.318	30
340	11735	41.62	27.71	199.529	0.099	0.32	0.203	1.522	0.283	0.324	0.673	0.683	0.327	0.317	30
341	11736	41.62	27.96	199.575	0.098	0.319	0.2	1.505	0.274	0.325	0.653	0.667	0.347	0.333	30
342	11737	41.62	28.21	199.5	0.097	0.318	0.197	1.508	0.27	0.317	0.652	0.665	0.349	0.335	30
343	11738	41.62	32.46	198.212	0.123	0.324	0.193	1.473	0.295	0.336	0.682	0.688	0.318	0.313	30
344	11739	41.62	32.71	197.988	0.146	0.32	0.183	1.467	0.277	0.311	0.671	0.669	0.33	0.331	30
345	11740	41.62	32.96	198.033	0.142	0.315	0.174	1.473	0.265	0.292	0.662	0.657	0.338	0.343	30
346	11741	41.62	33.21	198.144	0.157	0.314	0.167	1.468	0.252	0.277	0.643	0.636	0.357	0.364	30
347	11742	41.62	33.46	198.586	0.162	0.311	0.161	1.47	0.237	0.259	0.619	0.612	0.381	0.388	30
348	11743	41.62	33.71	199.228	0.141	0.315	0.173	1.476	0.258	0.279	0.646	0.642	0.354	0.358	30
349	11744	41.62	33.96	199.142	0.146	0.316	0.178	1.478	0.262	0.285	0.652	0.65	0.348	0.35	30
350	11745	41.62	34.21	198.366	0.164	0.314	0.173	1.481	0.242	0.267	0.625	0.621	0.375	0.379	30
351	11746	41.62	34.46	197.924	0.171	0.31	0.167	1.479	0.235	0.26	0.611	0.605	0.39	0.395	30
352	11747	41.62	34.71	198.134	0.169	0.316	0.176	1.482	0.258	0.286	0.642	0.64	0.358	0.36	30
353	11748	41.37	-8.54	199.79	0.14	0.321	0.165	1.465	0.197	0.275	0.516	0.556	0.484	0.444	30
354	11749	41.37	-8.29	199.916	0.176	0.318	0.16	1.465	0.181	0.261	0.482	0.527	0.518	0.473	30
355	11750	41.37	-8.04	199.478	0.212	0.317	0.158	1.46	0.18	0.253	0.486	0.523	0.514	0.477	30
356	11751	41.37	-7.79	199.347	0.232	0.313	0.157	1.461	0.182	0.249	0.491	0.522	0.509	0.478	30
357	11752	41.37	-7.54	198.747	0.25	0.307	0.155	1.484	0.181	0.248	0.495	0.527	0.505	0.472	30
358	11753	41.37	-7.29	197.564	0.262	0.304	0.159	1.509	0.192	0.254	0.527	0.551	0.473	0.449	30
359	11754	41.37	-7.04	197.64	0.259	0.305	0.161	1.516	0.198	0.256	0.549	0.567	0.452	0.433	30
360	11755	41.37	-6.79	196.846	0.257	0.305	0.16	1.518	0.195	0.248	0.549	0.564	0.451	0.436	30
361	11756	41.37	-6.54	197.97	0.231	0.296	0.157	1.523	0.187	0.238	0.519	0.54	0.481	0.46	30
362	11757	41.37	-6.29	198.519	0.198	0.287	0.151	1.526	0.177	0.226	0.473	0.497	0.527	0.503	30
363	11758	41.37	-6.04	199.415	0.177	0.285	0.152	1.527	0.181	0.229	0.468	0.493	0.532	0.507	30
364	11759	41.37	-5.79	199.87	0.164	0.29	0.163	1.528	0.215	0.256	0.517	0.538	0.483	0.462	30
365	11760	41.37	-5.54	199.971	0.154	0.284	0.163	1.525	0.227	0.26	0.527	0.545	0.473	0.455	30
366	11761	41.37	-5.29	199.994	0.144	0.276	0.159	1.529	0.22	0.252	0.508	0.525	0.492	0.475	30
367	11762	41.37	-5.04	200	0.138	0.271	0.156	1.533	0.212	0.241	0.493	0.509	0.507	0.491	30
368	11763	41.37	-4.79	199.995	0.141	0.272	0.152	1.532	0.197	0.224	0.479	0.491	0.521	0.509	30
369	11764	41.37	-4.54	199.96	0.147	0.281	0.155	1.529	0.198	0.223	0.498	0.506	0.503	0.494	30
370	11765	41.37	-4.29	199.996	0.142	0.287	0.157	1.532	0.208	0.232	0.516	0.525	0.484	0.475	30
371	11766	41.37	-4.04	200	0.146	0.288	0.159	1.527	0.218	0.241	0.538	0.547	0.462	0.453	30
372	11767	41.37	-3.79	199.978	0.163	0.289	0.162	1.518	0.225	0.253	0.561	0.572	0.439	0.428	30
373	11768	41.37	-3.54	199.632	0.171	0.292	0.159	1.509	0.221	0.246	0.568	0.575	0.431	0.425	30
374	11769	41.37	-3.29	199.668	0.187	0.295	0.158	1.502	0.219	0.241	0.576	0.58	0.423	0.42	30
375	11770	41.37	-3.04	199.874	0.189	0.295	0.16	1.503	0.22	0.243	0.574	0.578	0.426	0.422	30
376	11771	41.37	-2.79	199.99	0.179	0.292	0.16	1.508	0.225	0.248	0.577	0.582	0.423	0.418	30
377	11772	41.37	-2.54	199.994	0.169	0.292	0.162	1.511	0.232	0.255	0.593	0.598	0.407	0.402	30
378	11773	41.37	-2.29	199.998	0.167	0.291	0.166	1.515	0.236	0.256	0.605	0.608	0.395	0.392	30
379	11774	41.37	-2.04	199.963	0.178	0.294	0.17	1.519	0.238	0.264	0.602	0.609	0.398	0.391	30
380	11775	41.37	-1.79	199.758	0.205	0.3	0.173	1.52	0.243	0.275	0.602	0.61	0.397	0.39	30
381	11776	41.37	-1.54	199.265	0.209	0.304	0.179	1.52	0.249	0.284	0.62	0.628	0.38	0.372	30
382	11777	41.37	-1.29	199.403	0.18	0.3	0.178	1.525	0.246	0.277	0.627	0.634	0.373	0.366	30
383	11778	41.37	-1.04	199.725	0.169	0.304	0.186	1.522	0.256	0.29	0.65	0.657	0.35	0.343	30
384	11779	41.37	-0.789999999999999	199.896	0.161	0.303	0.188	1.521	0.251	0.285	0.674	0.681	0.326	0.319	30
385	11780	41.37	-0.539999999999999	199.952	0.145	0.303	0.192	1.526	0.253	0.283	0.691	0.698	0.309	0.302	30
386	11781	41.37	-0.289999999999999	199.868	0.144	0.306	0.195	1.531	0.255	0.285	0.695	0.701	0.306	0.299	30
387	11782	41.37	-0.0399999999999991	199.505	0.152	0.31	0.193	1.535	0.251	0.284	0.671	0.678	0.329	0.322	30
388	11783	41.37	0.210000000000001	198.176	0.173	0.317	0.197	1.531	0.257	0.293	0.666	0.672	0.334	0.328	30
389	11784	41.37	0.460000000000001	198.237	0.168	0.318	0.199	1.531	0.261	0.298	0.679	0.685	0.321	0.315	30
390	11785	41.37	0.710000000000001	197.621	0.18	0.324	0.201	1.529	0.264	0.308	0.683	0.692	0.317	0.308	30
391	11786	41.37	0.960000000000001	195.044	0.193	0.325	0.196	1.52	0.257	0.306	0.657	0.669	0.343	0.331	30
392	11787	41.37	1.21	196.158	0.176	0.323	0.197	1.521	0.26	0.309	0.657	0.672	0.343	0.328	30
393	11788	41.37	1.46	194.754	0.186	0.328	0.196	1.519	0.261	0.313	0.642	0.66	0.358	0.34	30
394	11789	41.37	1.71	195.95	0.172	0.325	0.196	1.521	0.264	0.314	0.636	0.655	0.364	0.346	30
395	11790	41.37	1.96	194.421	0.172	0.326	0.196	1.512	0.265	0.312	0.62	0.639	0.38	0.361	30
396	11791	41.37	2.21	194.436	0.185	0.325	0.189	1.503	0.254	0.304	0.607	0.625	0.393	0.375	30
397	11792	41.37	9.21	195.278	0.173	0.321	0.176	1.471	0.225	0.283	0.521	0.549	0.479	0.451	30
398	11793	41.37	12.96	199.557	0.098	0.332	0.189	1.478	0.265	0.296	0.6	0.606	0.4	0.394	30
399	11794	41.37	13.21	198.681	0.128	0.343	0.203	1.474	0.295	0.337	0.644	0.654	0.356	0.346	30
400	11795	41.37	13.46	198.558	0.147	0.352	0.219	1.473	0.324	0.375	0.681	0.694	0.319	0.306	30
401	11796	41.37	13.71	199.025	0.133	0.343	0.212	1.479	0.309	0.354	0.676	0.687	0.324	0.313	30
402	11797	41.37	13.96	199.555	0.124	0.338	0.208	1.478	0.301	0.35	0.669	0.681	0.332	0.319	30
403	11798	41.37	14.21	198.939	0.132	0.339	0.204	1.466	0.293	0.342	0.675	0.684	0.326	0.317	30
404	11799	41.37	14.46	197.612	0.154	0.338	0.198	1.456	0.287	0.332	0.682	0.686	0.318	0.314	30
405	11800	41.37	14.71	199.653	0.15	0.346	0.222	1.501	0.34	0.385	0.732	0.74	0.268	0.26	30
406	11801	41.37	14.96	199.968	0.161	0.352	0.231	1.513	0.364	0.403	0.761	0.767	0.24	0.233	30
407	11802	41.37	15.21	199.964	0.15	0.348	0.231	1.523	0.356	0.39	0.761	0.768	0.239	0.232	30
408	11803	41.37	15.46	199.991	0.116	0.338	0.227	1.542	0.352	0.383	0.768	0.776	0.232	0.224	30
409	11804	41.37	15.71	199.996	0.099	0.329	0.221	1.548	0.339	0.371	0.755	0.765	0.245	0.235	30
410	11805	41.37	15.96	199.999	0.097	0.321	0.206	1.538	0.309	0.341	0.703	0.712	0.297	0.288	30
411	11806	41.37	19.46	199.999	0.053	0.331	0.2	1.523	0.313	0.349	0.702	0.713	0.299	0.287	30
412	11807	41.37	19.71	199.951	0.076	0.33	0.206	1.512	0.31	0.353	0.689	0.704	0.311	0.297	30
413	11808	41.37	19.96	198.827	0.139	0.338	0.201	1.462	0.295	0.339	0.663	0.672	0.337	0.328	30
414	11809	41.37	20.21	196.522	0.176	0.335	0.186	1.423	0.271	0.305	0.64	0.639	0.36	0.361	30
415	11810	41.37	20.46	194.236	0.187	0.328	0.175	1.425	0.25	0.278	0.627	0.621	0.373	0.379	30
416	11811	41.37	20.71	193.188	0.18	0.323	0.169	1.44	0.231	0.258	0.611	0.603	0.389	0.397	30
417	11812	41.37	20.96	196.893	0.167	0.317	0.167	1.469	0.229	0.258	0.612	0.606	0.388	0.394	30
418	11813	41.37	21.21	198.448	0.153	0.311	0.17	1.495	0.235	0.265	0.623	0.622	0.377	0.378	30
419	11814	41.37	21.46	199.484	0.124	0.308	0.179	1.524	0.247	0.278	0.638	0.645	0.362	0.355	30
420	11815	41.37	21.71	199.414	0.164	0.314	0.184	1.506	0.256	0.296	0.616	0.628	0.384	0.372	30
421	11816	41.37	21.96	199.671	0.15	0.315	0.192	1.51	0.269	0.308	0.644	0.655	0.356	0.345	30
422	11817	41.37	22.21	199.738	0.144	0.315	0.189	1.507	0.264	0.305	0.635	0.645	0.365	0.355	30
423	11818	41.37	22.46	199.924	0.135	0.313	0.192	1.517	0.259	0.31	0.611	0.628	0.389	0.371	30
424	11819	41.37	22.71	199.802	0.127	0.309	0.185	1.517	0.246	0.289	0.597	0.611	0.403	0.389	30
425	11820	41.37	22.96	199.227	0.149	0.31	0.178	1.498	0.233	0.272	0.581	0.589	0.419	0.411	30
426	11821	41.37	23.21	199.474	0.133	0.308	0.18	1.508	0.239	0.278	0.588	0.6	0.411	0.4	30
427	11822	41.37	23.46	199.259	0.147	0.307	0.18	1.505	0.239	0.277	0.588	0.599	0.412	0.401	30
428	11823	41.37	23.71	199.228	0.159	0.307	0.169	1.487	0.221	0.251	0.571	0.57	0.429	0.43	30
429	11824	41.37	23.96	199.351	0.152	0.305	0.173	1.497	0.225	0.26	0.57	0.575	0.43	0.425	30
430	11825	41.37	24.21	199.289	0.165	0.308	0.166	1.481	0.213	0.245	0.558	0.557	0.442	0.443	30
431	11826	41.37	24.46	199.602	0.169	0.311	0.169	1.476	0.214	0.247	0.559	0.555	0.441	0.445	30
432	11827	41.37	24.71	199.633	0.174	0.312	0.162	1.468	0.207	0.233	0.565	0.553	0.434	0.447	30
433	11828	41.37	24.96	199.636	0.155	0.313	0.174	1.499	0.221	0.26	0.566	0.566	0.434	0.434	30
434	11829	41.37	25.21	199.667	0.139	0.314	0.186	1.515	0.244	0.289	0.589	0.6	0.411	0.4	30
435	11830	41.37	25.46	199.724	0.13	0.318	0.193	1.519	0.261	0.304	0.613	0.625	0.387	0.375	30
436	11831	41.37	25.71	199.773	0.128	0.317	0.193	1.52	0.255	0.298	0.607	0.619	0.393	0.381	30
437	11832	41.37	25.96	199.726	0.124	0.313	0.191	1.522	0.247	0.295	0.593	0.608	0.407	0.392	30
438	11833	41.37	26.21	199.982	0.109	0.31	0.197	1.53	0.273	0.32	0.622	0.64	0.378	0.36	30
439	11834	41.37	26.46	199.999	0.093	0.313	0.204	1.537	0.301	0.336	0.672	0.683	0.329	0.318	30
440	11835	41.37	26.71	200	0.089	0.311	0.202	1.544	0.301	0.335	0.685	0.694	0.315	0.306	30
441	11836	41.37	26.96	200	0.091	0.311	0.203	1.546	0.305	0.34	0.695	0.705	0.305	0.296	30
442	11837	41.37	27.21	200	0.085	0.314	0.205	1.543	0.309	0.342	0.703	0.712	0.298	0.288	30
443	11838	41.37	27.46	200	0.081	0.322	0.213	1.538	0.322	0.352	0.721	0.729	0.28	0.271	30
444	11839	41.37	27.71	199.997	0.08	0.319	0.208	1.528	0.303	0.334	0.721	0.729	0.279	0.271	30
445	11840	41.37	27.96	199.849	0.088	0.313	0.197	1.522	0.268	0.305	0.674	0.685	0.326	0.315	30
446	11841	41.37	28.21	199.238	0.095	0.319	0.193	1.508	0.26	0.306	0.636	0.65	0.365	0.35	30
447	11842	41.37	28.46	199.588	0.104	0.324	0.203	1.515	0.295	0.334	0.688	0.698	0.312	0.303	30
448	11843	41.37	32.46	196.952	0.147	0.317	0.177	1.462	0.265	0.295	0.647	0.642	0.354	0.358	30
449	11844	41.37	32.71	197.954	0.155	0.311	0.171	1.478	0.259	0.285	0.642	0.637	0.358	0.363	30
450	11845	41.37	32.96	199.425	0.139	0.312	0.177	1.492	0.268	0.294	0.651	0.651	0.349	0.349	30
451	11846	41.37	33.21	198.652	0.157	0.304	0.162	1.482	0.232	0.256	0.607	0.602	0.393	0.398	30
452	11847	41.37	33.46	198.142	0.154	0.301	0.156	1.484	0.218	0.241	0.595	0.589	0.405	0.411	30
453	11848	41.37	33.71	199.405	0.13	0.306	0.17	1.5	0.247	0.268	0.645	0.643	0.355	0.358	30
454	11849	41.37	33.96	199.024	0.142	0.306	0.168	1.496	0.237	0.259	0.637	0.631	0.363	0.369	30
455	11850	41.37	34.21	196.937	0.159	0.302	0.157	1.484	0.216	0.236	0.6	0.587	0.4	0.413	30
456	11851	41.37	34.46	197.058	0.172	0.301	0.154	1.481	0.211	0.231	0.577	0.562	0.424	0.438	30
457	11852	41.37	34.71	198.49	0.16	0.306	0.172	1.501	0.243	0.271	0.612	0.611	0.388	0.389	30
458	11853	41.12	-8.54	199.836	0.144	0.324	0.169	1.472	0.203	0.282	0.534	0.574	0.466	0.426	30
459	11854	41.12	-8.29	199.479	0.19	0.322	0.162	1.463	0.185	0.264	0.503	0.543	0.497	0.457	30
460	11855	41.12	-8.04	199.638	0.217	0.319	0.158	1.457	0.18	0.25	0.486	0.522	0.515	0.478	30
461	11856	41.12	-7.79	199.396	0.23	0.313	0.158	1.47	0.184	0.249	0.501	0.533	0.499	0.467	30
462	11857	41.12	-7.54	198.284	0.252	0.306	0.157	1.491	0.186	0.248	0.506	0.536	0.495	0.463	30
463	11858	41.12	-7.29	197.641	0.262	0.302	0.159	1.51	0.19	0.25	0.507	0.536	0.493	0.464	30
464	11859	41.12	-7.04	196.287	0.269	0.304	0.163	1.52	0.199	0.257	0.535	0.557	0.466	0.443	30
465	11860	41.12	-6.79	195.162	0.257	0.303	0.16	1.516	0.19	0.246	0.519	0.541	0.482	0.459	30
466	11861	41.12	-6.54	198.68	0.199	0.286	0.152	1.52	0.172	0.228	0.472	0.501	0.528	0.498	30
467	11862	41.12	-6.29	199.648	0.174	0.282	0.149	1.523	0.166	0.219	0.448	0.477	0.552	0.523	30
468	11863	41.12	-6.04	199.904	0.172	0.288	0.156	1.523	0.181	0.233	0.468	0.496	0.532	0.504	30
469	11864	41.12	-5.79	199.951	0.166	0.297	0.172	1.527	0.222	0.264	0.533	0.554	0.467	0.446	30
470	11865	41.12	-5.54	199.996	0.148	0.289	0.171	1.533	0.236	0.271	0.536	0.555	0.464	0.445	30
471	11866	41.12	-5.29	200	0.141	0.27	0.155	1.538	0.216	0.251	0.487	0.509	0.514	0.491	30
472	11867	41.12	-5.04	200	0.137	0.263	0.148	1.54	0.203	0.236	0.461	0.481	0.539	0.519	30
473	11868	41.12	-4.79	200	0.138	0.265	0.148	1.535	0.196	0.229	0.457	0.475	0.543	0.525	30
474	11869	41.12	-4.54	200	0.147	0.274	0.151	1.53	0.197	0.226	0.474	0.488	0.526	0.512	30
475	11870	41.12	-4.29	199.992	0.148	0.28	0.155	1.532	0.205	0.234	0.497	0.511	0.503	0.489	30
476	11871	41.12	-4.04	199.626	0.155	0.283	0.154	1.522	0.203	0.233	0.514	0.527	0.486	0.473	30
477	11872	41.12	-3.79	198.968	0.18	0.283	0.147	1.502	0.19	0.22	0.518	0.526	0.482	0.474	30
478	11873	41.12	-3.54	198.308	0.203	0.294	0.149	1.488	0.19	0.219	0.533	0.539	0.466	0.461	30
479	11874	41.12	-3.29	198.577	0.228	0.302	0.154	1.485	0.199	0.227	0.556	0.559	0.444	0.441	30
480	11875	41.12	-3.04	199.472	0.212	0.299	0.159	1.501	0.208	0.236	0.562	0.568	0.438	0.432	30
481	11876	41.12	-2.79	199.978	0.196	0.298	0.164	1.511	0.221	0.246	0.573	0.58	0.427	0.42	30
482	11877	41.12	-2.54	199.993	0.183	0.299	0.167	1.506	0.231	0.256	0.589	0.597	0.411	0.403	30
483	11878	41.12	-2.29	199.968	0.188	0.301	0.167	1.504	0.228	0.254	0.589	0.595	0.411	0.405	30
484	11879	41.12	-2.04	199.943	0.193	0.301	0.168	1.508	0.228	0.255	0.588	0.593	0.412	0.407	30
485	11880	41.12	-1.79	199.924	0.192	0.297	0.171	1.516	0.231	0.26	0.593	0.6	0.407	0.4	30
486	11881	41.12	-1.54	199.878	0.191	0.298	0.173	1.52	0.238	0.267	0.603	0.61	0.397	0.39	30
487	11882	41.12	-1.29	199.728	0.187	0.302	0.177	1.523	0.246	0.276	0.616	0.624	0.384	0.376	30
488	11883	41.12	-1.04	199.748	0.186	0.303	0.179	1.517	0.247	0.276	0.622	0.627	0.378	0.373	30
489	11884	41.12	-0.789999999999999	199.779	0.173	0.304	0.183	1.521	0.249	0.282	0.64	0.647	0.361	0.353	30
490	11885	41.12	-0.539999999999999	199.474	0.174	0.306	0.187	1.522	0.253	0.291	0.662	0.672	0.338	0.328	30
491	11886	41.12	-0.289999999999999	199.741	0.152	0.304	0.188	1.53	0.249	0.286	0.66	0.67	0.34	0.33	30
492	11887	41.12	-0.0399999999999991	199.178	0.165	0.31	0.19	1.53	0.253	0.288	0.658	0.664	0.342	0.336	30
493	11888	41.12	0.210000000000001	198.357	0.179	0.317	0.196	1.531	0.257	0.295	0.657	0.662	0.343	0.338	30
494	11889	41.12	0.460000000000001	195.947	0.195	0.326	0.201	1.528	0.261	0.307	0.657	0.668	0.343	0.332	30
495	11890	41.12	0.710000000000001	193.294	0.199	0.327	0.197	1.522	0.261	0.311	0.641	0.657	0.359	0.343	30
496	11891	41.12	8.96	196.144	0.166	0.322	0.179	1.474	0.231	0.287	0.529	0.555	0.471	0.445	30
497	11892	41.12	9.21	197.352	0.169	0.32	0.177	1.48	0.224	0.286	0.513	0.545	0.487	0.455	30
498	11893	41.12	9.46	195.286	0.166	0.324	0.179	1.485	0.226	0.288	0.512	0.547	0.488	0.453	30
499	11894	41.12	13.96	199.875	0.084	0.331	0.196	1.497	0.29	0.326	0.665	0.674	0.335	0.326	30
500	11895	41.12	14.21	199.761	0.092	0.327	0.198	1.495	0.288	0.331	0.664	0.676	0.336	0.324	30
501	11896	41.12	14.46	199.072	0.123	0.332	0.202	1.481	0.294	0.343	0.674	0.686	0.326	0.314	30
502	11897	41.12	14.71	198.985	0.144	0.34	0.212	1.488	0.323	0.369	0.717	0.725	0.283	0.275	30
503	11898	41.12	14.96	199.906	0.147	0.346	0.227	1.509	0.353	0.394	0.751	0.758	0.249	0.243	30
504	11899	41.12	15.21	199.956	0.155	0.351	0.233	1.515	0.354	0.393	0.753	0.759	0.247	0.242	30
505	11900	41.12	15.46	199.961	0.15	0.352	0.234	1.526	0.358	0.392	0.759	0.766	0.242	0.234	30
506	11901	41.12	15.71	199.952	0.128	0.339	0.225	1.536	0.342	0.377	0.75	0.761	0.25	0.239	30
507	11902	41.12	15.96	199.995	0.125	0.327	0.215	1.537	0.319	0.358	0.725	0.737	0.275	0.264	30
508	11903	41.12	16.21	199.949	0.135	0.332	0.215	1.531	0.314	0.365	0.736	0.749	0.264	0.251	30
509	11904	41.12	16.46	199.946	0.135	0.33	0.215	1.531	0.305	0.364	0.736	0.752	0.264	0.248	30
510	11905	41.12	16.71	199.963	0.135	0.324	0.21	1.527	0.297	0.354	0.718	0.735	0.282	0.265	30
511	11906	41.12	16.96	199.982	0.112	0.32	0.207	1.525	0.3	0.35	0.706	0.723	0.294	0.278	30
512	11907	41.12	19.46	199.998	0.057	0.333	0.2	1.516	0.314	0.35	0.699	0.71	0.301	0.29	30
513	11908	41.12	19.71	199.998	0.085	0.331	0.207	1.521	0.315	0.357	0.695	0.71	0.305	0.29	30
514	11909	41.12	19.96	199.839	0.12	0.331	0.207	1.499	0.304	0.349	0.681	0.695	0.319	0.305	30
515	11910	41.12	20.21	198.633	0.156	0.333	0.198	1.462	0.286	0.326	0.658	0.664	0.342	0.336	30
516	11911	41.12	20.46	195.547	0.187	0.329	0.182	1.439	0.264	0.296	0.636	0.634	0.365	0.366	30
517	11912	41.12	20.71	197.512	0.164	0.323	0.175	1.478	0.254	0.287	0.63	0.63	0.37	0.37	30
518	11913	41.12	20.96	196.888	0.16	0.314	0.162	1.474	0.225	0.251	0.603	0.597	0.397	0.403	30
519	11914	41.12	21.21	196.511	0.151	0.308	0.164	1.493	0.226	0.253	0.61	0.609	0.39	0.391	30
520	11915	41.12	21.46	199.556	0.115	0.308	0.179	1.532	0.251	0.28	0.653	0.66	0.347	0.34	30
521	11916	41.12	21.71	199.067	0.172	0.31	0.177	1.499	0.24	0.273	0.598	0.604	0.402	0.396	30
522	11917	41.12	21.96	198.79	0.174	0.31	0.169	1.476	0.229	0.261	0.6	0.596	0.4	0.404	30
523	11918	41.12	22.21	199.053	0.168	0.318	0.181	1.482	0.243	0.284	0.617	0.62	0.383	0.38	30
524	11919	41.12	22.46	199.887	0.138	0.313	0.192	1.52	0.259	0.311	0.603	0.622	0.396	0.377	30
525	11920	41.12	22.71	199.967	0.122	0.313	0.198	1.535	0.27	0.321	0.618	0.643	0.382	0.357	30
526	11921	41.12	22.96	199.82	0.133	0.311	0.192	1.526	0.256	0.311	0.592	0.618	0.408	0.382	30
527	11922	41.12	23.21	199.803	0.125	0.308	0.182	1.519	0.241	0.289	0.586	0.605	0.414	0.395	30
528	11923	41.12	23.46	199.893	0.119	0.304	0.181	1.527	0.244	0.283	0.599	0.616	0.401	0.385	30
529	11924	41.12	23.71	199.656	0.144	0.31	0.181	1.509	0.246	0.281	0.604	0.615	0.396	0.385	30
530	11925	41.12	23.96	199.5	0.134	0.309	0.188	1.516	0.258	0.297	0.616	0.631	0.384	0.369	30
531	11926	41.12	24.21	199.502	0.127	0.309	0.185	1.515	0.25	0.29	0.605	0.62	0.395	0.38	30
532	11927	41.12	24.46	199.846	0.145	0.313	0.182	1.51	0.239	0.284	0.58	0.592	0.419	0.408	30
533	11928	41.12	24.71	199.738	0.139	0.309	0.179	1.506	0.232	0.273	0.576	0.586	0.424	0.414	30
534	11929	41.12	24.96	199.818	0.122	0.309	0.182	1.518	0.239	0.281	0.589	0.603	0.411	0.397	30
535	11930	41.12	25.21	199.753	0.119	0.31	0.181	1.516	0.244	0.283	0.588	0.602	0.412	0.398	30
536	11931	41.12	25.46	199.779	0.117	0.305	0.187	1.525	0.254	0.297	0.599	0.617	0.401	0.383	30
537	11932	41.12	25.71	199.85	0.135	0.31	0.189	1.52	0.25	0.298	0.594	0.612	0.406	0.388	30
538	11933	41.12	25.96	199.839	0.137	0.313	0.188	1.517	0.245	0.295	0.589	0.605	0.411	0.395	30
539	11934	41.12	26.21	199.934	0.117	0.307	0.188	1.527	0.259	0.304	0.606	0.623	0.394	0.377	30
540	11935	41.12	26.46	199.992	0.091	0.314	0.2	1.535	0.302	0.332	0.684	0.691	0.316	0.309	30
541	11936	41.12	26.71	199.995	0.098	0.321	0.213	1.534	0.325	0.36	0.727	0.735	0.273	0.265	30
542	11937	41.12	26.96	199.999	0.1	0.322	0.213	1.534	0.325	0.36	0.733	0.742	0.267	0.258	30
543	11938	41.12	27.21	199.996	0.094	0.322	0.211	1.533	0.324	0.355	0.736	0.744	0.264	0.256	30
544	11939	41.12	27.46	199.984	0.097	0.324	0.212	1.529	0.328	0.359	0.746	0.754	0.254	0.247	30
545	11940	41.12	27.71	199.994	0.099	0.324	0.213	1.523	0.324	0.355	0.745	0.753	0.255	0.247	30
546	11941	41.12	27.96	199.995	0.102	0.32	0.208	1.526	0.303	0.339	0.714	0.724	0.286	0.276	30
547	11942	41.12	28.46	199.838	0.106	0.328	0.209	1.518	0.313	0.351	0.717	0.725	0.283	0.275	30
548	11943	41.12	28.71	199.376	0.113	0.325	0.203	1.508	0.307	0.341	0.702	0.707	0.298	0.293	30
549	11944	41.12	29.21	198.626	0.107	0.322	0.192	1.487	0.273	0.315	0.646	0.656	0.354	0.344	30
550	11945	41.12	29.46	199.513	0.101	0.321	0.194	1.488	0.273	0.319	0.653	0.665	0.347	0.335	30
551	11946	41.12	29.71	199.682	0.103	0.328	0.2	1.482	0.291	0.339	0.674	0.686	0.326	0.315	30
552	11947	41.12	29.96	199.704	0.105	0.33	0.204	1.484	0.304	0.349	0.693	0.703	0.308	0.297	30
553	11948	41.12	30.21	199.897	0.102	0.326	0.203	1.496	0.303	0.345	0.7	0.709	0.3	0.292	30
554	11949	41.12	30.46	199.944	0.093	0.321	0.193	1.496	0.29	0.325	0.677	0.681	0.323	0.319	30
555	11950	41.12	30.71	199.24	0.101	0.323	0.193	1.484	0.289	0.322	0.674	0.677	0.327	0.323	30
556	11951	41.12	30.96	198.35	0.122	0.322	0.189	1.485	0.287	0.319	0.677	0.68	0.323	0.321	30
557	11952	41.12	31.21	197.282	0.128	0.322	0.189	1.475	0.297	0.333	0.682	0.686	0.318	0.314	30
558	11953	41.12	31.46	197.084	0.143	0.327	0.193	1.47	0.3	0.34	0.689	0.694	0.311	0.306	30
559	11954	41.12	31.71	196.707	0.162	0.321	0.184	1.467	0.279	0.315	0.664	0.665	0.336	0.335	30
560	11955	41.12	31.96	196.252	0.154	0.312	0.176	1.486	0.266	0.3	0.624	0.627	0.376	0.373	30
561	11956	41.12	32.21	194.97	0.151	0.307	0.165	1.475	0.247	0.274	0.608	0.604	0.393	0.397	30
562	11957	41.12	32.46	193.942	0.172	0.307	0.157	1.465	0.231	0.251	0.606	0.597	0.394	0.403	30
563	11958	41.12	32.71	197.9	0.169	0.305	0.164	1.493	0.246	0.268	0.622	0.62	0.378	0.38	30
564	11959	41.12	32.96	198.847	0.163	0.304	0.164	1.495	0.246	0.27	0.625	0.624	0.376	0.376	30
565	11960	41.12	33.21	197.207	0.172	0.297	0.155	1.482	0.226	0.246	0.612	0.605	0.388	0.395	30
566	11961	41.12	33.46	197.433	0.176	0.298	0.153	1.471	0.221	0.238	0.622	0.609	0.378	0.391	30
567	11962	41.12	33.71	196.632	0.18	0.298	0.148	1.463	0.209	0.222	0.609	0.588	0.391	0.413	30
568	11963	41.12	33.96	196.494	0.186	0.299	0.147	1.465	0.201	0.215	0.6	0.577	0.4	0.423	30
569	11964	41.12	34.21	197.342	0.182	0.299	0.151	1.478	0.21	0.227	0.601	0.585	0.399	0.415	30
570	11965	41.12	34.46	196.215	0.192	0.299	0.155	1.483	0.221	0.239	0.603	0.59	0.397	0.41	30
571	11966	41.12	34.71	196.308	0.185	0.303	0.167	1.5	0.248	0.269	0.631	0.626	0.369	0.374	30
572	11967	40.87	-8.54	199.832	0.139	0.324	0.167	1.468	0.191	0.27	0.519	0.559	0.481	0.44	30
573	11968	40.87	-8.29	199.238	0.211	0.324	0.164	1.45	0.188	0.268	0.517	0.553	0.482	0.447	30
574	11969	40.87	-8.04	199.607	0.225	0.318	0.158	1.45	0.177	0.253	0.485	0.524	0.515	0.476	30
575	11970	40.87	-7.79	199.923	0.213	0.308	0.152	1.463	0.164	0.239	0.454	0.498	0.546	0.502	30
576	11971	40.87	-7.54	199.852	0.23	0.297	0.147	1.481	0.164	0.234	0.432	0.48	0.568	0.52	30
577	11972	40.87	-7.29	199.565	0.238	0.29	0.15	1.506	0.174	0.238	0.448	0.49	0.551	0.51	30
578	11973	40.87	-7.04	198.591	0.24	0.29	0.156	1.522	0.185	0.245	0.48	0.511	0.52	0.489	30
579	11974	40.87	-6.79	198.358	0.23	0.293	0.157	1.518	0.185	0.244	0.492	0.521	0.509	0.479	30
580	11975	40.87	-6.54	199.736	0.191	0.291	0.158	1.517	0.181	0.24	0.499	0.529	0.501	0.471	30
581	11976	40.87	-6.29	199.929	0.171	0.292	0.16	1.519	0.182	0.238	0.501	0.529	0.499	0.471	30
582	11977	40.87	-6.04	199.916	0.171	0.3	0.166	1.517	0.2	0.252	0.524	0.549	0.476	0.451	30
583	11978	40.87	-5.79	199.935	0.164	0.305	0.175	1.519	0.223	0.268	0.562	0.582	0.438	0.418	30
584	11979	40.87	-5.54	199.968	0.151	0.292	0.17	1.527	0.222	0.256	0.541	0.557	0.459	0.443	30
585	11980	40.87	-5.29	199.994	0.15	0.276	0.159	1.537	0.212	0.246	0.498	0.517	0.502	0.483	30
586	11981	40.87	-5.04	199.998	0.157	0.272	0.154	1.532	0.208	0.241	0.488	0.506	0.512	0.494	30
587	11982	40.87	-4.79	199.999	0.153	0.269	0.149	1.529	0.197	0.227	0.47	0.487	0.53	0.513	30
588	11983	40.87	-4.54	199.989	0.162	0.276	0.152	1.523	0.198	0.228	0.491	0.506	0.509	0.494	30
589	11984	40.87	-4.29	199.666	0.16	0.281	0.153	1.517	0.201	0.231	0.51	0.523	0.49	0.477	30
590	11985	40.87	-4.04	197.407	0.196	0.278	0.142	1.491	0.176	0.204	0.5	0.503	0.5	0.497	30
591	11986	40.87	-3.79	198.096	0.211	0.28	0.14	1.495	0.168	0.198	0.481	0.487	0.519	0.513	30
592	11987	40.87	-3.54	199.334	0.21	0.292	0.156	1.516	0.203	0.237	0.525	0.538	0.475	0.462	30
593	11988	40.87	-3.29	199.518	0.206	0.299	0.165	1.519	0.226	0.257	0.574	0.583	0.425	0.417	30
594	11989	40.87	-3.04	199.89	0.187	0.298	0.167	1.518	0.231	0.257	0.588	0.594	0.412	0.406	30
595	11990	40.87	-2.79	199.989	0.19	0.295	0.164	1.518	0.222	0.246	0.576	0.582	0.424	0.418	30
596	11991	40.87	-2.54	199.914	0.203	0.299	0.165	1.508	0.221	0.249	0.565	0.574	0.434	0.426	30
597	11992	40.87	-2.29	199.591	0.218	0.306	0.165	1.498	0.219	0.248	0.565	0.573	0.435	0.427	30
598	11993	40.87	-2.04	199.508	0.211	0.308	0.166	1.497	0.218	0.249	0.568	0.574	0.432	0.425	30
599	11994	40.87	-1.79	199.912	0.179	0.297	0.168	1.508	0.225	0.253	0.581	0.588	0.419	0.412	30
600	11995	40.87	-1.54	199.991	0.166	0.292	0.169	1.517	0.229	0.256	0.589	0.597	0.411	0.403	30
601	11996	40.87	-1.29	199.947	0.171	0.291	0.169	1.52	0.235	0.262	0.595	0.604	0.405	0.396	30
602	11997	40.87	-1.04	199.859	0.186	0.301	0.175	1.506	0.241	0.272	0.607	0.614	0.394	0.386	30
603	11998	40.87	-0.789999999999999	199.733	0.208	0.31	0.18	1.507	0.244	0.279	0.614	0.623	0.386	0.377	30
604	11999	40.87	-0.539999999999999	199.595	0.208	0.316	0.185	1.511	0.251	0.291	0.629	0.64	0.371	0.36	30
605	12000	40.87	-0.289999999999999	199.356	0.199	0.316	0.19	1.519	0.255	0.301	0.639	0.654	0.361	0.346	30
606	12001	40.87	-0.0399999999999991	197.799	0.223	0.326	0.196	1.514	0.265	0.314	0.646	0.658	0.354	0.342	30
607	12002	40.87	0.210000000000001	195.534	0.216	0.328	0.196	1.512	0.264	0.312	0.645	0.655	0.355	0.345	30
608	12003	40.87	0.460000000000001	195.263	0.193	0.326	0.196	1.524	0.258	0.307	0.626	0.643	0.374	0.357	30
609	12004	40.87	0.710000000000001	195.056	0.171	0.33	0.198	1.518	0.272	0.316	0.632	0.649	0.368	0.351	30
610	12005	40.87	8.71	198.722	0.154	0.335	0.198	1.489	0.283	0.333	0.635	0.653	0.365	0.347	30
611	12006	40.87	8.96	197.022	0.169	0.327	0.188	1.487	0.252	0.307	0.579	0.604	0.421	0.396	30
612	12007	40.87	9.21	196.874	0.18	0.319	0.178	1.488	0.225	0.285	0.519	0.55	0.481	0.45	30
613	12008	40.87	9.46	194.413	0.175	0.321	0.178	1.497	0.224	0.285	0.508	0.543	0.492	0.457	30
614	12009	40.87	9.71	193.528	0.18	0.324	0.181	1.494	0.231	0.291	0.526	0.559	0.474	0.441	30
615	12010	40.87	14.21	199.907	0.087	0.32	0.193	1.5	0.283	0.323	0.645	0.659	0.355	0.341	30
616	12011	40.87	14.46	199.193	0.11	0.324	0.196	1.479	0.28	0.326	0.647	0.662	0.353	0.338	30
617	12012	40.87	14.71	197.822	0.144	0.335	0.2	1.457	0.289	0.338	0.671	0.682	0.329	0.318	30
618	12013	40.87	14.96	198.205	0.157	0.339	0.205	1.465	0.3	0.345	0.694	0.699	0.306	0.301	30
619	12014	40.87	15.21	198.398	0.163	0.344	0.215	1.487	0.318	0.359	0.714	0.717	0.286	0.283	30
620	12015	40.87	15.46	199.391	0.165	0.35	0.225	1.505	0.337	0.377	0.726	0.732	0.275	0.268	30
621	12016	40.87	15.71	199.809	0.162	0.344	0.222	1.519	0.333	0.373	0.722	0.732	0.278	0.269	30
622	12017	40.87	15.96	199.992	0.156	0.343	0.224	1.528	0.346	0.383	0.741	0.751	0.26	0.25	30
623	12018	40.87	16.21	199.973	0.152	0.343	0.226	1.527	0.351	0.387	0.762	0.772	0.239	0.228	30
624	12019	40.87	16.46	199.93	0.145	0.337	0.22	1.528	0.329	0.375	0.75	0.761	0.25	0.239	30
625	12020	40.87	16.71	199.829	0.14	0.333	0.216	1.527	0.315	0.372	0.747	0.761	0.253	0.239	30
626	12021	40.87	16.96	199.907	0.128	0.329	0.214	1.525	0.307	0.366	0.736	0.753	0.264	0.247	30
627	12022	40.87	17.21	199.434	0.131	0.331	0.213	1.517	0.298	0.359	0.729	0.745	0.271	0.255	30
628	12023	40.87	19.46	199.996	0.047	0.343	0.199	1.504	0.32	0.351	0.713	0.724	0.287	0.276	30
629	12024	40.87	19.71	199.978	0.06	0.329	0.207	1.543	0.314	0.348	0.723	0.737	0.277	0.263	30
630	12025	40.87	19.96	199.851	0.104	0.331	0.211	1.517	0.307	0.346	0.695	0.708	0.305	0.292	30
631	12026	40.87	20.21	198.529	0.16	0.334	0.2	1.466	0.29	0.327	0.656	0.662	0.344	0.338	30
632	12027	40.87	20.46	195.705	0.193	0.331	0.184	1.433	0.268	0.299	0.639	0.638	0.361	0.362	30
633	12028	40.87	20.71	196.549	0.166	0.323	0.179	1.478	0.267	0.298	0.646	0.647	0.354	0.353	30
634	12029	40.87	20.96	194.744	0.169	0.315	0.163	1.477	0.235	0.264	0.61	0.608	0.39	0.392	30
635	12030	40.87	21.21	193.71	0.181	0.311	0.156	1.469	0.213	0.235	0.587	0.579	0.413	0.421	30
636	12031	40.87	21.46	198.583	0.129	0.307	0.173	1.517	0.243	0.271	0.643	0.646	0.357	0.354	30
637	12032	40.87	21.71	198.403	0.172	0.31	0.174	1.495	0.24	0.273	0.614	0.618	0.386	0.382	30
638	12033	40.87	21.96	198.649	0.165	0.316	0.184	1.495	0.247	0.291	0.615	0.624	0.385	0.376	30
639	12034	40.87	22.21	199.81	0.138	0.317	0.193	1.516	0.258	0.306	0.633	0.65	0.367	0.35	30
640	12035	40.87	22.46	199.952	0.117	0.318	0.197	1.53	0.272	0.312	0.636	0.652	0.364	0.348	30
641	12036	40.87	22.71	199.995	0.106	0.311	0.199	1.547	0.281	0.324	0.646	0.669	0.354	0.331	30
642	12037	40.87	22.96	199.987	0.129	0.308	0.196	1.54	0.272	0.325	0.614	0.642	0.386	0.358	30
643	12038	40.87	23.21	199.993	0.139	0.305	0.184	1.528	0.238	0.293	0.571	0.596	0.429	0.404	30
644	12039	40.87	23.46	199.939	0.123	0.307	0.184	1.529	0.244	0.29	0.586	0.607	0.413	0.393	30
645	12040	40.87	23.71	199.76	0.115	0.31	0.187	1.527	0.259	0.296	0.607	0.623	0.393	0.377	30
646	12041	40.87	23.96	199.506	0.138	0.31	0.187	1.52	0.259	0.298	0.611	0.627	0.389	0.374	30
647	12042	40.87	24.21	199.32	0.14	0.312	0.183	1.504	0.25	0.289	0.6	0.612	0.4	0.388	30
648	12043	40.87	24.71	198.608	0.113	0.305	0.175	1.517	0.231	0.269	0.582	0.595	0.418	0.405	30
649	12044	40.87	25.46	199.808	0.126	0.309	0.187	1.521	0.25	0.296	0.594	0.612	0.406	0.388	30
650	12045	40.87	25.71	199.848	0.134	0.309	0.19	1.524	0.254	0.305	0.594	0.616	0.406	0.384	30
651	12046	40.87	25.96	199.956	0.122	0.314	0.191	1.518	0.264	0.311	0.615	0.633	0.385	0.367	30
652	12047	40.87	26.21	199.966	0.094	0.316	0.19	1.52	0.285	0.315	0.659	0.666	0.341	0.334	30
653	12048	40.87	26.46	199.938	0.09	0.316	0.201	1.531	0.307	0.337	0.699	0.704	0.301	0.296	30
654	12049	40.87	26.71	199.705	0.112	0.32	0.208	1.524	0.313	0.352	0.708	0.72	0.292	0.28	30
655	12050	40.87	26.96	199.902	0.114	0.323	0.21	1.523	0.319	0.359	0.727	0.737	0.273	0.263	30
656	12051	40.87	27.21	199.911	0.12	0.326	0.212	1.52	0.322	0.361	0.737	0.746	0.263	0.254	30
657	12052	40.87	29.46	199.532	0.119	0.32	0.197	1.5	0.291	0.334	0.671	0.683	0.329	0.318	30
658	12053	40.87	29.71	199.426	0.126	0.327	0.201	1.492	0.301	0.346	0.682	0.693	0.318	0.307	30
659	12054	40.87	29.96	199.637	0.122	0.328	0.203	1.497	0.305	0.347	0.697	0.706	0.303	0.294	30
660	12055	40.87	30.21	199.702	0.112	0.324	0.202	1.501	0.301	0.339	0.699	0.706	0.301	0.294	30
661	12056	40.87	30.46	199.873	0.094	0.317	0.191	1.504	0.288	0.318	0.684	0.685	0.316	0.315	30
662	12057	40.87	30.71	198.72	0.119	0.322	0.191	1.491	0.287	0.32	0.677	0.68	0.324	0.32	30
663	12058	40.87	30.96	198.181	0.132	0.324	0.188	1.486	0.282	0.314	0.68	0.681	0.32	0.319	30
664	12059	40.87	31.21	198.326	0.131	0.318	0.185	1.488	0.279	0.309	0.673	0.673	0.327	0.327	30
665	12060	40.87	31.46	196.881	0.156	0.314	0.173	1.47	0.258	0.282	0.647	0.64	0.353	0.36	30
666	12061	40.87	31.71	194.652	0.167	0.306	0.159	1.462	0.235	0.255	0.617	0.606	0.383	0.394	30
667	12062	40.87	31.96	195.583	0.147	0.304	0.161	1.477	0.238	0.261	0.617	0.611	0.383	0.389	30
668	12063	40.87	32.21	196.288	0.146	0.309	0.162	1.468	0.237	0.256	0.627	0.616	0.373	0.384	30
669	12064	40.87	32.46	196.876	0.169	0.309	0.159	1.465	0.233	0.251	0.632	0.622	0.368	0.378	30
670	12065	40.87	32.71	198.894	0.153	0.309	0.168	1.478	0.254	0.269	0.662	0.653	0.338	0.347	30
