# Command file for Castanea
# Generated on Rstudio by user vandermeersch, on the 2023-06-23

# The filenames below are relative to the folder containing this command file
castaneaFileName	=	CastaneaSpecies_08_2021.txt
inventoryFileName	=	C:/Users/vandermeersch/Documents/CEFE/phd/hindcasting/simulation/castanea/run/inventory.txt

climateBaseName	=	D:/climate/HadCM3B_60Kyr_Climate/2023_dataset/castanea_format/025deg/5500BP/
climateExtension	=	.txt
simulationName	=	ind1_


#	siteId	gridName	latitude	longitude	soilHeight	stone	wfc	wilt	bulk	SOLCLAYtop	SOLCLAYsol	SOLFINtop	SOLFINsol	SOLSANDtop	SOLSANDsol	numberOfYears
1	2012	63.37	13.96	197.657	0.196	0.314	0.114	1.383	0.107	0.119	0.501	0.469	0.499	0.53	30
2	2013	63.37	14.21	198.936	0.185	0.314	0.114	1.382	0.105	0.116	0.491	0.462	0.509	0.538	30
3	2014	63.37	14.46	199.396	0.18	0.313	0.113	1.395	0.099	0.111	0.483	0.456	0.517	0.544	30
4	2015	63.37	14.71	199.713	0.182	0.312	0.112	1.399	0.099	0.113	0.494	0.465	0.506	0.535	30
5	2016	63.37	14.96	199.777	0.18	0.313	0.111	1.399	0.096	0.109	0.489	0.459	0.511	0.541	30
6	2017	63.37	15.21	199.905	0.18	0.309	0.107	1.4	0.086	0.099	0.481	0.451	0.519	0.549	30
7	2018	63.37	15.46	199.943	0.18	0.303	0.101	1.409	0.074	0.085	0.466	0.438	0.533	0.562	30
8	2019	63.37	15.71	199.871	0.188	0.3	0.099	1.406	0.076	0.085	0.468	0.439	0.532	0.561	30
9	2020	63.37	15.96	199.732	0.19	0.302	0.099	1.397	0.08	0.09	0.47	0.443	0.53	0.557	30
10	2021	63.37	16.21	199.822	0.185	0.302	0.097	1.387	0.078	0.088	0.469	0.444	0.531	0.556	30
11	2022	63.37	16.46	199.842	0.186	0.3	0.096	1.388	0.077	0.088	0.469	0.444	0.531	0.556	30
12	2023	63.37	16.71	199.91	0.184	0.301	0.097	1.377	0.076	0.088	0.468	0.445	0.532	0.555	30
13	2024	63.37	16.96	199.914	0.186	0.301	0.097	1.366	0.075	0.086	0.466	0.443	0.534	0.557	30
14	2025	63.37	17.21	199.771	0.19	0.3	0.095	1.369	0.073	0.084	0.448	0.425	0.552	0.574	30
15	2026	63.37	17.46	199.647	0.196	0.299	0.094	1.361	0.076	0.086	0.44	0.417	0.56	0.583	30
16	2027	63.37	17.71	199.473	0.197	0.301	0.095	1.344	0.082	0.091	0.438	0.414	0.562	0.586	30
17	2028	63.37	17.96	198.992	0.193	0.301	0.097	1.333	0.084	0.093	0.438	0.412	0.562	0.588	30
18	2029	63.37	18.21	199.067	0.192	0.304	0.101	1.336	0.093	0.102	0.45	0.425	0.55	0.575	30
19	2030	63.37	18.46	198.935	0.183	0.305	0.103	1.337	0.096	0.105	0.446	0.424	0.554	0.576	30
20	2031	63.37	18.71	198.344	0.182	0.306	0.105	1.326	0.097	0.106	0.432	0.413	0.567	0.587	30
21	2032	63.37	23.96	199.997	0.144	0.306	0.106	1.332	0.089	0.102	0.419	0.41	0.581	0.59	30
22	2033	63.37	24.21	199.917	0.146	0.304	0.104	1.32	0.081	0.096	0.402	0.395	0.598	0.605	30
23	2034	63.37	24.46	199.523	0.157	0.305	0.104	1.316	0.069	0.085	0.38	0.371	0.62	0.629	30
24	2035	63.37	24.71	199.041	0.156	0.307	0.105	1.32	0.07	0.087	0.384	0.375	0.616	0.625	30
25	2036	63.37	24.96	199.245	0.153	0.304	0.104	1.345	0.074	0.09	0.393	0.382	0.607	0.618	30
26	2037	63.37	25.21	199.251	0.159	0.299	0.101	1.353	0.07	0.085	0.385	0.37	0.615	0.63	30
27	2038	63.37	25.46	199.459	0.155	0.301	0.104	1.353	0.075	0.088	0.4	0.385	0.6	0.615	30
28	2039	63.37	25.71	199.605	0.159	0.302	0.104	1.361	0.075	0.088	0.399	0.384	0.601	0.616	30
29	2040	63.37	25.96	199.776	0.161	0.298	0.1	1.37	0.068	0.082	0.388	0.374	0.612	0.626	30
30	2041	63.37	26.21	199.857	0.156	0.299	0.101	1.368	0.077	0.09	0.409	0.395	0.591	0.605	30
31	2042	63.37	26.46	199.552	0.151	0.303	0.105	1.365	0.09	0.102	0.434	0.418	0.566	0.582	30
32	2043	63.37	26.71	199.523	0.15	0.305	0.107	1.369	0.091	0.103	0.433	0.417	0.567	0.583	30
33	2044	63.37	26.96	199.691	0.151	0.301	0.104	1.374	0.083	0.096	0.428	0.413	0.572	0.587	30
34	2045	63.37	27.21	199.527	0.139	0.312	0.113	1.382	0.116	0.126	0.492	0.477	0.508	0.523	30
35	2046	63.37	27.46	199.709	0.146	0.31	0.111	1.384	0.104	0.114	0.468	0.454	0.532	0.546	30
36	2047	63.37	27.71	199.948	0.158	0.304	0.103	1.377	0.081	0.092	0.437	0.424	0.563	0.576	30
37	2048	63.37	27.96	199.626	0.152	0.307	0.105	1.376	0.092	0.101	0.455	0.441	0.545	0.559	30
38	2049	63.37	28.21	199.648	0.156	0.303	0.102	1.372	0.083	0.092	0.427	0.414	0.573	0.586	30
39	2050	63.37	28.46	199.855	0.161	0.298	0.096	1.371	0.067	0.078	0.393	0.383	0.607	0.617	30
40	2051	63.37	28.71	199.826	0.167	0.293	0.09	1.374	0.059	0.07	0.378	0.369	0.622	0.63	30
41	2052	63.37	28.96	199.5	0.162	0.295	0.093	1.374	0.072	0.081	0.41	0.397	0.59	0.603	30
42	2053	63.37	29.21	196.1	0.158	0.305	0.105	1.363	0.096	0.103	0.448	0.431	0.551	0.568	30
43	2054	63.37	29.46	192.901	0.169	0.311	0.111	1.35	0.102	0.109	0.45	0.435	0.549	0.565	30
44	2055	63.37	29.71	195.789	0.161	0.311	0.11	1.362	0.101	0.108	0.458	0.443	0.542	0.557	30
45	2056	63.37	29.96	198.01	0.155	0.305	0.104	1.372	0.088	0.095	0.43	0.416	0.57	0.584	30
46	2057	63.37	30.21	199.408	0.159	0.294	0.095	1.377	0.069	0.077	0.384	0.367	0.616	0.633	30
47	2058	63.37	30.46	199.128	0.165	0.293	0.093	1.379	0.066	0.076	0.387	0.367	0.613	0.633	30
48	2059	63.37	30.71	199.327	0.164	0.294	0.093	1.386	0.064	0.073	0.381	0.362	0.619	0.638	30
49	2060	63.37	30.96	199.258	0.154	0.293	0.091	1.391	0.061	0.072	0.382	0.364	0.618	0.636	30
50	2061	63.37	31.21	198.718	0.149	0.297	0.094	1.388	0.07	0.079	0.4	0.383	0.6	0.617	30
51	2062	63.37	31.46	198.581	0.143	0.296	0.093	1.402	0.067	0.077	0.404	0.386	0.595	0.613	30
52	2063	63.37	31.71	196.946	0.146	0.294	0.092	1.406	0.065	0.075	0.401	0.385	0.599	0.615	30
53	2064	63.37	31.96	194.873	0.152	0.299	0.096	1.393	0.067	0.078	0.408	0.391	0.592	0.609	30
54	2065	63.37	32.21	198.841	0.141	0.304	0.104	1.383	0.072	0.084	0.405	0.389	0.594	0.611	30
55	2066	63.37	32.46	199.475	0.136	0.302	0.104	1.39	0.076	0.088	0.413	0.395	0.587	0.605	30
56	2067	63.37	32.71	199.586	0.133	0.302	0.103	1.384	0.082	0.093	0.423	0.405	0.577	0.595	30
57	2068	63.37	32.96	199.228	0.134	0.304	0.105	1.382	0.08	0.09	0.423	0.404	0.577	0.596	30
58	2069	63.37	33.21	199.052	0.122	0.309	0.109	1.374	0.086	0.094	0.439	0.422	0.56	0.578	30
59	2070	63.37	33.46	191.778	0.16	0.318	0.117	1.348	0.105	0.111	0.461	0.445	0.539	0.555	30
60	2071	63.37	33.71	187.803	0.158	0.323	0.121	1.34	0.108	0.115	0.457	0.442	0.543	0.558	30
61	2072	63.37	33.96	193.938	0.124	0.318	0.115	1.34	0.099	0.108	0.44	0.427	0.56	0.573	30
62	2073	63.37	34.21	198.941	0.088	0.313	0.109	1.311	0.089	0.101	0.432	0.423	0.568	0.577	30
63	2074	63.37	34.46	198.465	0.1	0.312	0.106	1.343	0.092	0.105	0.436	0.427	0.564	0.572	30
64	2075	63.37	34.71	195.956	0.107	0.318	0.113	1.316	0.111	0.122	0.471	0.462	0.529	0.538	30
65	2076	63.12	8.46	161.091	0.252	0.307	0.105	1.259	0.084	0.085	0.445	0.411	0.556	0.589	30
66	2077	63.12	8.71	151.159	0.27	0.307	0.105	1.244	0.083	0.083	0.446	0.415	0.554	0.585	30
67	2078	63.12	8.96	142.06	0.262	0.305	0.101	1.245	0.081	0.079	0.439	0.41	0.561	0.59	30
68	2079	63.12	9.21	143.825	0.255	0.304	0.1	1.251	0.08	0.079	0.442	0.415	0.559	0.585	30
69	2080	63.12	9.46	148.755	0.242	0.303	0.099	1.281	0.076	0.076	0.451	0.425	0.549	0.575	30
70	2081	63.12	9.71	162.73	0.236	0.304	0.101	1.326	0.085	0.087	0.468	0.438	0.533	0.563	30
71	2082	63.12	9.96	167.886	0.225	0.305	0.101	1.328	0.088	0.091	0.476	0.444	0.524	0.556	30
72	2083	63.12	10.21	174.449	0.229	0.305	0.102	1.33	0.093	0.096	0.48	0.446	0.52	0.555	30
73	2084	63.12	10.46	162.671	0.227	0.302	0.099	1.316	0.088	0.088	0.477	0.444	0.524	0.556	30
74	2085	63.12	10.71	155.973	0.236	0.302	0.098	1.285	0.082	0.082	0.462	0.438	0.538	0.562	30
75	2086	63.12	10.96	169.042	0.231	0.303	0.098	1.312	0.084	0.085	0.467	0.442	0.533	0.559	30
76	2087	63.12	11.21	167.641	0.241	0.302	0.098	1.305	0.081	0.082	0.466	0.438	0.534	0.563	30
77	2088	63.12	11.46	158.275	0.248	0.302	0.097	1.278	0.071	0.072	0.448	0.425	0.552	0.575	30
78	2089	63.12	11.71	160.509	0.24	0.301	0.096	1.268	0.071	0.072	0.445	0.425	0.555	0.575	30
79	2090	63.12	11.96	160.5	0.228	0.304	0.098	1.23	0.069	0.069	0.441	0.423	0.559	0.577	30
80	2091	63.12	12.21	161.114	0.235	0.304	0.099	1.234	0.067	0.065	0.433	0.418	0.566	0.582	30
81	2092	63.12	12.46	171.882	0.242	0.303	0.099	1.274	0.065	0.062	0.424	0.407	0.575	0.592	30
82	2093	63.12	12.71	177.892	0.242	0.302	0.099	1.306	0.064	0.061	0.426	0.404	0.574	0.596	30
83	2094	63.12	12.96	187.719	0.235	0.302	0.098	1.332	0.065	0.063	0.44	0.408	0.56	0.592	30
84	2095	63.12	13.21	191.262	0.228	0.303	0.099	1.335	0.068	0.069	0.442	0.411	0.558	0.589	30
85	2096	63.12	13.46	196.702	0.208	0.305	0.1	1.325	0.076	0.081	0.447	0.419	0.554	0.581	30
86	2097	63.12	13.71	196.509	0.213	0.305	0.101	1.35	0.084	0.089	0.455	0.426	0.545	0.574	30
87	2098	63.12	13.96	198.835	0.197	0.31	0.107	1.367	0.095	0.105	0.478	0.447	0.522	0.553	30
88	2099	63.12	14.21	199.049	0.179	0.319	0.118	1.368	0.119	0.132	0.501	0.474	0.499	0.526	30
89	2100	63.12	14.46	198.302	0.176	0.32	0.122	1.377	0.125	0.138	0.512	0.487	0.487	0.513	30
90	2101	63.12	14.71	199.382	0.178	0.316	0.119	1.397	0.116	0.131	0.507	0.481	0.493	0.519	30
91	2102	63.12	14.96	199.708	0.179	0.312	0.113	1.401	0.098	0.112	0.482	0.456	0.518	0.544	30
92	2103	63.12	15.21	199.761	0.186	0.303	0.103	1.403	0.082	0.094	0.466	0.438	0.534	0.561	30
93	2104	63.12	15.46	199.767	0.191	0.3	0.1	1.406	0.078	0.088	0.462	0.434	0.538	0.566	30
94	2105	63.12	15.71	199.79	0.191	0.302	0.1	1.399	0.084	0.094	0.478	0.45	0.522	0.55	30
95	2106	63.12	15.96	199.639	0.192	0.302	0.1	1.393	0.085	0.095	0.477	0.45	0.523	0.55	30
96	2107	63.12	16.21	199.774	0.188	0.301	0.099	1.392	0.08	0.091	0.472	0.447	0.528	0.553	30
97	2108	63.12	16.46	199.894	0.187	0.301	0.098	1.387	0.079	0.09	0.469	0.444	0.531	0.556	30
98	2109	63.12	16.71	199.903	0.183	0.3	0.098	1.365	0.079	0.09	0.46	0.437	0.54	0.563	30
99	2110	63.12	16.96	199.881	0.18	0.302	0.099	1.35	0.079	0.09	0.457	0.433	0.543	0.566	30
100	2111	63.12	17.21	199.68	0.183	0.302	0.099	1.349	0.084	0.094	0.455	0.431	0.545	0.569	30
101	2112	63.12	17.71	199.073	0.181	0.306	0.103	1.329	0.096	0.105	0.453	0.43	0.547	0.57	30
102	2113	63.12	17.96	197.239	0.184	0.304	0.101	1.307	0.091	0.099	0.433	0.406	0.567	0.594	30
103	2114	63.12	18.21	197.531	0.177	0.307	0.103	1.317	0.1	0.107	0.448	0.422	0.552	0.578	30
104	2115	63.12	23.46	199.966	0.151	0.306	0.109	1.338	0.094	0.11	0.411	0.403	0.589	0.596	30
105	2116	63.12	23.71	199.869	0.149	0.312	0.114	1.349	0.107	0.122	0.452	0.443	0.548	0.557	30
106	2117	63.12	23.96	199.995	0.15	0.305	0.106	1.354	0.091	0.106	0.426	0.417	0.574	0.583	30
107	2118	63.12	24.21	199.93	0.154	0.304	0.102	1.344	0.077	0.093	0.402	0.392	0.598	0.608	30
108	2119	63.12	24.46	199.745	0.154	0.308	0.105	1.336	0.077	0.094	0.414	0.402	0.586	0.598	30
109	2120	63.12	24.71	199.659	0.159	0.303	0.103	1.344	0.068	0.084	0.393	0.38	0.607	0.62	30
110	2121	63.12	24.96	199.695	0.159	0.301	0.102	1.357	0.069	0.085	0.394	0.38	0.606	0.621	30
111	2122	63.12	25.21	198.966	0.164	0.304	0.106	1.364	0.08	0.094	0.408	0.393	0.591	0.607	30
112	2123	63.12	25.46	199.584	0.162	0.303	0.104	1.369	0.082	0.095	0.418	0.402	0.582	0.598	30
113	2124	63.12	25.71	199.59	0.162	0.303	0.104	1.366	0.083	0.096	0.421	0.405	0.579	0.595	30
114	2125	63.12	25.96	199.625	0.158	0.303	0.105	1.369	0.082	0.094	0.424	0.409	0.576	0.591	30
115	2126	63.12	26.21	199.862	0.151	0.299	0.101	1.376	0.079	0.092	0.415	0.4	0.585	0.6	30
116	2127	63.12	26.46	199.037	0.149	0.305	0.107	1.363	0.088	0.1	0.426	0.411	0.574	0.589	30
117	2128	63.12	26.71	199.172	0.145	0.307	0.108	1.356	0.089	0.099	0.423	0.406	0.577	0.594	30
118	2129	63.12	26.96	199.466	0.151	0.3	0.103	1.37	0.08	0.092	0.414	0.397	0.586	0.603	30
119	2130	63.12	27.21	199.214	0.147	0.31	0.112	1.375	0.105	0.116	0.464	0.45	0.536	0.55	30
120	2131	63.12	27.46	199.224	0.142	0.316	0.119	1.378	0.12	0.13	0.492	0.477	0.508	0.523	30
121	2132	63.12	27.71	199.501	0.146	0.313	0.116	1.385	0.114	0.124	0.485	0.47	0.515	0.53	30
122	2133	63.12	27.96	199.277	0.147	0.311	0.112	1.386	0.107	0.117	0.477	0.46	0.523	0.539	30
123	2134	63.12	28.21	199.324	0.148	0.31	0.112	1.388	0.105	0.114	0.473	0.457	0.527	0.543	30
124	2135	63.12	28.46	199.513	0.154	0.303	0.104	1.383	0.084	0.094	0.434	0.419	0.566	0.581	30
125	2136	63.12	28.71	199.906	0.161	0.293	0.095	1.381	0.062	0.074	0.385	0.372	0.615	0.628	30
126	2137	63.12	28.96	199.434	0.161	0.293	0.092	1.377	0.065	0.076	0.39	0.378	0.61	0.622	30
127	2138	63.12	29.21	199.303	0.16	0.294	0.093	1.376	0.068	0.079	0.401	0.387	0.599	0.613	30
128	2139	63.12	29.46	197.913	0.158	0.303	0.104	1.375	0.092	0.101	0.439	0.423	0.561	0.577	30
129	2140	63.12	29.71	195.788	0.161	0.309	0.109	1.364	0.101	0.11	0.45	0.436	0.55	0.564	30
130	2141	63.12	29.96	196.048	0.156	0.312	0.112	1.363	0.102	0.11	0.45	0.435	0.55	0.565	30
131	2142	63.12	30.21	199.083	0.147	0.295	0.096	1.381	0.073	0.082	0.411	0.392	0.589	0.607	30
132	2143	63.12	30.46	199.013	0.15	0.29	0.091	1.389	0.06	0.07	0.39	0.373	0.61	0.627	30
133	2144	63.12	30.71	198.455	0.152	0.3	0.099	1.38	0.077	0.086	0.401	0.384	0.599	0.616	30
134	2145	63.12	30.96	198.957	0.156	0.296	0.094	1.393	0.066	0.077	0.388	0.371	0.612	0.629	30
135	2146	63.12	31.21	199.24	0.151	0.295	0.093	1.392	0.062	0.074	0.385	0.368	0.615	0.631	30
136	2147	63.12	31.46	198.934	0.141	0.303	0.099	1.376	0.077	0.089	0.418	0.402	0.582	0.598	30
137	2148	63.12	31.71	197.75	0.15	0.302	0.098	1.381	0.076	0.087	0.417	0.4	0.583	0.6	30
138	2149	63.12	31.96	198.848	0.148	0.303	0.1	1.369	0.077	0.089	0.418	0.398	0.582	0.602	30
139	2150	63.12	32.21	199.117	0.145	0.307	0.106	1.374	0.073	0.084	0.407	0.387	0.593	0.613	30
140	2151	63.12	32.46	199.207	0.14	0.306	0.107	1.382	0.069	0.08	0.404	0.386	0.596	0.614	30
141	2152	63.12	32.71	199.063	0.139	0.303	0.103	1.394	0.07	0.081	0.415	0.398	0.585	0.602	30
142	2153	63.12	32.96	199.728	0.135	0.303	0.103	1.389	0.076	0.086	0.419	0.401	0.581	0.599	30
143	2154	63.12	33.21	199.646	0.125	0.31	0.109	1.377	0.085	0.094	0.44	0.421	0.56	0.579	30
144	2155	63.12	33.46	198.498	0.128	0.316	0.114	1.36	0.093	0.104	0.445	0.428	0.555	0.571	30
145	2156	63.12	33.71	197.292	0.137	0.315	0.113	1.363	0.087	0.098	0.427	0.41	0.573	0.59	30
146	2157	63.12	33.96	198.149	0.131	0.309	0.106	1.379	0.083	0.095	0.426	0.409	0.573	0.591	30
147	2158	63.12	34.21	198.622	0.106	0.305	0.102	1.365	0.078	0.09	0.419	0.404	0.581	0.596	30
148	2159	63.12	34.46	198.43	0.098	0.304	0.1	1.371	0.078	0.091	0.414	0.402	0.586	0.598	30
149	2160	63.12	34.71	198.958	0.104	0.306	0.102	1.383	0.086	0.098	0.429	0.416	0.571	0.584	30
150	2161	62.87	7.96	157.512	0.262	0.309	0.107	1.262	0.089	0.091	0.453	0.42	0.548	0.58	30
151	2162	62.87	8.71	140.719	0.276	0.306	0.101	1.244	0.083	0.08	0.44	0.412	0.561	0.588	30
152	2163	62.87	8.96	128.081	0.283	0.303	0.097	1.237	0.079	0.076	0.423	0.4	0.577	0.6	30
153	2164	62.87	9.21	129.482	0.272	0.302	0.096	1.241	0.077	0.074	0.423	0.403	0.577	0.597	30
154	2165	62.87	9.46	142.401	0.252	0.303	0.097	1.252	0.073	0.071	0.432	0.413	0.568	0.587	30
155	2166	62.87	9.71	168.365	0.245	0.305	0.099	1.295	0.077	0.076	0.447	0.423	0.553	0.577	30
156	2167	62.87	9.96	172.928	0.24	0.304	0.099	1.318	0.081	0.082	0.46	0.431	0.541	0.569	30
157	2168	62.87	10.21	177.091	0.233	0.305	0.099	1.318	0.08	0.082	0.464	0.434	0.536	0.566	30
158	2169	62.87	10.46	175.723	0.242	0.303	0.098	1.309	0.075	0.075	0.455	0.426	0.545	0.574	30
159	2170	62.87	10.71	168.903	0.248	0.302	0.098	1.288	0.071	0.071	0.447	0.422	0.553	0.578	30
160	2171	62.87	10.96	169.677	0.24	0.303	0.099	1.276	0.075	0.076	0.45	0.428	0.55	0.572	30
161	2172	62.87	11.21	173.998	0.242	0.303	0.099	1.279	0.074	0.075	0.451	0.429	0.549	0.57	30
162	2173	62.87	11.46	160.536	0.231	0.304	0.099	1.257	0.071	0.071	0.44	0.425	0.56	0.575	30
163	2174	62.87	11.71	168.41	0.221	0.303	0.098	1.254	0.07	0.068	0.435	0.42	0.564	0.579	30
164	2175	62.87	11.96	162.802	0.223	0.305	0.099	1.241	0.065	0.063	0.423	0.406	0.577	0.593	30
165	2176	62.87	12.21	161.16	0.23	0.304	0.1	1.239	0.067	0.062	0.419	0.405	0.58	0.594	30
166	2177	62.87	12.46	175.899	0.232	0.304	0.101	1.255	0.067	0.063	0.423	0.407	0.576	0.592	30
167	2178	62.87	12.71	184.613	0.226	0.304	0.1	1.274	0.067	0.063	0.428	0.406	0.571	0.593	30
168	2179	62.87	12.96	186.53	0.225	0.305	0.1	1.296	0.068	0.065	0.437	0.409	0.563	0.59	30
169	2180	62.87	13.21	194.967	0.211	0.305	0.099	1.324	0.066	0.067	0.443	0.412	0.557	0.588	30
170	2181	62.87	13.46	197.842	0.205	0.302	0.097	1.334	0.068	0.072	0.44	0.409	0.56	0.591	30
171	2182	62.87	13.71	197.287	0.207	0.303	0.099	1.35	0.072	0.077	0.444	0.415	0.556	0.585	30
172	2183	62.87	13.96	199.352	0.192	0.307	0.101	1.353	0.078	0.086	0.448	0.419	0.552	0.581	30
173	2184	62.87	14.21	199.593	0.181	0.311	0.108	1.377	0.095	0.105	0.478	0.446	0.522	0.554	30
174	2185	62.87	14.46	199.188	0.177	0.314	0.116	1.388	0.105	0.117	0.497	0.467	0.503	0.533	30
175	2186	62.87	14.71	199.573	0.181	0.308	0.11	1.394	0.096	0.109	0.469	0.442	0.531	0.558	30
176	2187	62.87	14.96	199.533	0.186	0.303	0.105	1.396	0.092	0.104	0.472	0.446	0.528	0.554	30
177	2188	62.87	15.21	199.555	0.188	0.302	0.103	1.386	0.091	0.101	0.472	0.445	0.528	0.555	30
178	2189	62.87	15.46	199.609	0.19	0.301	0.101	1.392	0.084	0.094	0.464	0.437	0.536	0.563	30
179	2190	62.87	15.71	199.725	0.19	0.302	0.101	1.388	0.084	0.094	0.469	0.443	0.531	0.557	30
180	2191	62.87	15.96	199.843	0.188	0.303	0.1	1.381	0.084	0.095	0.47	0.444	0.53	0.556	30
181	2192	62.87	16.21	199.912	0.185	0.302	0.1	1.371	0.082	0.092	0.464	0.439	0.536	0.561	30
182	2193	62.87	16.46	199.939	0.186	0.304	0.1	1.361	0.084	0.094	0.467	0.441	0.533	0.559	30
183	2194	62.87	16.71	199.815	0.185	0.301	0.099	1.347	0.08	0.091	0.453	0.429	0.547	0.571	30
184	2195	62.87	16.96	199.509	0.177	0.301	0.097	1.325	0.072	0.082	0.421	0.398	0.579	0.601	30
185	2196	62.87	17.21	198.873	0.183	0.302	0.098	1.319	0.081	0.091	0.43	0.406	0.57	0.594	30
186	2197	62.87	17.46	198.824	0.189	0.304	0.099	1.308	0.093	0.101	0.45	0.425	0.55	0.575	30
187	2198	62.87	17.71	198.933	0.18	0.307	0.104	1.311	0.102	0.109	0.453	0.43	0.547	0.57	30
188	2199	62.87	17.96	197.35	0.179	0.309	0.108	1.321	0.106	0.112	0.433	0.411	0.567	0.589	30
189	2200	62.87	23.46	199.984	0.149	0.309	0.114	1.344	0.103	0.118	0.434	0.424	0.566	0.576	30
190	2201	62.87	23.71	199.982	0.153	0.301	0.105	1.359	0.084	0.101	0.417	0.407	0.583	0.593	30
191	2202	62.87	23.96	199.917	0.153	0.301	0.103	1.371	0.088	0.104	0.428	0.415	0.572	0.585	30
192	2203	62.87	24.21	199.901	0.156	0.303	0.103	1.365	0.078	0.095	0.413	0.4	0.587	0.6	30
193	2204	62.87	24.46	199.882	0.156	0.306	0.104	1.351	0.076	0.092	0.412	0.398	0.588	0.602	30
194	2205	62.87	24.71	199.89	0.153	0.304	0.104	1.37	0.078	0.093	0.419	0.403	0.581	0.597	30
195	2206	62.87	24.96	199.895	0.153	0.304	0.104	1.376	0.085	0.099	0.429	0.414	0.571	0.586	30
196	2207	62.87	25.21	199.66	0.153	0.301	0.103	1.376	0.081	0.095	0.417	0.403	0.583	0.597	30
197	2208	62.87	25.46	199.601	0.156	0.3	0.102	1.375	0.072	0.086	0.401	0.386	0.599	0.614	30
198	2209	62.87	25.71	199.664	0.158	0.298	0.1	1.37	0.076	0.089	0.414	0.399	0.585	0.601	30
199	2210	62.87	25.96	198.878	0.16	0.308	0.109	1.362	0.09	0.1	0.435	0.419	0.565	0.581	30
200	2211	62.87	26.21	199.511	0.155	0.304	0.106	1.379	0.089	0.101	0.426	0.411	0.574	0.589	30
201	2212	62.87	26.46	199.261	0.15	0.306	0.108	1.378	0.092	0.103	0.433	0.418	0.567	0.582	30
202	2213	62.87	26.71	198.819	0.143	0.31	0.111	1.366	0.097	0.106	0.434	0.419	0.565	0.581	30
203	2214	62.87	26.96	198.832	0.143	0.309	0.11	1.37	0.093	0.103	0.422	0.408	0.578	0.592	30
204	2215	62.87	27.21	199.456	0.157	0.301	0.103	1.377	0.084	0.095	0.417	0.402	0.583	0.598	30
205	2216	62.87	27.46	198.824	0.154	0.307	0.108	1.374	0.093	0.102	0.443	0.427	0.557	0.573	30
206	2217	62.87	27.71	196.845	0.15	0.317	0.117	1.362	0.118	0.126	0.477	0.461	0.522	0.538	30
207	2218	62.87	27.96	198.053	0.151	0.313	0.114	1.369	0.107	0.115	0.462	0.445	0.538	0.555	30
208	2219	62.87	28.21	199.378	0.151	0.312	0.114	1.379	0.106	0.113	0.47	0.452	0.529	0.547	30
209	2220	62.87	28.46	199.554	0.162	0.305	0.106	1.38	0.089	0.097	0.447	0.428	0.553	0.572	30
210	2221	62.87	28.71	199.309	0.158	0.303	0.104	1.378	0.088	0.095	0.435	0.416	0.565	0.584	30
211	2222	62.87	28.96	199.742	0.161	0.295	0.097	1.382	0.076	0.086	0.412	0.395	0.588	0.605	30
212	2223	62.87	29.21	199.667	0.154	0.301	0.103	1.384	0.085	0.096	0.421	0.407	0.578	0.593	30
213	2224	62.87	29.46	199.492	0.143	0.309	0.111	1.389	0.107	0.115	0.461	0.445	0.539	0.555	30
214	2225	62.87	29.71	198.078	0.162	0.31	0.111	1.373	0.104	0.112	0.445	0.43	0.554	0.569	30
215	2226	62.87	29.96	199.121	0.169	0.298	0.098	1.379	0.089	0.098	0.438	0.422	0.562	0.578	30
216	2227	62.87	30.21	199.67	0.161	0.296	0.097	1.388	0.083	0.091	0.431	0.41	0.569	0.59	30
217	2228	62.87	30.46	199.659	0.154	0.293	0.094	1.391	0.069	0.079	0.418	0.398	0.582	0.602	30
218	2229	62.87	30.71	198.488	0.153	0.305	0.104	1.378	0.083	0.092	0.419	0.402	0.581	0.598	30
219	2230	62.87	30.96	199.103	0.151	0.304	0.102	1.381	0.086	0.096	0.414	0.399	0.586	0.601	30
220	2231	62.87	31.21	199.498	0.149	0.301	0.099	1.386	0.076	0.088	0.413	0.397	0.587	0.603	30
221	2232	62.87	31.46	199.595	0.139	0.305	0.101	1.373	0.08	0.092	0.431	0.414	0.569	0.586	30
222	2233	62.87	31.71	199.186	0.143	0.302	0.099	1.379	0.077	0.089	0.421	0.403	0.579	0.597	30
223	2234	62.87	31.96	199.296	0.144	0.303	0.1	1.373	0.075	0.087	0.413	0.396	0.587	0.604	30
224	2235	62.87	32.21	199.414	0.138	0.304	0.102	1.363	0.078	0.089	0.406	0.39	0.594	0.61	30
225	2236	62.87	32.46	199.179	0.121	0.309	0.106	1.35	0.082	0.093	0.413	0.4	0.587	0.6	30
226	2237	62.87	32.71	199.163	0.124	0.307	0.105	1.381	0.075	0.086	0.416	0.402	0.584	0.598	30
227	2238	62.87	32.96	199.641	0.132	0.309	0.106	1.384	0.076	0.087	0.42	0.403	0.58	0.597	30
228	2239	62.87	33.21	199.835	0.111	0.315	0.111	1.373	0.086	0.097	0.442	0.425	0.558	0.575	30
229	2240	62.87	33.46	199.831	0.102	0.317	0.113	1.358	0.094	0.106	0.45	0.435	0.55	0.565	30
230	2241	62.87	33.71	199.603	0.123	0.311	0.107	1.375	0.085	0.097	0.424	0.409	0.575	0.591	30
231	2242	62.87	33.96	199.588	0.127	0.305	0.1	1.391	0.078	0.09	0.412	0.396	0.587	0.604	30
232	2243	62.87	34.21	199.598	0.121	0.302	0.099	1.4	0.08	0.091	0.424	0.407	0.576	0.593	30
233	2244	62.87	34.71	198.31	0.122	0.308	0.107	1.389	0.1	0.11	0.44	0.423	0.56	0.577	30
234	2245	62.62	6.96	164.381	0.289	0.309	0.106	1.236	0.088	0.088	0.437	0.406	0.563	0.594	30
235	2246	62.62	7.96	135.481	0.302	0.308	0.105	1.241	0.087	0.085	0.43	0.405	0.57	0.595	30
236	2247	62.62	8.21	128.836	0.3	0.307	0.104	1.241	0.084	0.081	0.42	0.398	0.58	0.602	30
237	2248	62.62	8.46	127.964	0.285	0.305	0.101	1.248	0.079	0.076	0.416	0.394	0.584	0.606	30
238	2249	62.62	8.71	123.674	0.287	0.304	0.1	1.248	0.075	0.071	0.403	0.383	0.597	0.617	30
239	2250	62.62	8.96	129.884	0.289	0.303	0.099	1.245	0.072	0.067	0.402	0.381	0.598	0.619	30
240	2251	62.62	9.21	136.115	0.277	0.302	0.098	1.252	0.072	0.068	0.411	0.389	0.588	0.611	30
241	2252	62.62	9.46	155.771	0.264	0.304	0.101	1.273	0.073	0.071	0.43	0.407	0.57	0.593	30
242	2253	62.62	9.71	168.314	0.26	0.305	0.103	1.293	0.076	0.075	0.433	0.411	0.566	0.589	30
243	2254	62.62	9.96	179.78	0.245	0.305	0.102	1.308	0.075	0.076	0.442	0.419	0.558	0.58	30
244	2255	62.62	10.21	173.389	0.24	0.305	0.102	1.279	0.072	0.072	0.441	0.419	0.559	0.58	30
245	2256	62.62	10.46	175.314	0.24	0.303	0.1	1.265	0.065	0.063	0.433	0.411	0.566	0.588	30
246	2257	62.62	10.71	173.429	0.235	0.303	0.101	1.254	0.064	0.063	0.428	0.408	0.571	0.591	30
247	2258	62.62	10.96	180.092	0.228	0.305	0.102	1.261	0.068	0.069	0.441	0.42	0.558	0.579	30
248	2259	62.62	11.21	183.766	0.223	0.306	0.102	1.28	0.071	0.072	0.45	0.427	0.549	0.572	30
249	2260	62.62	11.46	181.243	0.217	0.307	0.101	1.284	0.068	0.069	0.448	0.426	0.551	0.573	30
250	2261	62.62	11.71	179.692	0.206	0.307	0.101	1.272	0.067	0.068	0.443	0.423	0.557	0.576	30
251	2262	62.62	11.96	177.52	0.211	0.306	0.101	1.268	0.064	0.062	0.428	0.408	0.572	0.591	30
252	2263	62.62	12.21	181.335	0.218	0.307	0.102	1.245	0.068	0.063	0.427	0.407	0.573	0.592	30
253	2264	62.62	12.46	190.783	0.219	0.304	0.099	1.279	0.065	0.062	0.441	0.413	0.558	0.586	30
254	2265	62.62	12.71	193.499	0.215	0.304	0.1	1.301	0.068	0.066	0.443	0.414	0.557	0.586	30
255	2266	62.62	12.96	196.425	0.211	0.304	0.1	1.325	0.073	0.073	0.453	0.422	0.548	0.578	30
256	2267	62.62	13.21	199.126	0.211	0.303	0.098	1.345	0.073	0.073	0.457	0.423	0.544	0.578	30
257	2268	62.62	13.46	199.552	0.208	0.304	0.098	1.34	0.072	0.073	0.449	0.416	0.552	0.585	30
258	2269	62.62	13.71	199.859	0.205	0.305	0.1	1.362	0.075	0.08	0.446	0.414	0.555	0.586	30
259	2270	62.62	13.96	199.603	0.21	0.306	0.101	1.375	0.081	0.087	0.452	0.419	0.549	0.581	30
260	2271	62.62	14.21	199.737	0.202	0.306	0.103	1.393	0.084	0.093	0.468	0.436	0.532	0.564	30
261	2272	62.62	14.46	199.8	0.187	0.304	0.103	1.402	0.079	0.09	0.468	0.437	0.532	0.563	30
262	2273	62.62	14.71	199.587	0.191	0.303	0.102	1.396	0.089	0.1	0.466	0.438	0.534	0.562	30
263	2274	62.62	14.96	199.602	0.191	0.301	0.101	1.394	0.089	0.099	0.463	0.437	0.537	0.563	30
264	2275	62.62	15.21	199.747	0.192	0.3	0.101	1.387	0.087	0.097	0.461	0.435	0.539	0.565	30
265	2276	62.62	15.46	199.735	0.192	0.3	0.101	1.383	0.089	0.099	0.465	0.438	0.535	0.562	30
266	2277	62.62	15.71	199.836	0.188	0.301	0.1	1.377	0.086	0.097	0.47	0.445	0.53	0.555	30
267	2278	62.62	15.96	199.8	0.189	0.303	0.101	1.368	0.088	0.098	0.47	0.445	0.53	0.555	30
268	2279	62.62	16.21	199.91	0.187	0.303	0.101	1.362	0.089	0.1	0.47	0.447	0.53	0.553	30
269	2280	62.62	16.46	199.865	0.184	0.304	0.102	1.343	0.088	0.098	0.464	0.44	0.536	0.56	30
270	2281	62.62	16.71	199.601	0.182	0.303	0.101	1.326	0.087	0.097	0.453	0.429	0.547	0.571	30
271	2282	62.62	16.96	199.392	0.183	0.304	0.1	1.313	0.089	0.098	0.445	0.421	0.555	0.579	30
272	2283	62.62	17.21	198.966	0.183	0.306	0.103	1.306	0.097	0.105	0.443	0.422	0.557	0.578	30
273	2284	62.62	17.46	199.016	0.181	0.308	0.106	1.293	0.103	0.11	0.436	0.418	0.564	0.581	30
274	2285	62.62	17.71	198.929	0.179	0.309	0.106	1.282	0.103	0.11	0.427	0.41	0.573	0.59	30
275	2286	62.62	21.96	199.706	0.157	0.309	0.111	1.339	0.119	0.134	0.429	0.419	0.571	0.581	30
276	2287	62.62	22.21	199.795	0.158	0.308	0.112	1.344	0.118	0.133	0.451	0.44	0.549	0.56	30
277	2288	62.62	22.46	199.864	0.144	0.316	0.121	1.347	0.142	0.156	0.501	0.49	0.499	0.51	30
278	2289	62.62	22.71	199.916	0.137	0.319	0.124	1.347	0.14	0.154	0.493	0.482	0.507	0.518	30
279	2290	62.62	22.96	199.938	0.139	0.317	0.12	1.342	0.124	0.14	0.464	0.453	0.536	0.546	30
280	2291	62.62	23.21	199.845	0.144	0.313	0.116	1.341	0.107	0.123	0.422	0.413	0.578	0.587	30
281	2292	62.62	23.46	199.852	0.144	0.311	0.114	1.351	0.101	0.117	0.433	0.424	0.567	0.576	30
282	2293	62.62	23.71	199.97	0.146	0.305	0.108	1.368	0.091	0.106	0.438	0.426	0.562	0.574	30
283	2294	62.62	23.96	199.887	0.151	0.303	0.104	1.373	0.081	0.096	0.423	0.409	0.577	0.591	30
284	2295	62.62	24.21	199.754	0.155	0.303	0.103	1.374	0.075	0.089	0.413	0.399	0.587	0.601	30
285	2296	62.62	24.46	199.811	0.159	0.303	0.102	1.371	0.072	0.086	0.401	0.386	0.599	0.614	30
286	2297	62.62	24.71	199.941	0.157	0.302	0.101	1.375	0.073	0.087	0.4	0.385	0.6	0.615	30
287	2298	62.62	24.96	199.966	0.151	0.302	0.1	1.388	0.082	0.095	0.429	0.413	0.57	0.587	30
288	2299	62.62	25.21	199.914	0.147	0.301	0.101	1.387	0.085	0.098	0.446	0.431	0.553	0.569	30
289	2300	62.62	25.46	199.768	0.15	0.303	0.104	1.386	0.085	0.096	0.439	0.424	0.561	0.576	30
290	2301	62.62	25.71	199.83	0.147	0.302	0.102	1.383	0.091	0.101	0.45	0.434	0.55	0.566	30
291	2302	62.62	25.96	199.69	0.15	0.305	0.105	1.378	0.093	0.103	0.448	0.432	0.552	0.568	30
292	2303	62.62	26.21	199.832	0.152	0.304	0.105	1.384	0.091	0.101	0.443	0.428	0.557	0.572	30
293	2304	62.62	26.46	199.224	0.153	0.308	0.109	1.376	0.097	0.106	0.447	0.432	0.552	0.568	30
294	2305	62.62	26.71	198.996	0.149	0.308	0.108	1.367	0.097	0.105	0.441	0.426	0.559	0.574	30
295	2306	62.62	26.96	199.621	0.146	0.304	0.104	1.378	0.086	0.095	0.429	0.413	0.571	0.587	30
296	2307	62.62	27.21	199.856	0.158	0.302	0.103	1.374	0.082	0.093	0.417	0.403	0.582	0.597	30
297	2308	62.62	27.46	199.483	0.162	0.302	0.103	1.37	0.083	0.094	0.421	0.405	0.579	0.595	30
298	2309	62.62	27.71	198.501	0.148	0.312	0.113	1.366	0.104	0.112	0.449	0.434	0.551	0.566	30
299	2310	62.62	27.96	199.14	0.149	0.308	0.108	1.372	0.091	0.1	0.446	0.429	0.554	0.571	30
300	2311	62.62	28.21	197.694	0.161	0.311	0.11	1.359	0.096	0.103	0.451	0.434	0.549	0.566	30
301	2312	62.62	28.46	199.512	0.167	0.305	0.104	1.365	0.087	0.094	0.432	0.414	0.568	0.586	30
302	2313	62.62	28.71	199.188	0.164	0.308	0.108	1.366	0.092	0.099	0.441	0.422	0.559	0.578	30
303	2314	62.62	28.96	199.727	0.162	0.302	0.103	1.376	0.087	0.096	0.429	0.412	0.571	0.588	30
304	2315	62.62	29.21	199.397	0.138	0.313	0.115	1.382	0.124	0.133	0.486	0.471	0.514	0.529	30
305	2316	62.62	29.46	199.204	0.136	0.316	0.118	1.386	0.129	0.136	0.489	0.473	0.511	0.527	30
306	2317	62.62	29.71	198.07	0.144	0.318	0.119	1.38	0.128	0.134	0.479	0.465	0.52	0.535	30
307	2318	62.62	29.96	199.808	0.153	0.304	0.105	1.387	0.1	0.108	0.452	0.434	0.548	0.566	30
308	2319	62.62	30.21	199.907	0.171	0.296	0.096	1.384	0.077	0.086	0.439	0.416	0.561	0.584	30
309	2320	62.62	30.46	199.888	0.168	0.297	0.095	1.383	0.075	0.084	0.443	0.42	0.557	0.58	30
310	2321	62.62	30.71	199.892	0.166	0.301	0.096	1.383	0.076	0.086	0.45	0.429	0.55	0.571	30
311	2322	62.62	30.96	199.601	0.16	0.304	0.099	1.382	0.087	0.097	0.445	0.426	0.555	0.574	30
312	2323	62.62	31.21	199.343	0.158	0.305	0.102	1.376	0.091	0.101	0.433	0.417	0.567	0.583	30
313	2324	62.62	31.46	199.571	0.143	0.306	0.103	1.379	0.088	0.098	0.439	0.423	0.561	0.577	30
314	2325	62.62	31.71	199.547	0.135	0.3	0.098	1.386	0.076	0.087	0.419	0.402	0.581	0.598	30
315	2326	62.62	31.96	199.569	0.129	0.304	0.099	1.381	0.079	0.091	0.418	0.404	0.582	0.596	30
316	2327	62.62	32.21	199.832	0.125	0.309	0.104	1.362	0.088	0.101	0.428	0.415	0.571	0.585	30
317	2328	62.62	32.46	199.792	0.126	0.308	0.104	1.371	0.088	0.101	0.429	0.414	0.571	0.585	30
318	2329	62.62	32.71	199.745	0.122	0.308	0.103	1.379	0.085	0.097	0.427	0.411	0.572	0.589	30
319	2330	62.62	32.96	199.905	0.119	0.312	0.106	1.362	0.087	0.1	0.437	0.422	0.562	0.578	30
320	2331	62.62	33.21	199.974	0.12	0.312	0.106	1.371	0.083	0.097	0.428	0.413	0.572	0.587	30
321	2332	62.62	33.46	199.991	0.119	0.307	0.102	1.388	0.077	0.09	0.401	0.386	0.599	0.614	30
322	2333	62.62	33.71	199.678	0.134	0.31	0.106	1.389	0.09	0.102	0.425	0.409	0.575	0.591	30
323	2334	62.62	33.96	199.13	0.127	0.314	0.112	1.39	0.104	0.115	0.441	0.425	0.559	0.575	30
324	2335	62.62	34.21	199.415	0.123	0.31	0.109	1.393	0.102	0.112	0.445	0.427	0.555	0.573	30
325	2336	62.62	34.46	199.756	0.119	0.31	0.11	1.397	0.111	0.12	0.465	0.446	0.535	0.554	30
326	2337	62.62	34.71	198.038	0.125	0.315	0.115	1.373	0.12	0.128	0.472	0.455	0.528	0.544	30
327	2338	62.37	6.46	156.014	0.318	0.309	0.105	1.22	0.091	0.089	0.437	0.407	0.563	0.593	30
328	2339	62.37	6.71	154.993	0.306	0.308	0.104	1.222	0.089	0.087	0.435	0.404	0.565	0.596	30
329	2340	62.37	6.96	149.075	0.298	0.308	0.104	1.219	0.093	0.091	0.438	0.41	0.562	0.59	30
330	2341	62.37	7.21	136.31	0.312	0.309	0.105	1.202	0.094	0.091	0.421	0.4	0.578	0.6	30
331	2342	62.37	7.46	131.368	0.325	0.306	0.101	1.215	0.082	0.078	0.404	0.384	0.596	0.616	30
332	2343	62.37	7.71	120.124	0.328	0.303	0.1	1.242	0.075	0.07	0.388	0.369	0.612	0.631	30
333	2344	62.37	7.96	128.203	0.3	0.302	0.099	1.251	0.07	0.065	0.392	0.372	0.608	0.628	30
334	2345	62.37	8.21	129.562	0.284	0.303	0.1	1.257	0.072	0.067	0.393	0.374	0.606	0.626	30
335	2346	62.37	8.46	133.383	0.267	0.302	0.1	1.257	0.07	0.065	0.39	0.372	0.61	0.627	30
336	2347	62.37	8.71	128.627	0.255	0.303	0.101	1.25	0.072	0.067	0.391	0.375	0.608	0.624	30
337	2348	62.37	8.96	122.936	0.26	0.303	0.102	1.243	0.071	0.065	0.395	0.377	0.604	0.623	30
338	2349	62.37	9.21	131.414	0.262	0.303	0.103	1.257	0.072	0.066	0.393	0.374	0.607	0.626	30
339	2350	62.37	9.46	147.494	0.26	0.304	0.105	1.269	0.074	0.069	0.409	0.389	0.59	0.611	30
340	2351	62.37	9.71	162.409	0.259	0.306	0.105	1.271	0.078	0.073	0.422	0.402	0.577	0.597	30
341	2352	62.37	9.96	168.123	0.249	0.307	0.106	1.267	0.08	0.077	0.434	0.415	0.566	0.584	30
342	2353	62.37	10.21	173.336	0.24	0.308	0.106	1.283	0.083	0.082	0.448	0.429	0.551	0.571	30
343	2354	62.37	10.46	187.184	0.234	0.306	0.104	1.308	0.078	0.078	0.462	0.434	0.538	0.565	30
344	2355	62.37	10.71	191.186	0.229	0.306	0.104	1.314	0.073	0.074	0.462	0.431	0.538	0.569	30
345	2356	62.37	10.96	190.272	0.229	0.306	0.105	1.32	0.075	0.076	0.46	0.432	0.54	0.567	30
346	2357	62.37	11.21	178.961	0.236	0.308	0.108	1.291	0.079	0.079	0.454	0.431	0.546	0.569	30
347	2358	62.37	11.46	178.45	0.236	0.309	0.106	1.286	0.079	0.077	0.458	0.435	0.542	0.565	30
348	2359	62.37	11.71	178.902	0.21	0.309	0.105	1.295	0.075	0.076	0.453	0.434	0.547	0.566	30
349	2360	62.37	11.96	175.909	0.203	0.307	0.103	1.308	0.071	0.072	0.436	0.417	0.564	0.583	30
350	2361	62.37	12.21	179.547	0.206	0.307	0.103	1.287	0.071	0.07	0.426	0.407	0.573	0.592	30
351	2362	62.37	12.46	189.616	0.209	0.304	0.099	1.314	0.065	0.064	0.435	0.41	0.565	0.59	30
352	2363	62.37	12.71	196.733	0.21	0.303	0.098	1.34	0.067	0.068	0.446	0.414	0.555	0.586	30
353	2364	62.37	12.96	198.185	0.212	0.302	0.099	1.354	0.073	0.075	0.447	0.415	0.553	0.586	30
354	2365	62.37	13.21	199.355	0.221	0.301	0.099	1.371	0.077	0.08	0.453	0.419	0.548	0.582	30
355	2366	62.37	13.46	198.876	0.219	0.301	0.099	1.378	0.076	0.081	0.447	0.414	0.553	0.586	30
356	2367	62.37	13.71	199.444	0.223	0.3	0.1	1.386	0.072	0.079	0.429	0.396	0.572	0.604	30
357	2368	62.37	13.96	199.181	0.219	0.301	0.099	1.381	0.074	0.081	0.431	0.399	0.57	0.602	30
358	2369	62.37	14.21	199.728	0.203	0.303	0.099	1.383	0.08	0.087	0.444	0.413	0.556	0.587	30
359	2370	62.37	14.46	199.763	0.192	0.304	0.101	1.392	0.08	0.089	0.453	0.424	0.547	0.576	30
360	2371	62.37	14.71	199.647	0.2	0.302	0.1	1.396	0.085	0.094	0.463	0.434	0.537	0.566	30
361	2372	62.37	14.96	199.848	0.196	0.304	0.102	1.385	0.085	0.095	0.459	0.433	0.542	0.567	30
362	2373	62.37	15.21	199.831	0.193	0.303	0.103	1.381	0.086	0.097	0.456	0.432	0.544	0.567	30
363	2374	62.37	15.46	199.864	0.192	0.299	0.098	1.378	0.085	0.096	0.459	0.435	0.541	0.565	30
364	2375	62.37	15.71	199.932	0.187	0.301	0.098	1.373	0.083	0.094	0.463	0.439	0.537	0.561	30
365	2376	62.37	15.96	199.872	0.185	0.304	0.101	1.355	0.09	0.101	0.473	0.449	0.527	0.551	30
366	2377	62.37	16.21	199.893	0.181	0.306	0.103	1.347	0.094	0.104	0.479	0.454	0.521	0.546	30
367	2378	62.37	16.46	199.831	0.177	0.304	0.103	1.332	0.093	0.104	0.468	0.444	0.532	0.556	30
368	2379	62.37	16.71	199.569	0.186	0.303	0.102	1.315	0.095	0.104	0.453	0.43	0.547	0.569	30
369	2380	62.37	16.96	199.7	0.182	0.305	0.103	1.31	0.101	0.109	0.454	0.434	0.546	0.566	30
370	2381	62.37	17.21	199.117	0.177	0.309	0.11	1.308	0.114	0.122	0.454	0.438	0.546	0.562	30
371	2382	62.37	21.96	199.632	0.166	0.304	0.108	1.352	0.115	0.131	0.431	0.423	0.569	0.577	30
372	2383	62.37	22.21	199.424	0.157	0.308	0.111	1.354	0.115	0.131	0.449	0.441	0.55	0.559	30
373	2384	62.37	22.46	199.362	0.154	0.307	0.109	1.346	0.1	0.118	0.413	0.405	0.587	0.595	30
374	2385	62.37	22.71	199.663	0.144	0.311	0.114	1.354	0.112	0.128	0.455	0.445	0.545	0.555	30
375	2386	62.37	22.96	199.826	0.146	0.312	0.113	1.352	0.105	0.121	0.441	0.431	0.559	0.569	30
376	2387	62.37	23.21	199.797	0.148	0.309	0.11	1.346	0.093	0.11	0.418	0.409	0.582	0.591	30
377	2388	62.37	23.46	199.663	0.148	0.307	0.108	1.347	0.09	0.107	0.417	0.408	0.583	0.592	30
378	2389	62.37	23.71	199.846	0.154	0.306	0.108	1.362	0.087	0.103	0.425	0.416	0.574	0.584	30
379	2390	62.37	23.96	199.779	0.157	0.303	0.104	1.367	0.082	0.097	0.417	0.406	0.583	0.594	30
380	2391	62.37	24.21	199.793	0.156	0.301	0.102	1.371	0.074	0.089	0.407	0.395	0.593	0.605	30
381	2392	62.37	24.46	199.921	0.154	0.3	0.101	1.382	0.077	0.091	0.412	0.398	0.588	0.602	30
382	2393	62.37	24.71	199.938	0.153	0.302	0.101	1.386	0.083	0.096	0.428	0.413	0.572	0.587	30
383	2394	62.37	24.96	199.982	0.156	0.299	0.098	1.396	0.073	0.087	0.409	0.394	0.59	0.606	30
384	2395	62.37	25.21	199.984	0.152	0.3	0.099	1.403	0.076	0.089	0.431	0.414	0.569	0.586	30
385	2396	62.37	25.46	199.964	0.148	0.3	0.1	1.399	0.08	0.093	0.446	0.43	0.554	0.57	30
386	2397	62.37	25.71	199.952	0.142	0.304	0.104	1.392	0.097	0.108	0.476	0.459	0.524	0.541	30
387	2398	62.37	25.96	199.846	0.145	0.31	0.11	1.385	0.112	0.121	0.481	0.466	0.519	0.534	30
388	2399	62.37	26.21	199.853	0.148	0.309	0.11	1.384	0.106	0.116	0.464	0.449	0.536	0.55	30
389	2400	62.37	26.46	199.904	0.147	0.308	0.108	1.383	0.103	0.114	0.46	0.445	0.54	0.555	30
390	2401	62.37	26.71	199.874	0.158	0.305	0.104	1.377	0.09	0.102	0.432	0.416	0.568	0.583	30
391	2402	62.37	26.96	199.968	0.153	0.304	0.102	1.375	0.081	0.094	0.428	0.412	0.572	0.588	30
392	2403	62.37	27.21	199.917	0.153	0.306	0.105	1.373	0.083	0.095	0.433	0.417	0.567	0.583	30
393	2404	62.37	27.46	199.518	0.153	0.308	0.106	1.372	0.09	0.101	0.443	0.427	0.557	0.573	30
394	2405	62.37	27.71	199.589	0.14	0.308	0.108	1.376	0.094	0.104	0.447	0.429	0.553	0.571	30
395	2406	62.37	27.96	199.436	0.139	0.312	0.112	1.373	0.095	0.104	0.45	0.433	0.55	0.567	30
396	2407	62.37	28.21	199.505	0.142	0.308	0.106	1.366	0.085	0.095	0.444	0.425	0.556	0.575	30
397	2408	62.37	28.46	199.529	0.156	0.305	0.104	1.366	0.082	0.091	0.432	0.414	0.567	0.586	30
398	2409	62.37	28.71	199.489	0.158	0.306	0.105	1.362	0.092	0.099	0.441	0.422	0.558	0.578	30
399	2410	62.37	28.96	199.841	0.162	0.3	0.099	1.361	0.087	0.095	0.431	0.412	0.569	0.588	30
400	2411	62.37	29.21	199.651	0.158	0.307	0.107	1.364	0.098	0.107	0.441	0.425	0.559	0.575	30
401	2412	62.37	29.46	198.508	0.146	0.32	0.121	1.366	0.131	0.14	0.479	0.466	0.521	0.534	30
402	2413	62.37	29.71	197.707	0.142	0.32	0.121	1.365	0.134	0.144	0.487	0.474	0.513	0.525	30
403	2414	62.37	29.96	199.644	0.146	0.31	0.111	1.378	0.109	0.119	0.465	0.447	0.535	0.552	30
404	2415	62.37	30.21	199.958	0.16	0.302	0.102	1.381	0.088	0.097	0.444	0.423	0.556	0.577	30
405	2416	62.37	30.46	199.925	0.156	0.3	0.098	1.387	0.083	0.092	0.455	0.432	0.545	0.568	30
406	2417	62.37	30.71	199.935	0.166	0.297	0.094	1.386	0.074	0.083	0.448	0.425	0.552	0.575	30
407	2418	62.37	30.96	199.856	0.167	0.299	0.094	1.383	0.074	0.084	0.434	0.413	0.566	0.587	30
408	2419	62.37	31.21	199.696	0.162	0.303	0.099	1.379	0.081	0.092	0.428	0.411	0.572	0.589	30
409	2420	62.37	31.46	198.591	0.154	0.304	0.1	1.381	0.081	0.092	0.429	0.412	0.571	0.588	30
410	2421	62.37	31.71	198.371	0.14	0.304	0.101	1.385	0.079	0.091	0.426	0.41	0.573	0.59	30
411	2422	62.37	31.96	199.382	0.131	0.307	0.103	1.381	0.084	0.097	0.435	0.419	0.565	0.581	30
412	2423	62.37	32.21	199.552	0.122	0.31	0.107	1.383	0.089	0.101	0.448	0.43	0.552	0.57	30
413	2424	62.37	32.46	199.763	0.124	0.307	0.104	1.398	0.086	0.099	0.449	0.43	0.551	0.57	30
414	2425	62.37	32.71	199.947	0.119	0.308	0.105	1.383	0.09	0.102	0.449	0.431	0.551	0.569	30
415	2426	62.37	32.96	199.787	0.114	0.312	0.108	1.357	0.089	0.102	0.446	0.43	0.554	0.57	30
416	2427	62.37	33.21	199.884	0.12	0.307	0.104	1.377	0.078	0.092	0.415	0.401	0.585	0.598	30
417	2428	62.37	33.46	199.971	0.125	0.306	0.103	1.388	0.076	0.089	0.396	0.382	0.604	0.618	30
418	2429	62.37	33.71	199.895	0.125	0.309	0.108	1.398	0.099	0.109	0.438	0.421	0.561	0.579	30
419	2430	62.37	33.96	199.569	0.12	0.313	0.115	1.393	0.109	0.117	0.44	0.424	0.56	0.575	30
420	2431	62.37	34.21	199.743	0.124	0.31	0.112	1.391	0.1	0.108	0.449	0.431	0.55	0.569	30
421	2432	62.12	5.71	167.186	0.309	0.311	0.105	1.198	0.085	0.083	0.425	0.387	0.575	0.613	30
422	2433	62.12	5.96	162.38	0.306	0.31	0.106	1.21	0.093	0.091	0.44	0.405	0.56	0.595	30
423	2434	62.12	6.46	138.403	0.331	0.307	0.102	1.188	0.091	0.086	0.423	0.395	0.577	0.605	30
424	2435	62.12	6.71	129.724	0.334	0.307	0.1	1.174	0.089	0.084	0.414	0.391	0.586	0.609	30
425	2436	62.12	6.96	131.351	0.327	0.306	0.1	1.18	0.087	0.082	0.417	0.392	0.583	0.607	30
426	2437	62.12	7.21	125.157	0.333	0.305	0.099	1.189	0.082	0.076	0.404	0.382	0.596	0.618	30
427	2438	62.12	7.46	118.057	0.319	0.302	0.099	1.222	0.074	0.068	0.39	0.371	0.61	0.629	30
428	2439	62.12	7.71	112.76	0.294	0.302	0.101	1.234	0.07	0.064	0.385	0.369	0.615	0.631	30
429	2440	62.12	7.96	120.222	0.276	0.302	0.102	1.246	0.072	0.066	0.394	0.375	0.606	0.625	30
430	2441	62.12	8.21	133.439	0.274	0.302	0.103	1.251	0.077	0.07	0.406	0.384	0.594	0.616	30
431	2442	62.12	8.46	146.832	0.267	0.302	0.103	1.266	0.076	0.07	0.41	0.387	0.589	0.613	30
432	2443	62.12	8.71	152.834	0.263	0.303	0.105	1.279	0.081	0.076	0.427	0.403	0.572	0.597	30
433	2444	62.12	8.96	157.057	0.247	0.304	0.104	1.272	0.081	0.077	0.433	0.411	0.567	0.589	30
434	2445	62.12	9.21	157.382	0.235	0.304	0.104	1.267	0.073	0.069	0.424	0.401	0.576	0.599	30
435	2446	62.12	9.46	149.559	0.246	0.305	0.106	1.271	0.08	0.076	0.424	0.403	0.576	0.596	30
436	2447	62.12	9.71	160.154	0.248	0.307	0.108	1.288	0.091	0.089	0.444	0.422	0.556	0.578	30
437	2448	62.12	9.96	171.639	0.242	0.309	0.11	1.302	0.094	0.093	0.452	0.43	0.548	0.57	30
438	2449	62.12	10.21	175.343	0.232	0.309	0.11	1.312	0.095	0.095	0.46	0.438	0.54	0.562	30
439	2450	62.12	10.46	183.596	0.232	0.307	0.108	1.331	0.093	0.093	0.465	0.439	0.535	0.561	30
440	2451	62.12	10.71	187.444	0.237	0.306	0.106	1.34	0.086	0.086	0.465	0.434	0.536	0.566	30
441	2452	62.12	10.96	184.192	0.234	0.306	0.105	1.33	0.083	0.082	0.454	0.426	0.547	0.574	30
442	2453	62.12	11.21	170.099	0.226	0.308	0.109	1.274	0.08	0.078	0.434	0.415	0.566	0.584	30
443	2454	62.12	11.46	174.639	0.227	0.311	0.108	1.279	0.084	0.082	0.453	0.435	0.547	0.565	30
444	2455	62.12	11.71	186.793	0.214	0.31	0.107	1.32	0.076	0.075	0.454	0.43	0.547	0.57	30
445	2456	62.12	11.96	181.727	0.216	0.306	0.103	1.328	0.068	0.068	0.435	0.411	0.565	0.589	30
446	2457	62.12	12.21	183.057	0.217	0.304	0.099	1.31	0.067	0.067	0.425	0.404	0.574	0.596	30
447	2458	62.12	12.46	190.447	0.215	0.302	0.098	1.327	0.07	0.071	0.428	0.406	0.572	0.594	30
448	2459	62.12	12.71	196.378	0.212	0.301	0.097	1.348	0.071	0.072	0.435	0.409	0.566	0.591	30
449	2460	62.12	12.96	197.236	0.206	0.303	0.098	1.35	0.075	0.075	0.443	0.415	0.557	0.586	30
450	2461	62.12	13.21	197.863	0.213	0.304	0.1	1.349	0.081	0.082	0.45	0.421	0.55	0.58	30
451	2462	62.12	13.46	198.949	0.215	0.304	0.1	1.367	0.084	0.089	0.456	0.425	0.545	0.576	30
452	2463	62.12	13.71	199.496	0.219	0.301	0.098	1.383	0.079	0.087	0.438	0.407	0.562	0.593	30
453	2464	62.12	13.96	199.494	0.207	0.298	0.096	1.388	0.068	0.076	0.417	0.386	0.583	0.614	30
454	2465	62.12	14.21	199.511	0.195	0.3	0.097	1.381	0.065	0.073	0.426	0.393	0.574	0.607	30
455	2466	62.12	14.46	199.675	0.196	0.3	0.097	1.387	0.07	0.078	0.436	0.406	0.564	0.594	30
456	2467	62.12	14.71	199.617	0.199	0.298	0.095	1.392	0.069	0.078	0.433	0.405	0.567	0.595	30
457	2468	62.12	14.96	199.661	0.195	0.298	0.097	1.386	0.073	0.083	0.436	0.41	0.564	0.59	30
458	2469	62.12	15.21	199.806	0.195	0.298	0.097	1.386	0.077	0.087	0.436	0.412	0.564	0.587	30
459	2470	62.12	15.46	199.863	0.195	0.297	0.096	1.382	0.078	0.088	0.444	0.418	0.556	0.581	30
460	2471	62.12	15.71	199.902	0.194	0.298	0.097	1.368	0.079	0.089	0.445	0.421	0.555	0.579	30
461	2472	62.12	15.96	199.881	0.188	0.3	0.098	1.339	0.079	0.089	0.437	0.414	0.562	0.586	30
462	2473	62.12	16.21	199.847	0.184	0.299	0.098	1.32	0.08	0.089	0.431	0.405	0.569	0.595	30
463	2474	62.12	16.46	199.807	0.18	0.301	0.101	1.306	0.087	0.098	0.44	0.417	0.56	0.583	30
464	2475	62.12	16.71	199.549	0.181	0.303	0.102	1.299	0.095	0.105	0.44	0.421	0.56	0.579	30
465	2476	62.12	16.96	199.567	0.175	0.304	0.103	1.286	0.099	0.108	0.431	0.417	0.569	0.583	30
466	2477	62.12	17.21	199.441	0.172	0.309	0.109	1.28	0.107	0.117	0.421	0.411	0.579	0.589	30
467	2478	62.12	21.96	199.87	0.175	0.301	0.107	1.358	0.109	0.126	0.398	0.387	0.602	0.613	30
468	2479	62.12	22.21	199.555	0.171	0.305	0.109	1.369	0.104	0.122	0.417	0.408	0.583	0.592	30
469	2480	62.12	22.46	199.548	0.161	0.31	0.112	1.367	0.11	0.127	0.441	0.433	0.559	0.567	30
470	2481	62.12	22.71	199.542	0.155	0.308	0.11	1.361	0.102	0.118	0.433	0.424	0.567	0.576	30
471	2482	62.12	22.96	199.561	0.157	0.305	0.107	1.364	0.09	0.107	0.418	0.409	0.582	0.591	30
472	2483	62.12	23.21	199.503	0.156	0.305	0.106	1.361	0.089	0.104	0.415	0.404	0.585	0.596	30
473	2484	62.12	23.46	199.531	0.16	0.303	0.103	1.363	0.083	0.099	0.408	0.396	0.592	0.604	30
474	2485	62.12	23.71	199.548	0.163	0.305	0.105	1.365	0.092	0.105	0.436	0.422	0.564	0.578	30
475	2486	62.12	23.96	199.18	0.165	0.308	0.108	1.367	0.097	0.109	0.447	0.433	0.553	0.567	30
476	2487	62.12	24.21	199.433	0.161	0.307	0.108	1.376	0.098	0.109	0.449	0.435	0.551	0.565	30
477	2488	62.12	24.46	199.811	0.153	0.307	0.108	1.378	0.102	0.113	0.458	0.444	0.542	0.556	30
478	2489	62.12	24.71	199.761	0.152	0.309	0.109	1.375	0.1	0.111	0.446	0.431	0.554	0.568	30
479	2490	62.12	24.96	199.981	0.149	0.303	0.103	1.385	0.083	0.095	0.426	0.411	0.574	0.589	30
480	2491	62.12	25.21	199.977	0.148	0.302	0.102	1.395	0.083	0.093	0.442	0.424	0.557	0.576	30
481	2492	62.12	25.46	199.699	0.152	0.302	0.102	1.394	0.087	0.097	0.46	0.441	0.54	0.559	30
482	2493	62.12	25.71	199.377	0.157	0.307	0.108	1.384	0.106	0.115	0.475	0.456	0.525	0.544	30
483	2494	62.12	25.96	199.755	0.154	0.306	0.107	1.381	0.104	0.113	0.464	0.447	0.536	0.553	30
484	2495	62.12	26.21	199.946	0.151	0.305	0.104	1.382	0.095	0.107	0.448	0.433	0.551	0.566	30
485	2496	62.12	26.46	199.94	0.152	0.305	0.104	1.38	0.09	0.103	0.438	0.423	0.562	0.577	30
486	2497	62.12	26.71	199.923	0.152	0.306	0.105	1.379	0.088	0.1	0.439	0.423	0.561	0.577	30
487	2498	62.12	26.96	199.852	0.149	0.312	0.11	1.371	0.097	0.107	0.449	0.434	0.551	0.566	30
488	2499	62.12	27.21	199.863	0.15	0.31	0.11	1.364	0.098	0.108	0.439	0.424	0.561	0.576	30
489	2500	62.12	27.46	199.98	0.152	0.309	0.108	1.364	0.099	0.109	0.445	0.429	0.555	0.571	30
490	2501	62.12	27.71	199.952	0.142	0.311	0.111	1.37	0.101	0.111	0.455	0.439	0.545	0.56	30
491	2502	62.12	27.96	199.733	0.129	0.315	0.116	1.369	0.112	0.12	0.47	0.455	0.529	0.545	30
492	2503	62.12	28.21	199.197	0.133	0.317	0.117	1.363	0.107	0.115	0.466	0.451	0.534	0.549	30
493	2504	62.12	28.46	197.751	0.149	0.321	0.12	1.352	0.113	0.121	0.465	0.45	0.535	0.549	30
494	2505	62.12	28.71	198.605	0.155	0.315	0.114	1.352	0.106	0.114	0.453	0.437	0.546	0.562	30
495	2506	62.12	28.96	199.752	0.145	0.304	0.104	1.36	0.098	0.107	0.45	0.432	0.55	0.568	30
496	2507	62.12	29.21	199.281	0.147	0.306	0.107	1.359	0.102	0.112	0.446	0.431	0.554	0.568	30
497	2508	62.12	29.46	198.279	0.15	0.313	0.114	1.36	0.117	0.127	0.453	0.44	0.547	0.559	30
498	2509	62.12	29.71	199.18	0.141	0.31	0.111	1.367	0.114	0.125	0.457	0.443	0.543	0.557	30
499	2510	62.12	29.96	199.699	0.141	0.311	0.111	1.372	0.112	0.121	0.468	0.451	0.532	0.549	30
500	2511	62.12	30.21	199.927	0.141	0.309	0.108	1.383	0.11	0.119	0.488	0.468	0.512	0.531	30
501	2512	62.12	30.46	199.977	0.138	0.305	0.104	1.383	0.096	0.105	0.47	0.449	0.53	0.551	30
502	2513	62.12	30.71	199.891	0.146	0.302	0.101	1.386	0.091	0.099	0.47	0.446	0.53	0.554	30
503	2514	62.12	30.96	199.561	0.155	0.302	0.1	1.389	0.089	0.098	0.463	0.44	0.537	0.559	30
504	2515	62.12	31.21	199.618	0.154	0.3	0.096	1.391	0.083	0.096	0.452	0.432	0.548	0.568	30
505	2516	62.12	31.46	198.899	0.151	0.3	0.096	1.391	0.077	0.09	0.429	0.412	0.571	0.588	30
506	2517	62.12	31.71	198.002	0.136	0.305	0.101	1.388	0.076	0.089	0.423	0.407	0.577	0.593	30
507	2518	62.12	31.96	198.889	0.12	0.309	0.105	1.382	0.088	0.1	0.45	0.433	0.55	0.567	30
508	2519	62.12	32.21	198.792	0.113	0.311	0.107	1.378	0.09	0.103	0.458	0.442	0.542	0.558	30
509	2520	62.12	32.46	199.431	0.117	0.311	0.108	1.38	0.089	0.103	0.454	0.438	0.546	0.562	30
510	2521	62.12	32.71	199.871	0.116	0.308	0.105	1.378	0.091	0.103	0.452	0.434	0.548	0.565	30
511	2522	62.12	32.96	199.673	0.127	0.309	0.107	1.376	0.091	0.103	0.442	0.426	0.558	0.574	30
512	2523	62.12	33.21	198.919	0.129	0.309	0.109	1.374	0.086	0.098	0.424	0.412	0.576	0.588	30
513	2524	62.12	33.46	199.928	0.123	0.305	0.104	1.384	0.081	0.093	0.413	0.398	0.587	0.601	30
514	2525	62.12	33.71	199.978	0.118	0.304	0.105	1.392	0.091	0.102	0.44	0.422	0.56	0.578	30
515	2526	62.12	33.96	199.952	0.111	0.31	0.114	1.393	0.106	0.114	0.45	0.433	0.549	0.567	30
516	2527	62.12	34.21	199.773	0.109	0.316	0.121	1.382	0.113	0.12	0.454	0.44	0.545	0.56	30
517	2528	62.12	34.46	199.309	0.119	0.312	0.116	1.381	0.103	0.111	0.456	0.439	0.544	0.561	30
518	2529	62.12	34.71	192.598	0.147	0.319	0.121	1.34	0.114	0.12	0.457	0.442	0.543	0.558	30
519	2530	61.87	5.46	157.661	0.309	0.313	0.106	1.195	0.092	0.089	0.432	0.395	0.568	0.604	30
520	2531	61.87	5.96	143.484	0.308	0.308	0.1	1.195	0.095	0.092	0.438	0.404	0.562	0.595	30
521	2532	61.87	6.21	143.101	0.299	0.305	0.098	1.203	0.092	0.089	0.435	0.402	0.565	0.598	30
522	2533	61.87	6.46	138.188	0.302	0.304	0.099	1.204	0.089	0.085	0.424	0.394	0.576	0.606	30
523	2534	61.87	6.96	129.184	0.339	0.307	0.101	1.189	0.081	0.075	0.395	0.372	0.605	0.628	30
524	2535	61.87	7.21	120.914	0.353	0.308	0.103	1.188	0.082	0.076	0.396	0.376	0.603	0.624	30
525	2536	61.87	7.46	109.42	0.323	0.306	0.103	1.217	0.078	0.073	0.394	0.377	0.606	0.623	30
526	2537	61.87	7.71	115.942	0.277	0.303	0.102	1.239	0.07	0.065	0.396	0.378	0.603	0.622	30
527	2538	61.87	7.96	121.308	0.267	0.303	0.101	1.254	0.071	0.065	0.404	0.382	0.596	0.618	30
528	2539	61.87	8.21	131.23	0.273	0.304	0.104	1.253	0.079	0.073	0.42	0.396	0.58	0.604	30
529	2540	61.87	8.46	139.234	0.273	0.304	0.104	1.26	0.08	0.075	0.424	0.4	0.576	0.6	30
530	2541	61.87	8.71	140.392	0.265	0.304	0.105	1.266	0.085	0.08	0.434	0.408	0.566	0.592	30
531	2542	61.87	8.96	167.962	0.244	0.306	0.105	1.295	0.089	0.087	0.457	0.429	0.543	0.571	30
532	2543	61.87	9.21	177.17	0.242	0.307	0.106	1.311	0.091	0.089	0.469	0.437	0.531	0.562	30
533	2544	61.87	9.46	164.91	0.247	0.307	0.107	1.297	0.088	0.085	0.456	0.428	0.543	0.571	30
534	2545	61.87	9.71	146.164	0.255	0.307	0.108	1.272	0.094	0.091	0.445	0.422	0.554	0.578	30
535	2546	61.87	9.96	154.817	0.25	0.307	0.109	1.28	0.101	0.1	0.45	0.428	0.55	0.571	30
536	2547	61.87	10.21	167.339	0.232	0.307	0.108	1.288	0.096	0.094	0.446	0.426	0.554	0.573	30
537	2548	61.87	10.46	173.238	0.223	0.306	0.107	1.297	0.089	0.088	0.441	0.419	0.559	0.581	30
538	2549	61.87	10.71	179.593	0.228	0.306	0.107	1.32	0.088	0.088	0.452	0.427	0.548	0.573	30
539	2550	61.87	10.96	193.474	0.232	0.306	0.104	1.356	0.079	0.08	0.452	0.423	0.548	0.578	30
540	2551	61.87	11.21	184.07	0.221	0.308	0.106	1.332	0.076	0.076	0.444	0.419	0.557	0.581	30
541	2552	61.87	11.46	177.67	0.22	0.31	0.108	1.315	0.079	0.079	0.447	0.425	0.553	0.575	30
542	2553	61.87	11.71	185.783	0.217	0.31	0.107	1.336	0.076	0.078	0.449	0.425	0.551	0.575	30
543	2554	61.87	11.96	190.734	0.213	0.307	0.104	1.344	0.075	0.079	0.447	0.42	0.554	0.58	30
544	2555	61.87	12.21	195.314	0.201	0.305	0.1	1.349	0.069	0.075	0.437	0.411	0.564	0.589	30
545	2556	61.87	12.46	197.743	0.206	0.302	0.097	1.367	0.068	0.075	0.432	0.405	0.568	0.596	30
546	2557	61.87	12.71	198.258	0.218	0.299	0.095	1.378	0.068	0.075	0.432	0.405	0.568	0.595	30
547	2558	61.87	12.96	198.834	0.212	0.299	0.094	1.373	0.068	0.072	0.434	0.406	0.566	0.595	30
548	2559	61.87	13.21	197.074	0.205	0.303	0.097	1.348	0.071	0.074	0.438	0.412	0.562	0.589	30
549	2560	61.87	13.46	198.513	0.198	0.309	0.1	1.338	0.083	0.086	0.457	0.43	0.544	0.57	30
550	2561	61.87	13.71	199.876	0.205	0.304	0.097	1.373	0.078	0.083	0.454	0.426	0.547	0.574	30
551	2562	61.87	13.96	199.616	0.207	0.302	0.097	1.384	0.074	0.081	0.444	0.416	0.556	0.584	30
552	2563	61.87	14.21	199.252	0.201	0.3	0.096	1.384	0.065	0.072	0.434	0.407	0.566	0.593	30
553	2564	61.87	14.46	199.075	0.204	0.298	0.094	1.392	0.063	0.07	0.429	0.402	0.571	0.598	30
554	2565	61.87	14.71	199.163	0.201	0.299	0.095	1.384	0.059	0.066	0.419	0.392	0.581	0.608	30
555	2566	61.87	14.96	199.403	0.198	0.298	0.095	1.389	0.062	0.071	0.414	0.39	0.585	0.609	30
556	2567	61.87	15.21	199.713	0.193	0.298	0.096	1.385	0.071	0.08	0.428	0.404	0.572	0.596	30
557	2568	61.87	15.46	199.835	0.195	0.296	0.095	1.374	0.076	0.086	0.43	0.404	0.57	0.596	30
558	2569	61.87	15.71	199.936	0.189	0.298	0.097	1.367	0.082	0.093	0.445	0.419	0.555	0.58	30
559	2570	61.87	15.96	199.893	0.182	0.3	0.1	1.357	0.087	0.098	0.45	0.425	0.55	0.574	30
560	2571	61.87	16.21	199.773	0.185	0.299	0.1	1.34	0.087	0.097	0.437	0.414	0.562	0.586	30
561	2572	61.87	16.96	199.395	0.173	0.307	0.108	1.292	0.105	0.115	0.423	0.412	0.577	0.588	30
562	2573	61.87	21.96	199.378	0.167	0.311	0.115	1.345	0.127	0.145	0.411	0.399	0.588	0.601	30
563	2574	61.87	22.21	199.841	0.164	0.313	0.116	1.364	0.131	0.148	0.443	0.431	0.557	0.569	30
564	2575	61.87	22.46	199.714	0.163	0.314	0.116	1.37	0.128	0.143	0.458	0.448	0.542	0.552	30
565	2576	61.87	22.71	199.537	0.157	0.313	0.115	1.369	0.122	0.137	0.472	0.46	0.528	0.54	30
566	2577	61.87	22.96	199.498	0.155	0.314	0.117	1.372	0.126	0.141	0.491	0.479	0.509	0.521	30
567	2578	61.87	23.21	199.252	0.159	0.312	0.113	1.369	0.114	0.129	0.462	0.45	0.538	0.55	30
568	2579	61.87	23.46	199.609	0.159	0.307	0.106	1.367	0.094	0.109	0.43	0.419	0.569	0.581	30
569	2580	61.87	23.71	199.153	0.161	0.308	0.107	1.367	0.097	0.11	0.441	0.428	0.558	0.572	30
570	2581	61.87	23.96	199.131	0.162	0.31	0.11	1.368	0.109	0.12	0.467	0.451	0.533	0.548	30
571	2582	61.87	24.21	199.58	0.157	0.31	0.109	1.372	0.106	0.118	0.469	0.455	0.531	0.545	30
572	2583	61.87	24.46	199.85	0.151	0.311	0.111	1.376	0.109	0.12	0.488	0.474	0.512	0.525	30
573	2584	61.87	24.71	199.904	0.152	0.308	0.109	1.376	0.101	0.111	0.469	0.455	0.531	0.545	30
574	2585	61.87	24.96	199.963	0.15	0.306	0.105	1.381	0.091	0.102	0.456	0.441	0.544	0.559	30
575	2586	61.87	25.21	199.864	0.148	0.308	0.108	1.388	0.105	0.114	0.488	0.469	0.512	0.531	30
576	2587	61.87	25.46	198.007	0.162	0.311	0.11	1.374	0.105	0.113	0.473	0.452	0.527	0.548	30
577	2588	61.87	25.71	198.443	0.159	0.31	0.11	1.371	0.105	0.113	0.465	0.446	0.535	0.553	30
578	2589	61.87	25.96	199.888	0.149	0.306	0.106	1.378	0.097	0.106	0.453	0.439	0.546	0.561	30
579	2590	61.87	26.21	199.81	0.15	0.308	0.109	1.379	0.097	0.108	0.446	0.432	0.554	0.568	30
580	2591	61.87	26.46	199.286	0.152	0.311	0.111	1.375	0.097	0.106	0.44	0.424	0.56	0.575	30
581	2592	61.87	26.71	198.276	0.152	0.315	0.116	1.367	0.104	0.112	0.445	0.429	0.555	0.571	30
582	2593	61.87	26.96	199.555	0.146	0.311	0.111	1.362	0.098	0.107	0.437	0.42	0.563	0.58	30
583	2594	61.87	27.21	199.826	0.141	0.309	0.11	1.357	0.095	0.107	0.43	0.416	0.57	0.583	30
584	2595	61.87	27.46	199.984	0.142	0.308	0.108	1.354	0.096	0.108	0.428	0.415	0.571	0.585	30
585	2596	61.87	27.71	199.944	0.139	0.308	0.109	1.354	0.095	0.107	0.437	0.423	0.563	0.577	30
586	2597	61.87	27.96	199.933	0.131	0.308	0.109	1.361	0.096	0.107	0.447	0.431	0.553	0.569	30
587	2598	61.87	28.21	199.916	0.12	0.308	0.108	1.371	0.101	0.111	0.463	0.446	0.537	0.554	30
588	2599	61.87	28.46	199.454	0.128	0.312	0.112	1.364	0.108	0.117	0.461	0.447	0.539	0.553	30
589	2600	61.87	28.71	198.047	0.146	0.314	0.114	1.352	0.106	0.115	0.448	0.435	0.552	0.565	30
590	2601	61.87	28.96	197.603	0.142	0.313	0.113	1.356	0.116	0.125	0.465	0.451	0.535	0.548	30
591	2602	61.87	29.21	198.749	0.14	0.312	0.113	1.361	0.112	0.123	0.458	0.446	0.541	0.554	30
592	2603	61.87	29.46	197.669	0.148	0.319	0.119	1.356	0.116	0.126	0.451	0.44	0.548	0.56	30
593	2604	61.87	29.71	199.085	0.142	0.312	0.113	1.37	0.119	0.129	0.458	0.444	0.542	0.555	30
594	2605	61.87	29.96	199.351	0.142	0.313	0.114	1.372	0.114	0.123	0.459	0.444	0.54	0.555	30
595	2606	61.87	30.21	199.738	0.149	0.306	0.106	1.369	0.098	0.108	0.444	0.426	0.556	0.574	30
596	2607	61.87	30.46	199.977	0.143	0.306	0.104	1.368	0.099	0.107	0.455	0.433	0.545	0.567	30
597	2608	61.87	30.71	199.487	0.15	0.307	0.106	1.364	0.099	0.105	0.462	0.44	0.537	0.56	30
598	2609	61.87	30.96	199.183	0.15	0.309	0.108	1.369	0.101	0.108	0.457	0.436	0.542	0.564	30
599	2610	61.87	31.21	199.768	0.143	0.301	0.1	1.381	0.093	0.102	0.451	0.43	0.549	0.57	30
600	2611	61.87	31.46	199.898	0.143	0.296	0.096	1.383	0.077	0.087	0.417	0.399	0.583	0.601	30
601	2612	61.87	31.71	199.548	0.139	0.298	0.097	1.385	0.071	0.083	0.402	0.386	0.598	0.614	30
602	2613	61.87	31.96	199.351	0.134	0.303	0.101	1.38	0.081	0.093	0.431	0.414	0.569	0.586	30
603	2614	61.87	32.21	199.266	0.125	0.307	0.104	1.374	0.091	0.103	0.458	0.441	0.542	0.559	30
604	2615	61.87	32.46	199.895	0.115	0.31	0.108	1.368	0.095	0.107	0.464	0.447	0.536	0.553	30
605	2616	61.87	32.71	199.72	0.119	0.308	0.107	1.38	0.094	0.106	0.469	0.45	0.531	0.55	30
606	2617	61.87	32.96	198.876	0.121	0.311	0.112	1.385	0.102	0.111	0.463	0.446	0.537	0.553	30
607	2618	61.87	33.21	195.585	0.121	0.316	0.117	1.364	0.107	0.116	0.458	0.445	0.542	0.555	30
608	2619	61.87	33.46	199.857	0.106	0.307	0.108	1.359	0.09	0.099	0.44	0.423	0.56	0.577	30
609	2620	61.87	33.71	199.996	0.101	0.303	0.105	1.375	0.082	0.093	0.441	0.423	0.558	0.577	30
610	2621	61.87	33.96	199.972	0.1	0.303	0.108	1.397	0.098	0.107	0.45	0.431	0.55	0.569	30
611	2622	61.87	34.21	199.896	0.099	0.311	0.116	1.391	0.113	0.12	0.461	0.445	0.539	0.555	30
612	2623	61.87	34.46	198.399	0.125	0.309	0.113	1.371	0.105	0.113	0.455	0.438	0.545	0.562	30
613	2624	61.87	34.71	184.981	0.173	0.325	0.126	1.322	0.131	0.136	0.481	0.467	0.519	0.532	30
614	2625	61.62	5.46	146.52	0.306	0.313	0.106	1.206	0.089	0.085	0.428	0.392	0.572	0.608	30
615	2626	61.62	5.71	139.193	0.294	0.311	0.103	1.207	0.088	0.085	0.426	0.392	0.574	0.608	30
616	2627	61.62	5.96	131.259	0.293	0.308	0.099	1.179	0.09	0.087	0.427	0.396	0.573	0.604	30
617	2628	61.62	6.21	121.776	0.307	0.305	0.096	1.153	0.092	0.088	0.42	0.394	0.579	0.605	30
618	2629	61.62	6.46	125.62	0.316	0.305	0.098	1.172	0.087	0.082	0.409	0.385	0.591	0.615	30
619	2630	61.62	6.71	122.12	0.34	0.307	0.101	1.172	0.082	0.076	0.386	0.367	0.614	0.633	30
620	2631	61.62	6.96	119.842	0.355	0.308	0.102	1.162	0.08	0.076	0.388	0.369	0.612	0.631	30
621	2632	61.62	7.21	122.454	0.332	0.307	0.102	1.185	0.081	0.077	0.403	0.384	0.597	0.616	30
622	2633	61.62	7.46	113.192	0.295	0.304	0.101	1.208	0.077	0.072	0.407	0.39	0.592	0.61	30
623	2634	61.62	7.71	102.956	0.264	0.304	0.101	1.216	0.073	0.068	0.405	0.389	0.595	0.611	30
624	2635	61.62	7.96	93.007	0.257	0.303	0.1	1.204	0.071	0.065	0.4	0.385	0.6	0.614	30
625	2636	61.62	8.21	100.999	0.265	0.303	0.102	1.205	0.074	0.068	0.414	0.396	0.585	0.603	30
626	2637	61.62	8.46	100.505	0.263	0.304	0.104	1.203	0.079	0.074	0.418	0.399	0.582	0.601	30
627	2638	61.62	8.71	111.895	0.257	0.304	0.103	1.218	0.083	0.078	0.425	0.404	0.575	0.596	30
628	2639	61.62	8.96	152.643	0.239	0.304	0.102	1.277	0.082	0.079	0.441	0.415	0.558	0.584	30
629	2640	61.62	9.21	175.209	0.23	0.304	0.101	1.303	0.085	0.084	0.457	0.427	0.543	0.573	30
630	2641	61.62	9.46	180.908	0.235	0.305	0.103	1.305	0.089	0.087	0.469	0.438	0.531	0.562	30
631	2642	61.62	9.71	186.582	0.229	0.306	0.103	1.32	0.088	0.087	0.474	0.442	0.526	0.558	30
632	2643	61.62	9.96	183.919	0.223	0.306	0.103	1.31	0.086	0.084	0.464	0.434	0.536	0.566	30
633	2644	61.62	10.21	180.632	0.223	0.305	0.103	1.302	0.086	0.084	0.453	0.424	0.547	0.576	30
634	2645	61.62	10.46	175.941	0.226	0.306	0.103	1.291	0.087	0.084	0.444	0.419	0.556	0.581	30
635	2646	61.62	10.71	184.665	0.231	0.306	0.102	1.327	0.085	0.085	0.453	0.425	0.547	0.575	30
636	2647	61.62	10.96	195.401	0.231	0.305	0.101	1.366	0.077	0.081	0.451	0.422	0.549	0.578	30
637	2648	61.62	11.21	195.55	0.234	0.305	0.102	1.37	0.076	0.08	0.453	0.422	0.547	0.578	30
638	2649	61.62	11.46	189.882	0.221	0.307	0.102	1.343	0.072	0.074	0.449	0.42	0.552	0.581	30
639	2650	61.62	11.71	187.197	0.22	0.307	0.102	1.339	0.069	0.072	0.439	0.415	0.561	0.586	30
640	2651	61.62	11.96	183.599	0.228	0.305	0.1	1.324	0.076	0.079	0.438	0.415	0.562	0.585	30
641	2652	61.62	12.21	184.382	0.213	0.306	0.1	1.304	0.079	0.081	0.444	0.42	0.556	0.58	30
642	2653	61.62	12.46	184.709	0.217	0.304	0.098	1.332	0.082	0.086	0.453	0.428	0.547	0.572	30
643	2654	61.62	12.71	182.936	0.221	0.304	0.097	1.337	0.083	0.088	0.455	0.431	0.546	0.569	30
644	2655	61.62	12.96	196.301	0.208	0.301	0.093	1.371	0.075	0.082	0.45	0.421	0.55	0.579	30
645	2656	61.62	13.21	199.654	0.193	0.3	0.094	1.371	0.071	0.078	0.442	0.412	0.558	0.588	30
646	2657	61.62	13.46	199.431	0.195	0.304	0.097	1.357	0.077	0.081	0.444	0.416	0.556	0.584	30
647	2658	61.62	13.71	198.898	0.216	0.299	0.093	1.377	0.066	0.07	0.434	0.403	0.566	0.597	30
648	2659	61.62	13.96	199.282	0.212	0.296	0.092	1.377	0.061	0.066	0.417	0.387	0.584	0.613	30
649	2660	61.62	14.21	199.378	0.202	0.298	0.092	1.379	0.058	0.063	0.419	0.391	0.581	0.609	30
650	2661	61.62	14.46	198.62	0.209	0.3	0.093	1.384	0.063	0.069	0.433	0.404	0.567	0.596	30
651	2662	61.62	14.71	198.103	0.208	0.3	0.095	1.377	0.066	0.074	0.43	0.404	0.57	0.596	30
652	2663	61.62	14.96	199.151	0.203	0.296	0.095	1.381	0.062	0.072	0.413	0.388	0.587	0.612	30
653	2664	61.62	15.21	199.646	0.199	0.297	0.097	1.378	0.07	0.079	0.424	0.4	0.576	0.6	30
654	2665	61.62	15.46	199.795	0.195	0.296	0.097	1.37	0.07	0.08	0.415	0.391	0.585	0.609	30
655	2666	61.62	15.71	199.897	0.186	0.296	0.097	1.364	0.079	0.091	0.422	0.398	0.578	0.602	30
656	2667	61.62	15.96	199.829	0.181	0.298	0.099	1.362	0.083	0.095	0.435	0.41	0.564	0.589	30
657	2668	61.62	16.21	199.782	0.182	0.301	0.103	1.354	0.091	0.102	0.443	0.423	0.556	0.577	30
658	2669	61.62	16.46	199.641	0.179	0.301	0.103	1.338	0.093	0.103	0.431	0.417	0.569	0.583	30
659	2670	61.62	16.71	199.13	0.176	0.302	0.102	1.324	0.096	0.106	0.42	0.408	0.58	0.592	30
660	2671	61.62	22.21	199.153	0.164	0.313	0.116	1.343	0.137	0.154	0.44	0.428	0.559	0.572	30
661	2672	61.62	22.71	199.234	0.157	0.315	0.118	1.369	0.136	0.152	0.48	0.466	0.52	0.534	30
662	2673	61.62	22.96	199.316	0.153	0.319	0.124	1.37	0.152	0.168	0.525	0.51	0.475	0.49	30
663	2674	61.62	23.21	199.111	0.15	0.321	0.127	1.372	0.165	0.178	0.553	0.536	0.447	0.464	30
664	2675	61.62	23.46	199.282	0.154	0.315	0.119	1.37	0.138	0.152	0.513	0.497	0.487	0.503	30
665	2676	61.62	23.71	198.168	0.154	0.32	0.123	1.365	0.145	0.156	0.514	0.499	0.486	0.5	30
666	2677	61.62	23.96	198.883	0.157	0.314	0.116	1.366	0.126	0.138	0.493	0.479	0.507	0.521	30
667	2678	61.62	24.21	199.36	0.154	0.313	0.115	1.367	0.116	0.128	0.488	0.475	0.512	0.525	30
668	2679	61.62	24.46	199.514	0.146	0.318	0.122	1.369	0.135	0.145	0.521	0.507	0.479	0.493	30
669	2680	61.62	24.71	199.829	0.149	0.312	0.116	1.367	0.117	0.128	0.484	0.472	0.516	0.528	30
670	2681	61.62	24.96	199.825	0.159	0.305	0.107	1.368	0.093	0.103	0.444	0.431	0.556	0.569	30
671	2682	61.62	25.21	198.562	0.163	0.308	0.108	1.369	0.104	0.114	0.469	0.453	0.531	0.546	30
