# Command file for Castanea
# Generated on Rstudio by user vandermeersch, on the 2023-06-23

# The filenames below are relative to the folder containing this command file
castaneaFileName	=	CastaneaSpecies_08_2021.txt
inventoryFileName	=	C:/Users/vandermeersch/Documents/CEFE/phd/hindcasting/simulation/castanea/run/inventory.txt

climateBaseName	=	D:/climate/HadCM3B_60Kyr_Climate/2023_dataset/castanea_format/025deg/5500BP/
climateExtension	=	.txt
simulationName	=	ind1_


#	siteId	gridName	latitude	longitude	soilHeight	stone	wfc	wilt	bulk	SOLCLAYtop	SOLCLAYsol	SOLFINtop	SOLFINsol	SOLSANDtop	SOLSANDsol	numberOfYears
1	9385	46.87	33.21	199.996	0.025	0.332	0.2	1.493	0.298	0.307	0.739	0.735	0.26	0.265	30
2	9386	46.87	33.46	199.994	0.031	0.325	0.191	1.495	0.287	0.299	0.723	0.721	0.277	0.279	30
3	9387	46.87	33.71	199.986	0.034	0.326	0.188	1.489	0.277	0.289	0.709	0.705	0.291	0.295	30
4	9388	46.87	33.96	199.998	0.02	0.339	0.205	1.481	0.299	0.312	0.743	0.741	0.256	0.259	30
5	9389	46.87	34.21	200	0.02	0.348	0.215	1.484	0.318	0.33	0.771	0.769	0.228	0.231	30
6	9390	46.87	34.46	200	0.019	0.351	0.218	1.484	0.324	0.335	0.785	0.781	0.215	0.218	30
7	9391	46.87	34.71	200	0.02	0.355	0.223	1.477	0.325	0.335	0.792	0.788	0.208	0.212	30
8	9392	46.62	-1.54	199.999	0.113	0.309	0.161	1.51	0.211	0.248	0.621	0.617	0.379	0.383	30
9	9393	46.62	-1.29	199.997	0.117	0.312	0.167	1.508	0.221	0.259	0.652	0.645	0.348	0.355	30
10	9394	46.62	-1.04	199.999	0.124	0.315	0.175	1.506	0.237	0.275	0.686	0.68	0.313	0.32	30
11	9395	46.62	-0.789999999999999	199.983	0.13	0.315	0.174	1.506	0.227	0.271	0.675	0.673	0.325	0.327	30
12	9396	46.62	-0.539999999999999	199.998	0.132	0.316	0.174	1.512	0.219	0.268	0.664	0.664	0.336	0.336	30
13	9397	46.62	-0.289999999999999	200	0.133	0.315	0.174	1.515	0.219	0.269	0.655	0.656	0.345	0.345	30
14	9398	46.62	-0.0399999999999991	199.998	0.136	0.321	0.183	1.518	0.245	0.294	0.703	0.703	0.297	0.297	30
15	9399	46.62	0.210000000000001	199.997	0.136	0.32	0.19	1.516	0.263	0.313	0.713	0.716	0.286	0.284	30
16	9400	46.62	0.460000000000001	199.929	0.128	0.31	0.182	1.519	0.246	0.296	0.661	0.662	0.339	0.338	30
17	9401	46.62	0.710000000000001	199.966	0.13	0.313	0.184	1.526	0.255	0.311	0.684	0.686	0.315	0.314	30
18	9402	46.62	0.960000000000001	199.988	0.128	0.314	0.184	1.529	0.254	0.313	0.681	0.686	0.319	0.314	30
19	9403	46.62	1.21	199.993	0.122	0.314	0.179	1.528	0.236	0.3	0.637	0.647	0.362	0.353	30
20	9404	46.62	1.46	199.988	0.129	0.317	0.182	1.529	0.232	0.297	0.641	0.652	0.359	0.348	30
21	9405	46.62	1.71	199.999	0.135	0.318	0.185	1.533	0.234	0.295	0.656	0.664	0.343	0.336	30
22	9406	46.62	1.96	200	0.14	0.319	0.187	1.537	0.24	0.297	0.658	0.665	0.342	0.335	30
23	9407	46.62	2.21	200	0.14	0.319	0.186	1.539	0.24	0.295	0.643	0.653	0.357	0.347	30
24	9408	46.62	2.46	199.999	0.136	0.316	0.183	1.54	0.242	0.294	0.638	0.645	0.362	0.355	30
25	9409	46.62	2.71	200	0.143	0.314	0.176	1.535	0.232	0.282	0.623	0.63	0.377	0.37	30
26	9410	46.62	2.96	200	0.137	0.311	0.17	1.538	0.218	0.267	0.603	0.61	0.397	0.39	30
27	9411	46.62	3.21	200	0.121	0.303	0.164	1.537	0.209	0.251	0.572	0.576	0.428	0.424	30
28	9412	46.62	3.46	200	0.102	0.301	0.161	1.538	0.205	0.244	0.559	0.559	0.441	0.441	30
29	9413	46.62	3.71	200	0.117	0.308	0.165	1.522	0.212	0.252	0.573	0.574	0.426	0.426	30
30	9414	46.62	3.96	199.968	0.139	0.312	0.165	1.512	0.219	0.262	0.58	0.584	0.42	0.416	30
31	9415	46.62	4.21	199.779	0.137	0.315	0.167	1.506	0.226	0.269	0.605	0.608	0.395	0.392	30
32	9416	46.62	4.46	199.845	0.141	0.315	0.167	1.507	0.224	0.267	0.603	0.604	0.397	0.396	30
33	9417	46.62	4.71	199.971	0.122	0.313	0.174	1.518	0.235	0.275	0.635	0.63	0.365	0.37	30
34	9418	46.62	4.96	200	0.075	0.299	0.161	1.528	0.209	0.241	0.616	0.603	0.384	0.397	30
35	9419	46.62	5.21	199.999	0.064	0.301	0.162	1.531	0.204	0.237	0.639	0.622	0.361	0.377	30
36	9420	46.62	5.46	199.976	0.098	0.327	0.183	1.497	0.246	0.287	0.678	0.662	0.322	0.338	30
37	9421	46.62	5.71	199.46	0.137	0.346	0.191	1.456	0.272	0.315	0.695	0.674	0.305	0.326	30
38	9422	46.62	5.96	195.261	0.181	0.345	0.177	1.393	0.256	0.288	0.664	0.631	0.336	0.369	30
39	9423	46.62	6.21	189.517	0.196	0.335	0.159	1.371	0.22	0.243	0.625	0.591	0.375	0.409	30
40	9424	46.62	6.46	195.451	0.157	0.324	0.157	1.449	0.222	0.242	0.631	0.607	0.369	0.393	30
41	9425	46.62	6.71	197.133	0.139	0.319	0.154	1.468	0.222	0.239	0.634	0.612	0.366	0.388	30
42	9426	46.62	6.96	191.166	0.168	0.326	0.152	1.424	0.214	0.228	0.618	0.595	0.382	0.405	30
43	9427	46.62	7.21	175.564	0.217	0.326	0.146	1.363	0.197	0.208	0.59	0.562	0.41	0.438	30
44	9428	46.62	7.46	161.866	0.236	0.325	0.141	1.34	0.181	0.19	0.568	0.539	0.432	0.461	30
45	9429	46.62	7.71	148.664	0.243	0.324	0.135	1.31	0.166	0.172	0.552	0.522	0.448	0.478	30
46	9430	46.62	7.96	123.39	0.268	0.323	0.125	1.233	0.145	0.148	0.522	0.493	0.478	0.507	30
47	9431	46.62	8.21	103.769	0.28	0.317	0.117	1.187	0.128	0.129	0.499	0.472	0.501	0.528	30
48	9432	46.62	8.46	85.295	0.279	0.312	0.109	1.133	0.111	0.109	0.477	0.454	0.523	0.546	30
49	9433	46.62	8.71	96.907	0.269	0.311	0.11	1.148	0.115	0.113	0.485	0.457	0.515	0.543	30
50	9434	46.62	8.96	101.495	0.264	0.315	0.115	1.165	0.123	0.121	0.498	0.471	0.502	0.529	30
51	9435	46.62	9.21	108.098	0.255	0.32	0.121	1.19	0.135	0.135	0.516	0.489	0.484	0.511	30
52	9436	46.62	9.46	115.735	0.249	0.319	0.122	1.213	0.136	0.138	0.515	0.488	0.485	0.512	30
53	9437	46.62	9.71	101.074	0.271	0.315	0.116	1.187	0.123	0.121	0.494	0.468	0.506	0.532	30
54	9438	46.62	9.96	88.513	0.289	0.312	0.111	1.18	0.113	0.109	0.472	0.448	0.528	0.552	30
55	9439	46.62	10.21	91.454	0.297	0.312	0.114	1.206	0.117	0.113	0.471	0.447	0.529	0.553	30
56	9440	46.62	10.46	104.678	0.29	0.31	0.114	1.243	0.117	0.115	0.474	0.447	0.526	0.553	30
57	9441	46.62	10.71	107.944	0.291	0.308	0.113	1.255	0.114	0.112	0.468	0.441	0.532	0.559	30
58	9442	46.62	10.96	123.218	0.28	0.309	0.114	1.288	0.121	0.12	0.481	0.452	0.519	0.548	30
59	9443	46.62	11.21	154.02	0.252	0.311	0.122	1.348	0.136	0.14	0.503	0.475	0.497	0.525	30
60	9444	46.62	11.46	154.02	0.26	0.307	0.119	1.342	0.129	0.132	0.502	0.469	0.498	0.53	30
61	9445	46.62	11.71	143.338	0.271	0.309	0.119	1.296	0.125	0.127	0.493	0.459	0.507	0.541	30
62	9446	46.62	11.96	132.054	0.282	0.314	0.123	1.267	0.131	0.132	0.496	0.463	0.504	0.537	30
63	9447	46.62	12.21	128.261	0.286	0.314	0.122	1.255	0.133	0.134	0.493	0.459	0.506	0.541	30
64	9448	46.62	12.46	134.33	0.281	0.314	0.12	1.252	0.132	0.133	0.494	0.457	0.506	0.543	30
65	9449	46.62	12.71	142.791	0.273	0.316	0.122	1.257	0.138	0.14	0.504	0.466	0.496	0.534	30
66	9450	46.62	12.96	159.36	0.256	0.321	0.131	1.284	0.155	0.161	0.527	0.49	0.473	0.51	30
67	9451	46.62	13.21	166.543	0.252	0.324	0.133	1.288	0.162	0.169	0.539	0.5	0.461	0.5	30
68	9452	46.62	13.46	172.176	0.249	0.324	0.135	1.304	0.166	0.175	0.546	0.508	0.454	0.492	30
69	9453	46.62	13.71	175.071	0.234	0.324	0.137	1.318	0.169	0.179	0.55	0.513	0.449	0.487	30
70	9454	46.62	13.96	181.816	0.208	0.32	0.137	1.358	0.17	0.181	0.552	0.514	0.448	0.485	30
71	9455	46.62	14.21	188.347	0.181	0.316	0.142	1.419	0.187	0.201	0.573	0.542	0.427	0.458	30
72	9456	46.62	14.46	190.664	0.176	0.314	0.143	1.427	0.194	0.207	0.589	0.557	0.411	0.443	30
73	9457	46.62	14.71	191.054	0.185	0.312	0.14	1.421	0.186	0.197	0.577	0.542	0.423	0.458	30
74	9458	46.62	14.96	190.818	0.196	0.31	0.139	1.416	0.177	0.189	0.564	0.525	0.436	0.475	30
75	9459	46.62	15.21	193.494	0.192	0.308	0.142	1.429	0.185	0.199	0.571	0.533	0.429	0.467	30
76	9460	46.62	15.46	197.23	0.146	0.309	0.153	1.467	0.207	0.226	0.602	0.572	0.398	0.427	30
77	9461	46.62	15.71	199.807	0.08	0.308	0.167	1.522	0.228	0.251	0.638	0.621	0.362	0.379	30
78	9462	46.62	15.96	200	0.06	0.303	0.166	1.537	0.228	0.251	0.642	0.626	0.358	0.374	30
79	9463	46.62	16.21	200	0.051	0.292	0.159	1.541	0.218	0.238	0.6	0.58	0.399	0.42	30
80	9464	46.62	16.46	200	0.044	0.28	0.153	1.542	0.206	0.223	0.574	0.549	0.426	0.45	30
81	9465	46.62	16.71	200	0.045	0.279	0.155	1.541	0.208	0.226	0.57	0.544	0.43	0.456	30
82	9466	46.62	16.96	200	0.042	0.276	0.153	1.54	0.214	0.227	0.559	0.532	0.441	0.468	30
83	9467	46.62	17.21	200	0.036	0.273	0.144	1.528	0.211	0.218	0.536	0.505	0.464	0.495	30
84	9468	46.62	17.46	200	0.034	0.266	0.138	1.528	0.201	0.206	0.506	0.476	0.493	0.524	30
85	9469	46.62	17.71	200	0.042	0.268	0.142	1.534	0.212	0.213	0.529	0.494	0.471	0.506	30
86	9470	46.62	17.96	200	0.055	0.274	0.149	1.526	0.227	0.224	0.572	0.533	0.428	0.467	30
87	9471	46.62	18.21	200	0.051	0.274	0.147	1.515	0.217	0.209	0.553	0.512	0.447	0.488	30
88	9472	46.62	18.46	200	0.05	0.27	0.144	1.511	0.21	0.202	0.524	0.485	0.476	0.515	30
89	9473	46.62	18.71	200	0.039	0.257	0.136	1.512	0.198	0.186	0.478	0.436	0.522	0.563	30
90	9474	46.62	18.96	200	0.03	0.266	0.142	1.516	0.231	0.215	0.554	0.507	0.446	0.493	30
91	9475	46.62	19.21	200	0.026	0.246	0.128	1.521	0.198	0.185	0.444	0.405	0.556	0.595	30
92	9476	46.62	19.46	200	0.028	0.217	0.107	1.522	0.143	0.136	0.298	0.271	0.701	0.729	30
93	9477	46.62	19.71	200	0.028	0.225	0.113	1.52	0.154	0.15	0.323	0.298	0.677	0.702	30
94	9478	46.62	19.96	200	0.027	0.259	0.142	1.515	0.216	0.213	0.463	0.434	0.537	0.566	30
95	9479	46.62	20.21	200	0.033	0.311	0.191	1.502	0.308	0.309	0.649	0.619	0.352	0.381	30
96	9480	46.62	20.46	200	0.033	0.331	0.207	1.491	0.336	0.344	0.724	0.7	0.276	0.3	30
97	9481	46.62	20.71	200	0.028	0.331	0.201	1.486	0.323	0.33	0.721	0.698	0.279	0.302	30
98	9482	46.62	20.96	200	0.024	0.33	0.198	1.489	0.314	0.318	0.707	0.682	0.294	0.318	30
99	9483	46.62	21.21	200	0.023	0.328	0.2	1.5	0.326	0.329	0.696	0.672	0.304	0.328	30
100	9484	46.62	21.46	200	0.021	0.323	0.201	1.507	0.32	0.325	0.701	0.681	0.299	0.319	30
101	9485	46.62	21.71	200	0.02	0.304	0.183	1.52	0.285	0.296	0.671	0.654	0.329	0.346	30
102	9486	46.62	21.96	199.997	0.034	0.295	0.173	1.53	0.258	0.28	0.641	0.631	0.359	0.369	30
103	9487	46.62	22.21	199.95	0.08	0.309	0.175	1.514	0.25	0.283	0.64	0.63	0.36	0.37	30
104	9488	46.62	22.46	199.292	0.129	0.315	0.174	1.493	0.235	0.266	0.637	0.623	0.363	0.377	30
105	9489	46.62	22.71	196.901	0.221	0.318	0.143	1.38	0.18	0.192	0.595	0.563	0.405	0.437	30
106	9490	46.62	22.96	198.126	0.208	0.312	0.135	1.389	0.167	0.178	0.576	0.542	0.424	0.458	30
107	9491	46.62	23.21	198.387	0.202	0.312	0.14	1.407	0.182	0.192	0.585	0.552	0.415	0.448	30
108	9492	46.62	23.46	199.729	0.142	0.315	0.169	1.478	0.239	0.261	0.659	0.641	0.341	0.359	30
109	9493	46.62	23.71	199.971	0.082	0.322	0.191	1.504	0.29	0.31	0.726	0.715	0.274	0.285	30
110	9494	46.62	23.96	200	0.06	0.331	0.2	1.493	0.314	0.328	0.758	0.748	0.242	0.252	30
111	9495	46.62	24.21	200	0.062	0.332	0.199	1.495	0.312	0.326	0.756	0.747	0.244	0.253	30
112	9496	46.62	24.46	200	0.065	0.322	0.191	1.505	0.294	0.311	0.725	0.716	0.275	0.284	30
113	9497	46.62	24.71	199.981	0.067	0.315	0.181	1.506	0.282	0.303	0.713	0.703	0.287	0.297	30
114	9498	46.62	24.96	199.234	0.109	0.315	0.167	1.486	0.249	0.268	0.685	0.67	0.315	0.33	30
115	9499	46.62	25.21	196.908	0.17	0.312	0.142	1.417	0.192	0.204	0.621	0.594	0.378	0.405	30
116	9500	46.62	25.46	196.045	0.174	0.312	0.138	1.402	0.183	0.194	0.606	0.58	0.394	0.42	30
117	9501	46.62	25.71	195.989	0.193	0.313	0.14	1.399	0.186	0.196	0.609	0.582	0.392	0.418	30
118	9502	46.62	25.96	195.176	0.215	0.316	0.143	1.394	0.188	0.203	0.609	0.585	0.391	0.415	30
119	9503	46.62	26.21	193.736	0.223	0.317	0.144	1.378	0.206	0.219	0.608	0.582	0.392	0.419	30
120	9504	46.62	26.46	198.87	0.153	0.314	0.157	1.457	0.235	0.251	0.646	0.626	0.354	0.374	30
121	9505	46.62	26.71	199.976	0.077	0.308	0.168	1.5	0.259	0.278	0.694	0.68	0.306	0.32	30
122	9506	46.62	26.96	199.992	0.058	0.312	0.176	1.493	0.271	0.287	0.716	0.703	0.283	0.297	30
123	9507	46.62	27.21	199.999	0.079	0.32	0.184	1.487	0.286	0.304	0.731	0.72	0.269	0.28	30
124	9508	46.62	27.46	200	0.08	0.323	0.191	1.479	0.295	0.312	0.743	0.733	0.257	0.267	30
125	9509	46.62	27.71	200	0.068	0.324	0.196	1.471	0.297	0.312	0.745	0.735	0.254	0.265	30
126	9510	46.62	27.96	200	0.068	0.326	0.199	1.469	0.299	0.315	0.75	0.741	0.25	0.259	30
127	9511	46.62	28.21	200	0.051	0.328	0.203	1.456	0.3	0.311	0.746	0.738	0.254	0.262	30
128	9512	46.62	28.46	200	0.062	0.335	0.209	1.449	0.298	0.31	0.757	0.75	0.243	0.25	30
129	9513	46.62	28.71	200	0.071	0.345	0.217	1.448	0.312	0.323	0.781	0.774	0.22	0.226	30
130	9514	46.62	28.96	199.999	0.071	0.343	0.215	1.449	0.314	0.324	0.787	0.78	0.214	0.221	30
131	9515	46.62	29.21	199.996	0.067	0.342	0.215	1.445	0.323	0.332	0.804	0.799	0.196	0.201	30
132	9516	46.62	29.46	199.993	0.055	0.338	0.21	1.451	0.314	0.322	0.782	0.774	0.218	0.226	30
133	9517	46.62	29.71	199.999	0.039	0.336	0.203	1.454	0.312	0.317	0.756	0.746	0.244	0.254	30
134	9518	46.62	29.96	199.996	0.036	0.339	0.197	1.452	0.311	0.315	0.745	0.735	0.255	0.265	30
135	9519	46.62	30.21	199.997	0.04	0.344	0.203	1.452	0.32	0.325	0.766	0.762	0.234	0.238	30
136	9520	46.62	30.46	199.998	0.047	0.34	0.202	1.463	0.315	0.324	0.763	0.761	0.237	0.239	30
137	9521	46.62	30.71	199.998	0.05	0.335	0.196	1.469	0.306	0.315	0.755	0.752	0.245	0.248	30
138	9522	46.62	32.46	199.983	0.036	0.328	0.181	1.479	0.287	0.292	0.704	0.695	0.296	0.305	30
139	9523	46.62	32.71	199.996	0.038	0.32	0.175	1.488	0.275	0.279	0.665	0.654	0.335	0.346	30
140	9524	46.62	32.96	199.998	0.038	0.312	0.17	1.5	0.264	0.273	0.64	0.631	0.36	0.369	30
141	9525	46.62	33.21	199.996	0.025	0.317	0.182	1.5	0.283	0.292	0.685	0.677	0.315	0.323	30
142	9526	46.62	33.46	199.996	0.019	0.329	0.196	1.491	0.302	0.313	0.73	0.727	0.27	0.273	30
143	9527	46.62	33.71	199.999	0.017	0.339	0.201	1.479	0.309	0.321	0.748	0.746	0.251	0.254	30
144	9528	46.62	33.96	200	0.015	0.343	0.208	1.479	0.319	0.333	0.76	0.758	0.239	0.242	30
145	9529	46.62	34.21	200	0.014	0.349	0.217	1.482	0.337	0.35	0.787	0.783	0.213	0.217	30
146	9530	46.62	34.46	200	0.015	0.349	0.217	1.486	0.345	0.359	0.796	0.792	0.204	0.208	30
147	9531	46.62	34.71	200	0.015	0.352	0.222	1.485	0.353	0.366	0.801	0.798	0.198	0.202	30
148	9532	46.37	-1.29	199.998	0.095	0.323	0.181	1.502	0.27	0.277	0.682	0.659	0.318	0.341	30
149	9533	46.37	-1.04	199.998	0.101	0.327	0.189	1.502	0.292	0.295	0.715	0.689	0.285	0.311	30
150	9534	46.37	-0.789999999999999	199.986	0.113	0.319	0.183	1.498	0.27	0.287	0.689	0.669	0.311	0.331	30
151	9535	46.37	-0.539999999999999	199.994	0.129	0.319	0.186	1.5	0.26	0.296	0.7	0.693	0.3	0.307	30
152	9536	46.37	-0.289999999999999	199.994	0.14	0.322	0.19	1.505	0.261	0.31	0.721	0.72	0.279	0.28	30
153	9537	46.37	-0.0399999999999991	199.999	0.133	0.321	0.189	1.512	0.256	0.311	0.73	0.731	0.27	0.27	30
154	9538	46.37	0.210000000000001	199.999	0.13	0.316	0.185	1.515	0.252	0.308	0.713	0.716	0.287	0.284	30
155	9539	46.37	0.460000000000001	199.997	0.119	0.308	0.178	1.526	0.24	0.288	0.677	0.675	0.323	0.325	30
156	9540	46.37	0.710000000000001	199.998	0.13	0.311	0.181	1.528	0.238	0.291	0.664	0.667	0.336	0.333	30
157	9541	46.37	0.960000000000001	200	0.13	0.312	0.178	1.528	0.224	0.282	0.642	0.65	0.358	0.35	30
158	9542	46.37	1.21	200	0.135	0.31	0.17	1.528	0.206	0.261	0.598	0.608	0.402	0.392	30
159	9543	46.37	1.46	199.999	0.147	0.307	0.163	1.525	0.198	0.245	0.577	0.585	0.423	0.416	30
160	9544	46.37	1.71	199.999	0.158	0.305	0.16	1.521	0.197	0.24	0.574	0.576	0.426	0.424	30
161	9545	46.37	1.96	200	0.159	0.305	0.16	1.521	0.201	0.242	0.567	0.571	0.433	0.429	30
162	9546	46.37	2.21	200	0.154	0.308	0.164	1.522	0.209	0.252	0.576	0.584	0.424	0.416	30
163	9547	46.37	2.46	200	0.146	0.31	0.17	1.53	0.22	0.269	0.584	0.597	0.415	0.403	30
164	9548	46.37	2.71	200	0.146	0.31	0.17	1.531	0.221	0.271	0.583	0.595	0.417	0.405	30
165	9549	46.37	2.96	200	0.147	0.311	0.166	1.528	0.21	0.259	0.576	0.587	0.423	0.413	30
166	9550	46.37	3.21	200	0.131	0.309	0.17	1.533	0.225	0.269	0.59	0.599	0.409	0.401	30
167	9551	46.37	3.46	200	0.111	0.305	0.171	1.534	0.225	0.266	0.587	0.59	0.413	0.41	30
168	9552	46.37	3.71	200	0.128	0.307	0.165	1.525	0.216	0.26	0.567	0.572	0.433	0.428	30
169	9553	46.37	3.96	199.934	0.118	0.311	0.167	1.52	0.228	0.271	0.581	0.584	0.419	0.416	30
170	9554	46.37	4.21	199.369	0.132	0.319	0.173	1.502	0.242	0.288	0.618	0.621	0.382	0.379	30
171	9555	46.37	4.46	199.818	0.157	0.311	0.159	1.499	0.213	0.252	0.577	0.575	0.423	0.426	30
172	9556	46.37	4.71	199.983	0.135	0.312	0.171	1.513	0.232	0.269	0.638	0.629	0.362	0.371	30
173	9557	46.37	4.96	200	0.07	0.302	0.167	1.532	0.215	0.249	0.639	0.627	0.361	0.373	30
174	9558	46.37	5.21	199.994	0.067	0.306	0.169	1.526	0.215	0.255	0.658	0.646	0.342	0.354	30
175	9559	46.37	5.46	199.807	0.118	0.336	0.19	1.478	0.27	0.316	0.699	0.683	0.301	0.317	30
176	9560	46.37	5.71	197.843	0.169	0.344	0.185	1.422	0.269	0.305	0.673	0.648	0.327	0.352	30
177	9561	46.37	5.96	192.35	0.19	0.336	0.167	1.378	0.239	0.266	0.639	0.61	0.361	0.39	30
178	9562	46.37	6.21	194.891	0.152	0.321	0.154	1.443	0.214	0.238	0.616	0.592	0.384	0.408	30
179	9563	46.37	6.46	193.686	0.158	0.32	0.148	1.454	0.212	0.23	0.61	0.587	0.39	0.413	30
180	9564	46.37	6.71	180.531	0.21	0.324	0.141	1.383	0.198	0.21	0.586	0.56	0.414	0.44	30
181	9565	46.37	6.96	172.961	0.22	0.321	0.139	1.353	0.188	0.196	0.571	0.543	0.429	0.457	30
182	9566	46.37	7.21	148.81	0.249	0.319	0.132	1.301	0.165	0.17	0.537	0.508	0.463	0.492	30
183	9567	46.37	7.46	136.792	0.251	0.317	0.129	1.298	0.154	0.158	0.525	0.498	0.475	0.502	30
184	9568	46.37	7.71	119.974	0.266	0.315	0.122	1.268	0.136	0.136	0.498	0.469	0.502	0.531	30
185	9569	46.37	7.96	110.78	0.286	0.313	0.117	1.24	0.124	0.123	0.484	0.455	0.517	0.545	30
186	9570	46.37	8.21	104.845	0.288	0.314	0.118	1.206	0.115	0.113	0.477	0.446	0.523	0.554	30
187	9571	46.37	8.46	105.492	0.277	0.316	0.12	1.194	0.114	0.112	0.48	0.448	0.52	0.552	30
188	9572	46.37	8.71	124.278	0.265	0.317	0.122	1.23	0.126	0.126	0.497	0.465	0.503	0.535	30
189	9573	46.37	8.96	132.22	0.261	0.317	0.124	1.251	0.131	0.133	0.506	0.475	0.494	0.525	30
190	9574	46.37	9.21	116.51	0.263	0.316	0.12	1.213	0.125	0.125	0.498	0.468	0.502	0.532	30
191	9575	46.37	9.46	112.574	0.254	0.316	0.12	1.213	0.123	0.124	0.49	0.464	0.51	0.535	30
192	9576	46.37	9.71	98.386	0.27	0.314	0.115	1.187	0.11	0.108	0.47	0.445	0.53	0.555	30
193	9577	46.37	9.96	98.389	0.283	0.312	0.113	1.21	0.107	0.104	0.462	0.436	0.538	0.564	30
194	9578	46.37	10.21	107.107	0.287	0.31	0.114	1.247	0.11	0.107	0.463	0.436	0.537	0.564	30
195	9579	46.37	10.46	101.954	0.291	0.31	0.113	1.239	0.105	0.102	0.453	0.425	0.547	0.575	30
196	9580	46.37	10.71	104.145	0.292	0.31	0.113	1.242	0.109	0.107	0.46	0.431	0.54	0.569	30
197	9581	46.37	10.96	140.368	0.265	0.315	0.124	1.324	0.139	0.143	0.503	0.474	0.497	0.526	30
198	9582	46.37	11.21	170.688	0.233	0.314	0.133	1.392	0.163	0.175	0.537	0.515	0.463	0.484	30
199	9583	46.37	11.46	157.36	0.258	0.308	0.122	1.332	0.135	0.141	0.508	0.477	0.492	0.523	30
200	9584	46.37	11.71	133.129	0.283	0.311	0.119	1.256	0.121	0.122	0.485	0.448	0.515	0.552	30
201	9585	46.37	11.96	137.354	0.282	0.317	0.126	1.262	0.138	0.141	0.502	0.467	0.498	0.533	30
202	9586	46.37	12.21	151.496	0.275	0.32	0.131	1.283	0.153	0.159	0.52	0.486	0.48	0.514	30
203	9587	46.37	12.46	153.838	0.276	0.324	0.133	1.269	0.16	0.167	0.529	0.496	0.471	0.504	30
204	9588	46.37	12.71	166.215	0.253	0.33	0.144	1.307	0.182	0.196	0.563	0.533	0.437	0.467	30
205	9589	46.37	12.96	182.078	0.219	0.338	0.159	1.363	0.209	0.232	0.598	0.574	0.402	0.426	30
206	9590	46.37	13.21	178.887	0.226	0.338	0.158	1.343	0.21	0.23	0.602	0.574	0.398	0.426	30
207	9591	46.37	13.46	168.165	0.249	0.337	0.15	1.298	0.199	0.213	0.588	0.555	0.412	0.445	30
208	9592	46.37	13.71	158.813	0.255	0.333	0.143	1.273	0.186	0.195	0.568	0.535	0.432	0.465	30
209	9593	46.37	13.96	172.4	0.225	0.334	0.148	1.313	0.193	0.207	0.585	0.547	0.415	0.453	30
210	9594	46.37	14.21	186.995	0.197	0.332	0.156	1.376	0.205	0.223	0.606	0.57	0.394	0.43	30
211	9595	46.37	14.46	184.222	0.205	0.328	0.151	1.364	0.198	0.212	0.598	0.56	0.402	0.439	30
212	9596	46.37	14.71	182.942	0.215	0.328	0.15	1.352	0.198	0.213	0.597	0.559	0.403	0.441	30
213	9597	46.37	14.96	193.754	0.182	0.324	0.157	1.424	0.209	0.23	0.606	0.574	0.394	0.426	30
214	9598	46.37	15.21	196.726	0.16	0.318	0.158	1.448	0.212	0.234	0.611	0.581	0.389	0.419	30
215	9599	46.37	15.46	197.395	0.133	0.313	0.157	1.469	0.207	0.229	0.604	0.579	0.396	0.421	30
216	9600	46.37	15.71	199.831	0.069	0.308	0.166	1.518	0.224	0.248	0.623	0.608	0.377	0.392	30
217	9601	46.37	15.96	199.979	0.05	0.303	0.165	1.53	0.225	0.248	0.628	0.614	0.372	0.386	30
218	9602	46.37	16.21	199.989	0.038	0.292	0.159	1.54	0.212	0.232	0.601	0.583	0.399	0.417	30
219	9603	46.37	16.46	200	0.023	0.279	0.15	1.544	0.201	0.214	0.576	0.55	0.424	0.45	30
220	9604	46.37	16.71	200	0.02	0.27	0.142	1.544	0.196	0.203	0.558	0.525	0.441	0.474	30
221	9605	46.37	16.96	200	0.03	0.266	0.141	1.549	0.199	0.207	0.54	0.51	0.46	0.49	30
222	9606	46.37	17.21	200	0.03	0.254	0.133	1.553	0.188	0.197	0.477	0.451	0.523	0.549	30
223	9607	46.37	17.46	200	0.029	0.247	0.128	1.555	0.173	0.18	0.442	0.414	0.558	0.586	30
224	9608	46.37	17.71	200	0.035	0.26	0.139	1.547	0.198	0.202	0.507	0.474	0.493	0.526	30
225	9609	46.37	17.96	200	0.038	0.275	0.151	1.532	0.222	0.224	0.574	0.536	0.426	0.463	30
226	9610	46.37	18.21	200	0.044	0.28	0.155	1.525	0.226	0.227	0.582	0.547	0.418	0.452	30
227	9611	46.37	18.46	200	0.049	0.278	0.155	1.519	0.226	0.225	0.582	0.549	0.418	0.451	30
228	9612	46.37	18.71	200	0.037	0.273	0.147	1.512	0.224	0.212	0.565	0.521	0.435	0.479	30
229	9613	46.37	18.96	200	0.028	0.271	0.145	1.514	0.229	0.215	0.561	0.514	0.439	0.486	30
230	9614	46.37	19.21	200	0.026	0.245	0.126	1.519	0.171	0.162	0.4	0.363	0.6	0.636	30
231	9615	46.37	19.46	200	0.027	0.232	0.116	1.518	0.144	0.138	0.319	0.288	0.681	0.711	30
232	9616	46.37	19.71	200	0.027	0.222	0.111	1.525	0.147	0.147	0.3	0.28	0.7	0.72	30
233	9617	46.37	19.96	200	0.025	0.24	0.129	1.523	0.195	0.193	0.408	0.387	0.592	0.613	30
234	9618	46.37	20.21	200	0.031	0.307	0.19	1.505	0.306	0.308	0.645	0.618	0.355	0.382	30
235	9619	46.37	20.46	200	0.032	0.329	0.207	1.493	0.338	0.346	0.733	0.709	0.267	0.291	30
236	9620	46.37	20.71	200	0.029	0.327	0.198	1.488	0.317	0.325	0.707	0.685	0.294	0.315	30
237	9621	46.37	20.96	200	0.024	0.329	0.195	1.484	0.31	0.313	0.7	0.675	0.3	0.325	30
238	9622	46.37	21.21	200	0.022	0.325	0.194	1.492	0.31	0.313	0.694	0.67	0.306	0.33	30
239	9623	46.37	21.46	200	0.022	0.321	0.196	1.502	0.303	0.311	0.701	0.684	0.299	0.316	30
240	9624	46.37	21.71	199.999	0.03	0.308	0.184	1.515	0.279	0.295	0.664	0.65	0.336	0.35	30
241	9625	46.37	21.96	199.998	0.042	0.299	0.175	1.524	0.256	0.283	0.627	0.618	0.373	0.382	30
242	9626	46.37	22.21	199.948	0.081	0.309	0.174	1.513	0.246	0.277	0.633	0.621	0.367	0.379	30
243	9627	46.37	22.46	199.661	0.121	0.314	0.174	1.501	0.24	0.272	0.646	0.632	0.354	0.368	30
244	9628	46.37	22.71	198.445	0.18	0.318	0.158	1.442	0.206	0.226	0.626	0.6	0.374	0.4	30
245	9629	46.37	22.96	199.012	0.194	0.317	0.15	1.441	0.197	0.213	0.63	0.602	0.37	0.398	30
246	9630	46.37	23.21	198.557	0.209	0.318	0.15	1.431	0.198	0.214	0.629	0.602	0.371	0.398	30
247	9631	46.37	23.46	199.699	0.181	0.322	0.17	1.474	0.236	0.261	0.663	0.646	0.337	0.354	30
248	9632	46.37	23.71	199.935	0.089	0.32	0.19	1.504	0.276	0.302	0.705	0.695	0.295	0.305	30
249	9633	46.37	23.96	200	0.059	0.325	0.196	1.504	0.302	0.32	0.742	0.733	0.258	0.267	30
250	9634	46.37	24.21	200	0.061	0.324	0.195	1.507	0.301	0.319	0.738	0.728	0.262	0.272	30
251	9635	46.37	24.46	200	0.067	0.319	0.19	1.509	0.291	0.313	0.724	0.714	0.276	0.286	30
252	9636	46.37	24.71	199.998	0.08	0.316	0.182	1.51	0.284	0.308	0.716	0.707	0.284	0.293	30
253	9637	46.37	24.96	199.97	0.095	0.316	0.176	1.506	0.272	0.295	0.705	0.696	0.295	0.304	30
254	9638	46.37	25.21	199.828	0.111	0.315	0.169	1.491	0.255	0.275	0.69	0.677	0.31	0.323	30
255	9639	46.37	25.46	198.721	0.149	0.312	0.153	1.452	0.213	0.229	0.642	0.621	0.358	0.379	30
256	9640	46.37	25.71	197.011	0.178	0.315	0.146	1.416	0.197	0.209	0.624	0.6	0.376	0.4	30
257	9641	46.37	25.96	198.134	0.193	0.317	0.151	1.428	0.199	0.216	0.63	0.611	0.37	0.389	30
258	9642	46.37	26.21	196.682	0.215	0.317	0.145	1.398	0.202	0.217	0.615	0.589	0.385	0.411	30
259	9643	46.37	26.46	198.903	0.164	0.314	0.16	1.46	0.23	0.247	0.64	0.62	0.36	0.38	30
260	9644	46.37	26.71	199.962	0.094	0.311	0.173	1.501	0.26	0.279	0.691	0.678	0.309	0.322	30
261	9645	46.37	26.96	199.992	0.069	0.31	0.174	1.499	0.268	0.285	0.707	0.695	0.292	0.306	30
262	9646	46.37	27.21	199.999	0.075	0.319	0.185	1.485	0.285	0.303	0.728	0.717	0.272	0.283	30
263	9647	46.37	27.46	200	0.078	0.325	0.193	1.476	0.291	0.308	0.734	0.725	0.265	0.275	30
264	9648	46.37	27.71	200	0.065	0.327	0.199	1.471	0.295	0.309	0.746	0.738	0.253	0.262	30
265	9649	46.37	27.96	199.999	0.059	0.332	0.206	1.464	0.305	0.318	0.772	0.765	0.228	0.234	30
266	9650	46.37	28.21	200	0.047	0.331	0.205	1.458	0.304	0.315	0.763	0.755	0.237	0.245	30
267	9651	46.37	28.46	199.999	0.059	0.337	0.21	1.449	0.308	0.318	0.775	0.768	0.225	0.232	30
268	9652	46.37	28.71	200	0.065	0.345	0.219	1.444	0.327	0.336	0.808	0.803	0.192	0.197	30
269	9653	46.37	28.96	199.999	0.068	0.344	0.219	1.446	0.329	0.338	0.814	0.809	0.186	0.191	30
270	9654	46.37	29.21	199.998	0.065	0.343	0.216	1.447	0.334	0.342	0.823	0.819	0.177	0.181	30
271	9655	46.37	29.46	199.997	0.057	0.341	0.213	1.452	0.326	0.334	0.81	0.805	0.191	0.195	30
272	9656	46.37	29.71	199.999	0.051	0.337	0.208	1.458	0.312	0.321	0.783	0.778	0.217	0.222	30
273	9657	46.37	29.96	199.998	0.042	0.336	0.197	1.452	0.301	0.306	0.749	0.739	0.251	0.261	30
274	9658	46.37	30.21	199.996	0.041	0.338	0.2	1.461	0.306	0.313	0.748	0.742	0.252	0.258	30
275	9659	46.37	30.46	199.99	0.042	0.337	0.197	1.466	0.3	0.308	0.738	0.734	0.262	0.266	30
276	9660	46.37	30.71	199.996	0.045	0.33	0.196	1.473	0.295	0.304	0.721	0.714	0.279	0.286	30
277	9661	46.37	32.21	199.976	0.038	0.322	0.172	1.482	0.274	0.276	0.667	0.656	0.333	0.344	30
278	9662	46.37	32.46	199.987	0.029	0.305	0.163	1.494	0.256	0.261	0.625	0.616	0.375	0.384	30
279	9663	46.37	32.71	200	0.025	0.291	0.158	1.506	0.247	0.252	0.595	0.587	0.405	0.413	30
280	9664	46.37	32.96	200	0.022	0.3	0.168	1.503	0.26	0.266	0.623	0.615	0.377	0.385	30
281	9665	46.37	33.21	200	0.017	0.32	0.193	1.499	0.297	0.303	0.712	0.706	0.288	0.295	30
282	9666	46.37	33.46	200	0.014	0.332	0.208	1.498	0.322	0.329	0.748	0.744	0.252	0.255	30
283	9667	46.37	33.71	199.999	0.014	0.338	0.21	1.489	0.325	0.337	0.76	0.756	0.24	0.244	30
284	9668	46.37	33.96	199.997	0.015	0.339	0.212	1.491	0.33	0.344	0.764	0.759	0.236	0.241	30
285	9669	46.37	34.21	199.975	0.016	0.342	0.212	1.491	0.338	0.351	0.783	0.776	0.217	0.224	30
286	9670	46.37	34.46	199.967	0.015	0.343	0.215	1.49	0.342	0.356	0.789	0.782	0.211	0.218	30
287	9671	46.37	34.71	199.986	0.015	0.345	0.221	1.485	0.354	0.367	0.796	0.788	0.204	0.212	30
288	9672	46.12	-1.04	199.996	0.099	0.326	0.191	1.503	0.29	0.296	0.704	0.681	0.296	0.319	30
289	9673	46.12	-0.789999999999999	199.994	0.114	0.321	0.191	1.501	0.285	0.301	0.705	0.686	0.295	0.314	30
290	9674	46.12	-0.539999999999999	199.978	0.135	0.323	0.195	1.499	0.281	0.313	0.722	0.714	0.278	0.286	30
291	9675	46.12	-0.289999999999999	199.964	0.145	0.326	0.199	1.498	0.282	0.325	0.743	0.742	0.257	0.258	30
292	9676	46.12	-0.0399999999999991	199.998	0.138	0.324	0.198	1.502	0.28	0.331	0.76	0.76	0.24	0.24	30
293	9677	46.12	0.210000000000001	200	0.135	0.321	0.194	1.508	0.268	0.324	0.739	0.741	0.261	0.259	30
294	9678	46.12	0.460000000000001	200	0.129	0.315	0.182	1.523	0.235	0.289	0.681	0.685	0.319	0.315	30
295	9679	46.12	0.710000000000001	200	0.134	0.31	0.174	1.524	0.213	0.264	0.619	0.625	0.381	0.375	30
296	9680	46.12	0.960000000000001	200	0.137	0.307	0.166	1.518	0.197	0.247	0.578	0.586	0.422	0.414	30
297	9681	46.12	1.21	199.998	0.15	0.301	0.154	1.515	0.183	0.228	0.536	0.545	0.464	0.455	30
298	9682	46.12	1.46	199.989	0.164	0.299	0.147	1.506	0.177	0.213	0.524	0.526	0.476	0.474	30
299	9683	46.12	1.71	199.996	0.172	0.299	0.145	1.499	0.178	0.207	0.518	0.517	0.482	0.483	30
300	9684	46.12	1.96	199.997	0.176	0.299	0.144	1.497	0.179	0.209	0.509	0.51	0.491	0.49	30
301	9685	46.12	2.21	200	0.164	0.304	0.153	1.506	0.195	0.233	0.525	0.536	0.474	0.464	30
302	9686	46.12	2.46	199.999	0.165	0.306	0.157	1.507	0.201	0.243	0.534	0.547	0.466	0.453	30
303	9687	46.12	2.71	199.987	0.174	0.307	0.154	1.502	0.197	0.234	0.534	0.54	0.465	0.46	30
304	9688	46.12	2.96	199.989	0.171	0.31	0.159	1.509	0.207	0.242	0.563	0.564	0.437	0.436	30
305	9689	46.12	3.21	200	0.133	0.318	0.185	1.529	0.259	0.292	0.644	0.644	0.356	0.356	30
306	9690	46.12	3.46	199.986	0.131	0.306	0.171	1.523	0.228	0.266	0.59	0.59	0.41	0.41	30
307	9691	46.12	3.71	199.678	0.168	0.302	0.151	1.489	0.195	0.229	0.537	0.533	0.463	0.467	30
308	9692	46.12	3.96	199.899	0.143	0.31	0.161	1.505	0.218	0.256	0.574	0.575	0.426	0.425	30
309	9693	46.12	4.21	199.851	0.144	0.312	0.164	1.499	0.224	0.267	0.591	0.593	0.409	0.407	30
310	9694	46.12	4.46	199.94	0.179	0.306	0.151	1.482	0.197	0.227	0.566	0.555	0.434	0.445	30
311	9695	46.12	4.71	199.995	0.119	0.307	0.167	1.515	0.219	0.252	0.634	0.625	0.366	0.375	30
312	9696	46.12	4.96	200	0.063	0.303	0.165	1.537	0.209	0.249	0.655	0.645	0.345	0.355	30
313	9697	46.12	5.21	199.992	0.071	0.307	0.168	1.518	0.215	0.258	0.656	0.647	0.344	0.353	30
314	9698	46.12	5.46	199.3	0.126	0.333	0.185	1.462	0.265	0.31	0.69	0.672	0.31	0.328	30
315	9699	46.12	5.71	197.132	0.173	0.339	0.176	1.404	0.257	0.289	0.661	0.635	0.339	0.365	30
316	9700	46.12	5.96	197.556	0.15	0.326	0.166	1.445	0.236	0.263	0.642	0.623	0.358	0.377	30
317	9701	46.12	6.21	195.448	0.143	0.322	0.16	1.458	0.226	0.249	0.624	0.605	0.376	0.395	30
318	9702	46.12	6.46	181.503	0.199	0.323	0.147	1.388	0.206	0.22	0.597	0.572	0.403	0.428	30
319	9703	46.12	6.71	157.572	0.251	0.321	0.132	1.291	0.172	0.178	0.549	0.519	0.451	0.481	30
320	9704	46.12	6.96	137.232	0.263	0.312	0.12	1.282	0.145	0.147	0.51	0.482	0.49	0.518	30
321	9705	46.12	7.21	135.454	0.258	0.31	0.12	1.308	0.141	0.143	0.504	0.477	0.496	0.523	30
322	9706	46.12	7.46	114.476	0.272	0.31	0.116	1.267	0.131	0.131	0.495	0.469	0.505	0.531	30
323	9707	46.12	7.71	108.585	0.291	0.309	0.113	1.254	0.12	0.117	0.476	0.446	0.524	0.554	30
324	9708	46.12	7.96	111.209	0.299	0.309	0.112	1.254	0.116	0.113	0.468	0.435	0.532	0.565	30
325	9709	46.12	8.21	133.942	0.268	0.316	0.124	1.293	0.128	0.13	0.489	0.456	0.511	0.543	30
326	9710	46.12	8.46	154.888	0.251	0.322	0.135	1.313	0.14	0.146	0.51	0.477	0.49	0.523	30
327	9711	46.12	8.71	167.828	0.235	0.327	0.142	1.355	0.162	0.174	0.536	0.511	0.464	0.489	30
328	9712	46.12	8.96	170.935	0.217	0.327	0.146	1.365	0.175	0.191	0.555	0.532	0.445	0.468	30
329	9713	46.12	9.21	163.311	0.228	0.326	0.141	1.34	0.172	0.184	0.552	0.527	0.448	0.473	30
330	9714	46.12	9.46	155.578	0.237	0.32	0.133	1.323	0.152	0.16	0.527	0.501	0.474	0.499	30
331	9715	46.12	9.71	137.973	0.257	0.315	0.124	1.279	0.134	0.137	0.503	0.474	0.497	0.526	30
332	9716	46.12	9.96	133.212	0.268	0.315	0.122	1.277	0.127	0.128	0.487	0.458	0.513	0.542	30
333	9717	46.12	10.21	136.324	0.266	0.313	0.122	1.297	0.127	0.129	0.489	0.459	0.511	0.541	30
334	9718	46.12	10.46	116.014	0.268	0.311	0.117	1.258	0.113	0.113	0.461	0.431	0.539	0.568	30
335	9719	46.12	10.71	129.382	0.273	0.315	0.122	1.279	0.13	0.133	0.487	0.456	0.513	0.544	30
336	9720	46.12	10.96	159.607	0.249	0.321	0.139	1.36	0.17	0.181	0.542	0.519	0.458	0.481	30
337	9721	46.12	11.21	172.634	0.228	0.312	0.139	1.401	0.176	0.189	0.556	0.534	0.444	0.466	30
338	9722	46.12	11.46	153.199	0.258	0.311	0.126	1.322	0.144	0.15	0.522	0.487	0.478	0.513	30
339	9723	46.12	11.71	155.474	0.264	0.318	0.133	1.312	0.158	0.165	0.534	0.499	0.466	0.501	30
340	9724	46.12	11.96	171.247	0.238	0.325	0.146	1.354	0.185	0.2	0.567	0.541	0.433	0.459	30
341	9725	46.12	12.21	185.159	0.213	0.327	0.156	1.391	0.203	0.225	0.594	0.573	0.406	0.427	30
342	9726	46.12	12.46	184.914	0.212	0.33	0.16	1.381	0.209	0.232	0.608	0.588	0.392	0.412	30
343	9727	46.12	12.71	191.814	0.168	0.327	0.166	1.447	0.21	0.236	0.614	0.602	0.386	0.398	30
344	9728	46.12	12.96	197.354	0.137	0.327	0.169	1.471	0.214	0.242	0.626	0.615	0.374	0.385	30
345	9729	46.12	13.21	197.483	0.138	0.329	0.171	1.459	0.223	0.252	0.638	0.626	0.362	0.374	30
346	9730	46.12	13.46	193.733	0.15	0.341	0.179	1.422	0.245	0.279	0.655	0.638	0.345	0.363	30
347	9731	46.12	13.71	187.548	0.172	0.348	0.177	1.378	0.25	0.28	0.652	0.627	0.348	0.373	30
348	9732	46.12	13.96	189.24	0.185	0.348	0.174	1.368	0.245	0.272	0.65	0.616	0.35	0.384	30
349	9733	46.12	14.21	196.274	0.158	0.343	0.176	1.413	0.245	0.273	0.656	0.623	0.344	0.377	30
350	9734	46.12	14.46	198.163	0.122	0.334	0.171	1.459	0.238	0.262	0.647	0.621	0.353	0.379	30
351	9735	46.12	14.71	197.305	0.13	0.338	0.176	1.452	0.243	0.269	0.662	0.634	0.338	0.365	30
352	9736	46.12	14.96	198.874	0.13	0.34	0.181	1.452	0.248	0.279	0.668	0.642	0.332	0.358	30
353	9737	46.12	15.21	199.663	0.106	0.331	0.177	1.473	0.244	0.277	0.66	0.64	0.34	0.36	30
354	9738	46.12	15.46	199.917	0.084	0.321	0.174	1.494	0.241	0.276	0.654	0.639	0.346	0.361	30
355	9739	46.12	15.71	199.945	0.05	0.309	0.169	1.51	0.237	0.271	0.638	0.63	0.362	0.37	30
356	9740	46.12	15.96	199.954	0.037	0.302	0.167	1.517	0.231	0.263	0.624	0.615	0.376	0.385	30
357	9741	46.12	16.21	199.961	0.03	0.297	0.166	1.527	0.224	0.251	0.614	0.602	0.386	0.398	30
358	9742	46.12	16.46	199.999	0.022	0.286	0.158	1.539	0.214	0.236	0.599	0.585	0.401	0.415	30
359	9743	46.12	16.71	200	0.016	0.275	0.147	1.548	0.204	0.219	0.583	0.562	0.417	0.437	30
360	9744	46.12	16.96	200	0.015	0.268	0.14	1.55	0.2	0.21	0.558	0.535	0.442	0.465	30
361	9745	46.12	17.21	200	0.018	0.258	0.132	1.552	0.191	0.2	0.5	0.477	0.5	0.523	30
362	9746	46.12	17.46	200	0.023	0.247	0.126	1.556	0.175	0.18	0.449	0.422	0.551	0.578	30
363	9747	46.12	17.71	200	0.031	0.263	0.139	1.547	0.197	0.201	0.52	0.489	0.48	0.511	30
364	9748	46.12	17.96	200	0.035	0.283	0.159	1.532	0.227	0.235	0.591	0.563	0.409	0.437	30
365	9749	46.12	18.21	200	0.046	0.29	0.166	1.525	0.236	0.248	0.606	0.583	0.394	0.417	30
366	9750	46.12	18.46	200	0.048	0.288	0.165	1.523	0.238	0.242	0.622	0.594	0.378	0.406	30
367	9751	46.12	18.71	200	0.035	0.283	0.156	1.516	0.24	0.229	0.62	0.579	0.38	0.421	30
368	9752	46.12	18.96	200	0.026	0.27	0.142	1.513	0.217	0.204	0.543	0.497	0.457	0.503	30
369	9753	46.12	19.21	200	0.022	0.268	0.14	1.509	0.196	0.183	0.497	0.451	0.503	0.549	30
370	9754	46.12	19.46	200	0.021	0.262	0.138	1.507	0.179	0.171	0.443	0.404	0.557	0.596	30
371	9755	46.12	19.71	200	0.022	0.257	0.135	1.514	0.179	0.179	0.416	0.39	0.584	0.61	30
372	9756	46.12	19.96	200	0.022	0.273	0.154	1.515	0.236	0.234	0.52	0.495	0.48	0.505	30
373	9757	46.12	20.21	200	0.026	0.319	0.198	1.504	0.324	0.322	0.679	0.653	0.321	0.347	30
374	9758	46.12	20.46	200	0.028	0.336	0.213	1.492	0.353	0.356	0.732	0.708	0.268	0.292	30
375	9759	46.12	20.71	200	0.024	0.328	0.203	1.486	0.319	0.328	0.696	0.675	0.304	0.325	30
376	9760	46.12	20.96	200	0.02	0.327	0.199	1.491	0.308	0.316	0.684	0.663	0.316	0.337	30
377	9761	46.12	21.21	200	0.025	0.323	0.196	1.502	0.305	0.313	0.69	0.672	0.31	0.328	30
378	9762	46.12	21.46	200	0.031	0.31	0.185	1.512	0.279	0.292	0.675	0.659	0.325	0.341	30
379	9763	46.12	21.71	199.998	0.046	0.299	0.177	1.514	0.256	0.28	0.627	0.615	0.373	0.385	30
380	9764	46.12	21.96	199.999	0.053	0.296	0.176	1.513	0.251	0.283	0.618	0.609	0.382	0.391	30
381	9765	46.12	22.21	199.992	0.071	0.306	0.18	1.51	0.252	0.287	0.631	0.621	0.369	0.379	30
382	9766	46.12	22.46	199.963	0.093	0.313	0.183	1.507	0.255	0.29	0.654	0.644	0.346	0.356	30
383	9767	46.12	22.71	199.857	0.103	0.319	0.185	1.505	0.258	0.293	0.666	0.657	0.334	0.343	30
384	9768	46.12	22.96	199.906	0.12	0.324	0.18	1.497	0.252	0.281	0.683	0.669	0.317	0.331	30
385	9769	46.12	23.21	199.846	0.148	0.326	0.179	1.487	0.248	0.279	0.689	0.676	0.311	0.324	30
386	9770	46.12	23.46	199.933	0.125	0.325	0.189	1.498	0.27	0.303	0.706	0.697	0.294	0.303	30
387	9771	46.12	23.71	199.997	0.066	0.324	0.2	1.51	0.294	0.317	0.729	0.723	0.271	0.277	30
388	9772	46.12	23.96	200	0.062	0.324	0.198	1.513	0.296	0.32	0.728	0.722	0.272	0.278	30
389	9773	46.12	24.21	199.998	0.072	0.317	0.188	1.517	0.283	0.309	0.713	0.705	0.287	0.295	30
390	9774	46.12	24.46	199.999	0.073	0.314	0.181	1.517	0.276	0.301	0.711	0.701	0.289	0.299	30
391	9775	46.12	24.71	199.997	0.082	0.316	0.178	1.52	0.274	0.3	0.711	0.702	0.289	0.299	30
392	9776	46.12	24.96	199.99	0.084	0.318	0.179	1.514	0.281	0.306	0.719	0.71	0.281	0.29	30
393	9777	46.12	25.21	199.984	0.085	0.32	0.183	1.503	0.284	0.309	0.716	0.71	0.284	0.29	30
394	9778	46.12	25.46	199.91	0.103	0.318	0.176	1.497	0.256	0.282	0.686	0.675	0.314	0.325	30
395	9779	46.12	25.71	198.623	0.136	0.318	0.166	1.468	0.225	0.251	0.661	0.646	0.339	0.354	30
396	9780	46.12	25.96	198.395	0.156	0.319	0.161	1.46	0.217	0.24	0.652	0.634	0.348	0.366	30
397	9781	46.12	26.21	198.384	0.164	0.314	0.155	1.439	0.214	0.231	0.636	0.614	0.364	0.386	30
398	9782	46.12	26.46	197.611	0.184	0.315	0.153	1.424	0.215	0.23	0.62	0.592	0.381	0.408	30
399	9783	46.12	26.71	199.478	0.12	0.31	0.167	1.49	0.242	0.262	0.656	0.641	0.344	0.359	30
400	9784	46.12	26.96	199.993	0.078	0.308	0.173	1.507	0.258	0.281	0.684	0.672	0.316	0.328	30
401	9785	46.12	27.21	200	0.054	0.317	0.188	1.487	0.279	0.297	0.717	0.706	0.283	0.294	30
402	9786	46.12	27.46	200	0.05	0.328	0.201	1.471	0.297	0.312	0.742	0.735	0.258	0.265	30
403	9787	46.12	27.71	200	0.054	0.332	0.204	1.472	0.299	0.312	0.752	0.745	0.248	0.255	30
404	9788	46.12	27.96	200	0.056	0.334	0.204	1.466	0.303	0.314	0.759	0.751	0.241	0.249	30
405	9789	46.12	28.21	200	0.05	0.332	0.202	1.461	0.304	0.312	0.758	0.749	0.242	0.251	30
406	9790	46.12	28.46	200	0.062	0.335	0.208	1.454	0.31	0.319	0.776	0.77	0.224	0.23	30
407	9791	46.12	28.71	200	0.061	0.338	0.211	1.45	0.32	0.328	0.803	0.798	0.197	0.202	30
408	9792	46.12	28.96	199.999	0.067	0.34	0.214	1.447	0.328	0.336	0.816	0.811	0.184	0.189	30
409	9793	46.12	29.21	199.999	0.063	0.339	0.212	1.455	0.326	0.336	0.814	0.808	0.187	0.192	30
410	9794	46.12	29.46	200	0.052	0.336	0.209	1.462	0.318	0.328	0.791	0.786	0.209	0.214	30
411	9795	46.12	29.71	200	0.048	0.335	0.206	1.469	0.307	0.317	0.764	0.759	0.236	0.241	30
412	9796	46.12	29.96	200	0.04	0.336	0.204	1.47	0.303	0.313	0.754	0.748	0.246	0.252	30
413	9797	46.12	30.21	199.997	0.041	0.332	0.197	1.47	0.292	0.301	0.723	0.718	0.277	0.282	30
414	9798	46.12	33.71	199.983	0.029	0.333	0.197	1.499	0.295	0.301	0.712	0.704	0.288	0.297	30
415	9799	46.12	33.96	199.969	0.031	0.335	0.197	1.498	0.298	0.305	0.722	0.711	0.278	0.289	30
416	9800	46.12	34.21	199.772	0.039	0.339	0.19	1.483	0.304	0.312	0.72	0.708	0.28	0.291	30
417	9801	46.12	34.46	199.552	0.037	0.335	0.19	1.486	0.296	0.303	0.716	0.704	0.284	0.296	30
418	9802	45.87	-1.04	199.976	0.089	0.316	0.175	1.494	0.267	0.274	0.644	0.622	0.356	0.378	30
419	9803	45.87	-0.789999999999999	199.999	0.107	0.313	0.18	1.5	0.27	0.292	0.665	0.65	0.335	0.35	30
420	9804	45.87	-0.539999999999999	199.994	0.129	0.318	0.19	1.5	0.275	0.31	0.689	0.683	0.311	0.317	30
421	9805	45.87	-0.289999999999999	199.995	0.139	0.321	0.195	1.495	0.284	0.319	0.716	0.711	0.284	0.289	30
422	9806	45.87	-0.0399999999999991	199.999	0.144	0.325	0.201	1.492	0.287	0.329	0.737	0.736	0.263	0.264	30
423	9807	45.87	0.210000000000001	200	0.14	0.324	0.199	1.5	0.277	0.326	0.719	0.722	0.281	0.278	30
424	9808	45.87	0.460000000000001	200	0.136	0.317	0.184	1.513	0.234	0.29	0.648	0.656	0.352	0.344	30
425	9809	45.87	0.710000000000001	199.997	0.141	0.309	0.169	1.516	0.199	0.248	0.573	0.581	0.427	0.419	30
426	9810	45.87	0.960000000000001	200	0.142	0.304	0.162	1.512	0.193	0.239	0.548	0.557	0.451	0.443	30
427	9811	45.87	1.21	199.999	0.148	0.302	0.156	1.509	0.19	0.231	0.54	0.545	0.459	0.455	30
428	9812	45.87	1.46	199.995	0.154	0.303	0.151	1.498	0.182	0.217	0.528	0.527	0.471	0.473	30
429	9813	45.87	1.71	199.987	0.173	0.3	0.14	1.48	0.167	0.193	0.5	0.492	0.5	0.508	30
430	9814	45.87	1.96	199.979	0.189	0.299	0.133	1.472	0.159	0.179	0.478	0.467	0.522	0.533	30
431	9815	45.87	2.21	199.994	0.191	0.305	0.139	1.479	0.174	0.197	0.491	0.486	0.509	0.514	30
432	9816	45.87	2.46	199.988	0.18	0.308	0.144	1.48	0.185	0.211	0.509	0.507	0.492	0.493	30
433	9817	45.87	2.71	199.93	0.188	0.311	0.146	1.472	0.189	0.213	0.525	0.518	0.475	0.482	30
434	9818	45.87	2.96	199.872	0.183	0.313	0.155	1.471	0.207	0.232	0.562	0.553	0.438	0.447	30
435	9819	45.87	3.21	199.991	0.127	0.323	0.186	1.516	0.272	0.294	0.65	0.645	0.35	0.355	30
436	9820	45.87	3.46	199.957	0.139	0.308	0.167	1.505	0.224	0.257	0.58	0.578	0.42	0.423	30
437	9821	45.87	3.71	198.96	0.195	0.302	0.14	1.445	0.178	0.201	0.521	0.504	0.479	0.496	30
438	9822	45.87	3.96	199.673	0.172	0.306	0.153	1.492	0.204	0.236	0.551	0.55	0.449	0.451	30
439	9823	45.87	4.21	199.996	0.14	0.307	0.163	1.507	0.22	0.262	0.581	0.584	0.419	0.416	30
440	9824	45.87	4.46	199.985	0.167	0.309	0.161	1.496	0.215	0.251	0.585	0.58	0.415	0.42	30
441	9825	45.87	4.71	199.998	0.119	0.31	0.176	1.512	0.235	0.271	0.635	0.631	0.365	0.369	30
442	9826	45.87	4.96	200	0.077	0.305	0.17	1.523	0.221	0.255	0.654	0.644	0.346	0.356	30
443	9827	45.87	5.21	199.993	0.079	0.308	0.172	1.506	0.225	0.262	0.651	0.642	0.349	0.358	30
444	9828	45.87	5.46	199.614	0.123	0.329	0.184	1.461	0.263	0.307	0.681	0.667	0.319	0.333	30
445	9829	45.87	5.71	198.636	0.146	0.33	0.174	1.442	0.249	0.284	0.654	0.638	0.346	0.362	30
446	9830	45.87	5.96	197.101	0.14	0.324	0.165	1.457	0.233	0.26	0.636	0.621	0.364	0.379	30
447	9831	45.87	6.21	185.83	0.182	0.325	0.154	1.404	0.214	0.232	0.605	0.583	0.395	0.417	30
448	9832	45.87	6.46	167.327	0.232	0.32	0.137	1.329	0.179	0.188	0.561	0.534	0.439	0.466	30
449	9833	45.87	6.71	141.327	0.257	0.316	0.125	1.271	0.153	0.156	0.518	0.49	0.482	0.51	30
450	9834	45.87	6.96	113.253	0.285	0.306	0.108	1.25	0.12	0.119	0.471	0.443	0.529	0.557	30
451	9835	45.87	7.21	117.838	0.278	0.306	0.112	1.29	0.123	0.122	0.481	0.453	0.519	0.547	30
452	9836	45.87	7.46	115.608	0.286	0.307	0.114	1.277	0.121	0.121	0.476	0.448	0.524	0.552	30
453	9837	45.87	7.71	116.296	0.292	0.309	0.115	1.274	0.117	0.117	0.468	0.44	0.532	0.56	30
454	9838	45.87	7.96	121.489	0.301	0.31	0.115	1.263	0.118	0.118	0.468	0.435	0.532	0.565	30
455	9839	45.87	8.21	160.415	0.259	0.316	0.13	1.343	0.144	0.152	0.508	0.476	0.492	0.524	30
456	9840	45.87	8.46	183.466	0.205	0.321	0.149	1.409	0.176	0.2	0.554	0.536	0.446	0.464	30
457	9841	45.87	8.71	189.686	0.18	0.327	0.163	1.442	0.197	0.23	0.587	0.577	0.413	0.423	30
458	9842	45.87	8.96	191.235	0.168	0.327	0.169	1.439	0.211	0.245	0.609	0.6	0.391	0.4	30
459	9843	45.87	9.21	186.601	0.178	0.329	0.166	1.422	0.217	0.249	0.616	0.604	0.384	0.396	30
460	9844	45.87	9.46	182.081	0.21	0.328	0.161	1.396	0.204	0.232	0.603	0.586	0.397	0.414	30
461	9845	45.87	9.71	175.72	0.231	0.325	0.155	1.377	0.194	0.217	0.589	0.569	0.411	0.431	30
462	9846	45.87	9.96	170.793	0.242	0.324	0.149	1.358	0.185	0.205	0.567	0.545	0.433	0.455	30
463	9847	45.87	10.21	166.643	0.248	0.32	0.14	1.349	0.169	0.182	0.546	0.52	0.454	0.48	30
464	9848	45.87	10.46	152.636	0.257	0.319	0.135	1.319	0.159	0.168	0.53	0.501	0.47	0.499	30
465	9849	45.87	10.71	166.831	0.253	0.324	0.143	1.356	0.183	0.198	0.558	0.533	0.442	0.467	30
466	9850	45.87	10.96	179.465	0.231	0.325	0.153	1.406	0.2	0.219	0.583	0.566	0.417	0.434	30
467	9851	45.87	11.21	175.455	0.229	0.324	0.153	1.388	0.201	0.218	0.595	0.571	0.405	0.429	30
468	9852	45.87	11.46	177.773	0.218	0.325	0.16	1.39	0.208	0.227	0.605	0.582	0.395	0.418	30
469	9853	45.87	11.71	185.84	0.202	0.325	0.164	1.421	0.221	0.242	0.621	0.602	0.379	0.397	30
470	9854	45.87	11.96	194.475	0.17	0.321	0.171	1.46	0.23	0.258	0.632	0.623	0.368	0.377	30
471	9855	45.87	12.21	198.491	0.142	0.319	0.176	1.478	0.232	0.262	0.645	0.638	0.356	0.362	30
472	9856	45.87	12.46	199.187	0.114	0.318	0.174	1.49	0.232	0.252	0.662	0.647	0.338	0.353	30
473	9857	45.87	12.71	199.859	0.096	0.325	0.174	1.5	0.234	0.248	0.672	0.652	0.328	0.348	30
474	9858	45.87	12.96	199.993	0.093	0.327	0.173	1.491	0.234	0.245	0.674	0.649	0.327	0.351	30
475	9859	45.87	13.21	199.977	0.098	0.329	0.175	1.484	0.243	0.257	0.684	0.663	0.316	0.338	30
476	9860	45.87	13.46	199.842	0.092	0.336	0.183	1.475	0.258	0.284	0.683	0.667	0.318	0.333	30
477	9861	45.87	13.71	199.248	0.1	0.35	0.196	1.438	0.287	0.336	0.683	0.674	0.317	0.327	30
478	9862	45.87	13.96	199.012	0.121	0.352	0.194	1.412	0.282	0.325	0.684	0.663	0.316	0.337	30
479	9863	45.87	14.21	199.523	0.121	0.35	0.191	1.423	0.275	0.313	0.688	0.661	0.312	0.339	30
480	9864	45.87	14.46	199.909	0.106	0.349	0.191	1.433	0.277	0.314	0.695	0.668	0.306	0.332	30
481	9865	45.87	14.71	199.958	0.09	0.349	0.194	1.451	0.282	0.321	0.712	0.688	0.288	0.312	30
482	9866	45.87	14.96	199.951	0.079	0.345	0.194	1.465	0.277	0.319	0.706	0.686	0.294	0.314	30
483	9867	45.87	15.21	199.943	0.074	0.337	0.189	1.475	0.265	0.31	0.689	0.673	0.311	0.327	30
484	9868	45.87	15.46	199.965	0.06	0.325	0.18	1.48	0.254	0.296	0.668	0.654	0.332	0.346	30
485	9869	45.87	15.71	199.985	0.03	0.309	0.169	1.501	0.239	0.275	0.646	0.636	0.354	0.364	30
486	9870	45.87	15.96	199.998	0.024	0.302	0.167	1.51	0.233	0.263	0.632	0.623	0.368	0.378	30
487	9871	45.87	16.21	199.998	0.014	0.293	0.165	1.528	0.229	0.255	0.62	0.608	0.38	0.392	30
488	9872	45.87	16.46	200	0.008	0.282	0.158	1.543	0.223	0.246	0.608	0.594	0.392	0.406	30
489	9873	45.87	16.71	200	0.01	0.279	0.153	1.548	0.215	0.237	0.602	0.588	0.398	0.412	30
490	9874	45.87	16.96	200	0.013	0.276	0.149	1.549	0.209	0.228	0.59	0.577	0.41	0.423	30
491	9875	45.87	17.21	200	0.014	0.275	0.147	1.544	0.208	0.223	0.578	0.563	0.422	0.437	30
492	9876	45.87	17.46	200	0.014	0.273	0.144	1.542	0.21	0.216	0.561	0.535	0.439	0.465	30
493	9877	45.87	17.71	200	0.014	0.272	0.143	1.539	0.211	0.209	0.561	0.526	0.439	0.473	30
494	9878	45.87	17.96	200	0.016	0.279	0.15	1.533	0.224	0.219	0.583	0.544	0.417	0.456	30
495	9879	45.87	18.21	199.999	0.027	0.284	0.156	1.529	0.232	0.23	0.603	0.567	0.398	0.433	30
496	9880	45.87	18.46	199.995	0.027	0.286	0.158	1.527	0.238	0.232	0.618	0.58	0.382	0.42	30
497	9881	45.87	18.71	200	0.018	0.288	0.159	1.521	0.243	0.235	0.629	0.589	0.371	0.411	30
498	9882	45.87	18.96	200	0.016	0.285	0.155	1.514	0.236	0.228	0.604	0.565	0.396	0.435	30
499	9883	45.87	19.21	200	0.016	0.292	0.16	1.502	0.226	0.218	0.582	0.543	0.418	0.456	30
500	9884	45.87	19.46	200	0.018	0.297	0.163	1.495	0.216	0.212	0.563	0.526	0.437	0.474	30
501	9885	45.87	19.71	200	0.017	0.301	0.165	1.496	0.219	0.219	0.564	0.533	0.436	0.467	30
502	9886	45.87	19.96	200	0.017	0.306	0.172	1.497	0.247	0.248	0.596	0.571	0.404	0.429	30
503	9887	45.87	20.21	200	0.02	0.321	0.192	1.497	0.302	0.303	0.661	0.64	0.339	0.36	30
504	9888	45.87	20.46	200	0.021	0.335	0.205	1.484	0.321	0.325	0.699	0.678	0.301	0.322	30
505	9889	45.87	20.71	200	0.021	0.336	0.204	1.481	0.314	0.323	0.701	0.681	0.299	0.319	30
506	9890	45.87	20.96	200	0.021	0.333	0.204	1.494	0.312	0.321	0.698	0.679	0.302	0.321	30
507	9891	45.87	21.21	200	0.027	0.319	0.195	1.51	0.299	0.313	0.693	0.678	0.307	0.322	30
508	9892	45.87	21.46	200	0.032	0.304	0.185	1.519	0.276	0.293	0.67	0.657	0.33	0.343	30
509	9893	45.87	21.71	200	0.034	0.297	0.177	1.52	0.263	0.286	0.646	0.637	0.354	0.363	30
510	9894	45.87	21.96	200	0.035	0.293	0.175	1.523	0.258	0.284	0.635	0.628	0.365	0.372	30
511	9895	45.87	22.21	199.979	0.054	0.298	0.175	1.514	0.247	0.277	0.625	0.615	0.375	0.385	30
512	9896	45.87	22.46	199.93	0.095	0.306	0.17	1.496	0.238	0.263	0.632	0.615	0.368	0.386	30
513	9897	45.87	22.71	199.969	0.096	0.311	0.176	1.505	0.247	0.272	0.648	0.633	0.352	0.367	30
514	9898	45.87	22.96	199.99	0.073	0.313	0.186	1.514	0.265	0.292	0.675	0.665	0.325	0.335	30
515	9899	45.87	23.21	199.912	0.086	0.312	0.182	1.507	0.259	0.285	0.673	0.661	0.328	0.339	30
516	9900	45.87	23.46	199.656	0.109	0.314	0.175	1.491	0.248	0.27	0.669	0.653	0.331	0.347	30
517	9901	45.87	23.71	199.686	0.102	0.319	0.18	1.493	0.261	0.281	0.689	0.673	0.311	0.327	30
518	9902	45.87	23.96	199.8	0.085	0.32	0.187	1.506	0.274	0.299	0.698	0.688	0.302	0.312	30
519	9903	45.87	24.21	199.965	0.072	0.315	0.185	1.522	0.274	0.302	0.696	0.688	0.304	0.312	30
520	9904	45.87	24.46	199.68	0.074	0.313	0.18	1.517	0.273	0.3	0.697	0.687	0.303	0.313	30
521	9905	45.87	24.71	198.959	0.082	0.315	0.176	1.511	0.272	0.297	0.701	0.69	0.298	0.311	30
522	9906	45.87	24.96	199.274	0.079	0.316	0.181	1.509	0.28	0.304	0.71	0.699	0.29	0.301	30
523	9907	45.87	25.21	199.772	0.086	0.315	0.178	1.505	0.268	0.292	0.693	0.683	0.307	0.318	30
524	9908	45.87	25.46	199.908	0.097	0.318	0.179	1.503	0.252	0.28	0.681	0.67	0.319	0.33	30
525	9909	45.87	25.71	199.882	0.096	0.317	0.181	1.498	0.252	0.281	0.681	0.672	0.319	0.328	30
526	9910	45.87	25.96	199.684	0.104	0.316	0.176	1.489	0.245	0.272	0.672	0.662	0.328	0.338	30
527	9911	45.87	26.21	198.028	0.148	0.312	0.156	1.437	0.216	0.232	0.637	0.616	0.363	0.384	30
528	9912	45.87	26.46	195.978	0.214	0.315	0.14	1.375	0.198	0.208	0.601	0.569	0.399	0.431	30
529	9913	45.87	26.71	198.964	0.153	0.316	0.163	1.467	0.236	0.255	0.648	0.63	0.352	0.37	30
530	9914	45.87	26.96	199.99	0.091	0.312	0.175	1.504	0.258	0.282	0.683	0.671	0.317	0.329	30
531	9915	45.87	27.21	200	0.044	0.318	0.191	1.49	0.282	0.298	0.722	0.711	0.278	0.289	30
532	9916	45.87	27.46	200	0.036	0.325	0.198	1.479	0.29	0.302	0.723	0.714	0.277	0.286	30
533	9917	45.87	27.71	200	0.05	0.335	0.205	1.468	0.299	0.311	0.753	0.748	0.246	0.252	30
534	9918	45.87	27.96	200	0.055	0.334	0.202	1.463	0.299	0.309	0.757	0.75	0.242	0.25	30
535	9919	45.87	28.21	200	0.051	0.33	0.197	1.46	0.297	0.304	0.752	0.743	0.247	0.257	30
536	9920	45.87	28.46	200	0.061	0.332	0.205	1.457	0.305	0.313	0.772	0.767	0.228	0.233	30
537	9921	45.87	28.71	200	0.057	0.333	0.206	1.458	0.308	0.316	0.79	0.784	0.21	0.216	30
538	9922	45.87	28.96	200	0.063	0.332	0.204	1.457	0.307	0.314	0.793	0.786	0.207	0.214	30
539	9923	45.87	29.21	200	0.055	0.333	0.205	1.463	0.308	0.318	0.79	0.783	0.21	0.217	30
540	9924	45.87	29.46	200	0.044	0.335	0.204	1.464	0.304	0.315	0.77	0.763	0.23	0.237	30
541	9925	45.87	29.71	199.997	0.047	0.334	0.2	1.471	0.296	0.306	0.748	0.739	0.252	0.261	30
542	9926	45.87	29.96	199.983	0.041	0.338	0.201	1.47	0.299	0.31	0.742	0.733	0.258	0.267	30
543	9927	45.87	30.21	199.973	0.044	0.334	0.198	1.473	0.29	0.302	0.718	0.71	0.281	0.289	30
544	9928	45.87	33.96	199.978	0.026	0.328	0.198	1.5	0.29	0.3	0.735	0.722	0.266	0.278	30
545	9929	45.87	34.21	199.922	0.028	0.331	0.202	1.493	0.297	0.31	0.733	0.722	0.267	0.278	30
546	9930	45.87	34.46	199.686	0.036	0.333	0.196	1.486	0.288	0.296	0.699	0.688	0.301	0.312	30
547	9931	45.62	-0.789999999999999	199.998	0.107	0.311	0.178	1.498	0.261	0.291	0.647	0.636	0.353	0.364	30
548	9932	45.62	-0.539999999999999	199.997	0.121	0.315	0.186	1.5	0.27	0.305	0.664	0.657	0.336	0.343	30
549	9933	45.62	-0.289999999999999	199.999	0.129	0.318	0.193	1.501	0.278	0.309	0.683	0.676	0.317	0.324	30
550	9934	45.62	-0.0399999999999991	200	0.137	0.322	0.197	1.498	0.276	0.316	0.701	0.699	0.299	0.301	30
551	9935	45.62	0.210000000000001	200	0.142	0.323	0.197	1.499	0.265	0.318	0.687	0.693	0.313	0.307	30
552	9936	45.62	0.460000000000001	199.999	0.142	0.319	0.188	1.505	0.239	0.298	0.639	0.65	0.361	0.35	30
553	9937	45.62	0.710000000000001	199.997	0.145	0.311	0.17	1.504	0.197	0.251	0.56	0.57	0.44	0.43	30
554	9938	45.62	0.960000000000001	199.998	0.142	0.307	0.162	1.502	0.192	0.238	0.55	0.554	0.45	0.446	30
555	9939	45.62	1.21	200	0.14	0.308	0.162	1.504	0.199	0.243	0.559	0.562	0.441	0.438	30
556	9940	45.62	1.46	200	0.137	0.309	0.159	1.496	0.196	0.235	0.552	0.551	0.448	0.449	30
557	9941	45.62	1.71	199.991	0.152	0.304	0.146	1.474	0.174	0.205	0.517	0.508	0.483	0.492	30
558	9942	45.62	1.96	199.97	0.18	0.298	0.13	1.455	0.153	0.17	0.474	0.454	0.526	0.546	30
559	9943	45.62	2.21	199.961	0.184	0.304	0.132	1.458	0.162	0.178	0.484	0.467	0.516	0.533	30
560	9944	45.62	2.46	199.92	0.168	0.311	0.141	1.462	0.174	0.196	0.514	0.5	0.486	0.501	30
561	9945	45.62	2.71	199.108	0.188	0.319	0.148	1.426	0.194	0.213	0.561	0.542	0.438	0.458	30
562	9946	45.62	2.96	199.104	0.196	0.319	0.154	1.438	0.211	0.232	0.576	0.565	0.424	0.435	30
563	9947	45.62	3.21	199.944	0.153	0.319	0.176	1.496	0.252	0.281	0.615	0.613	0.385	0.387	30
564	9948	45.62	3.46	199.515	0.164	0.306	0.153	1.473	0.205	0.236	0.547	0.541	0.453	0.459	30
565	9949	45.62	3.71	198.691	0.197	0.301	0.135	1.432	0.173	0.193	0.513	0.493	0.487	0.507	30
566	9950	45.62	3.96	199.242	0.187	0.302	0.144	1.461	0.187	0.21	0.527	0.516	0.473	0.485	30
567	9951	45.62	4.21	199.96	0.127	0.305	0.166	1.516	0.223	0.258	0.574	0.574	0.426	0.426	30
568	9952	45.62	4.46	199.937	0.162	0.311	0.166	1.503	0.221	0.26	0.578	0.577	0.422	0.423	30
569	9953	45.62	4.71	199.964	0.136	0.311	0.174	1.511	0.233	0.27	0.611	0.61	0.389	0.39	30
570	9954	45.62	4.96	200	0.098	0.308	0.178	1.516	0.233	0.27	0.657	0.651	0.343	0.349	30
571	9955	45.62	5.21	199.999	0.097	0.311	0.178	1.505	0.235	0.278	0.661	0.656	0.339	0.345	30
572	9956	45.62	5.46	199.897	0.111	0.314	0.174	1.493	0.238	0.281	0.654	0.648	0.346	0.352	30
573	9957	45.62	5.71	197.686	0.136	0.32	0.168	1.47	0.234	0.268	0.638	0.627	0.362	0.373	30
574	9958	45.62	5.96	192.148	0.163	0.323	0.16	1.434	0.226	0.25	0.62	0.603	0.38	0.397	30
575	9959	45.62	6.21	180.55	0.198	0.322	0.149	1.383	0.201	0.216	0.583	0.56	0.417	0.439	30
576	9960	45.62	6.46	162.237	0.23	0.315	0.132	1.33	0.164	0.171	0.535	0.507	0.465	0.493	30
577	9961	45.62	6.71	128.903	0.263	0.314	0.122	1.273	0.142	0.144	0.507	0.48	0.493	0.52	30
578	9962	45.62	6.96	107.171	0.288	0.306	0.109	1.267	0.118	0.116	0.476	0.448	0.524	0.552	30
579	9963	45.62	7.21	118.394	0.286	0.305	0.112	1.305	0.118	0.117	0.472	0.442	0.528	0.558	30
580	9964	45.62	7.46	125.448	0.283	0.308	0.116	1.311	0.128	0.128	0.48	0.451	0.52	0.548	30
581	9965	45.62	7.71	143.857	0.268	0.312	0.125	1.341	0.139	0.143	0.498	0.472	0.502	0.528	30
582	9966	45.62	7.96	163.044	0.25	0.315	0.136	1.369	0.154	0.167	0.527	0.504	0.473	0.496	30
583	9967	45.62	8.21	190.771	0.192	0.316	0.15	1.439	0.178	0.205	0.579	0.564	0.421	0.436	30
584	9968	45.62	8.46	197.66	0.146	0.311	0.161	1.477	0.194	0.228	0.615	0.606	0.386	0.394	30
585	9969	45.62	8.71	199.219	0.141	0.313	0.17	1.486	0.202	0.236	0.621	0.615	0.379	0.385	30
586	9970	45.62	8.96	199.666	0.138	0.311	0.174	1.495	0.212	0.244	0.64	0.633	0.361	0.367	30
587	9971	45.62	9.21	199.35	0.135	0.312	0.175	1.493	0.221	0.25	0.649	0.64	0.351	0.361	30
588	9972	45.62	9.46	198.895	0.143	0.311	0.173	1.494	0.219	0.248	0.653	0.643	0.347	0.357	30
589	9973	45.62	9.71	198.202	0.146	0.309	0.172	1.492	0.223	0.248	0.657	0.646	0.343	0.354	30
590	9974	45.62	9.96	195.824	0.159	0.312	0.171	1.477	0.224	0.249	0.643	0.632	0.357	0.368	30
591	9975	45.62	10.21	191.375	0.183	0.319	0.172	1.452	0.227	0.253	0.629	0.618	0.371	0.382	30
592	9976	45.62	10.46	190.34	0.185	0.325	0.172	1.449	0.228	0.255	0.621	0.612	0.379	0.388	30
593	9977	45.62	10.71	190.403	0.183	0.327	0.166	1.454	0.223	0.247	0.606	0.598	0.394	0.402	30
594	9978	45.62	10.96	191.779	0.195	0.329	0.176	1.444	0.236	0.263	0.631	0.622	0.37	0.378	30
595	9979	45.62	11.21	191.791	0.189	0.33	0.18	1.442	0.246	0.275	0.646	0.637	0.354	0.363	30
596	9980	45.62	11.46	197.971	0.145	0.321	0.183	1.485	0.251	0.279	0.66	0.655	0.34	0.345	30
597	9981	45.62	11.71	199.211	0.123	0.311	0.169	1.5	0.229	0.247	0.642	0.632	0.358	0.368	30
598	9982	45.62	11.96	199.844	0.114	0.307	0.165	1.507	0.221	0.237	0.634	0.623	0.366	0.377	30
599	9983	45.62	12.21	199.976	0.106	0.313	0.168	1.508	0.231	0.244	0.656	0.643	0.344	0.357	30
600	9984	45.62	12.71	199.999	0.075	0.341	0.175	1.483	0.265	0.262	0.707	0.674	0.293	0.326	30
601	9985	45.62	13.96	199.882	0.09	0.354	0.205	1.431	0.306	0.353	0.69	0.681	0.31	0.319	30
602	9986	45.62	14.21	199.81	0.107	0.354	0.196	1.411	0.29	0.33	0.69	0.67	0.31	0.33	30
603	9987	45.62	14.46	199.569	0.133	0.354	0.195	1.386	0.293	0.333	0.705	0.674	0.295	0.326	30
604	9988	45.62	14.71	199.819	0.122	0.35	0.193	1.404	0.291	0.328	0.708	0.678	0.292	0.322	30
605	9989	45.62	14.96	199.97	0.086	0.348	0.195	1.435	0.287	0.33	0.707	0.685	0.293	0.315	30
606	9990	45.62	15.21	199.977	0.058	0.341	0.194	1.457	0.283	0.332	0.701	0.688	0.299	0.312	30
607	9991	45.62	15.46	199.992	0.039	0.329	0.189	1.474	0.267	0.32	0.683	0.677	0.317	0.324	30
608	9992	45.62	15.71	199.996	0.018	0.314	0.177	1.498	0.249	0.289	0.653	0.646	0.347	0.354	30
609	9993	45.62	15.96	200	0.01	0.304	0.171	1.513	0.24	0.278	0.64	0.633	0.36	0.367	30
610	9994	45.62	16.21	200	0.005	0.299	0.171	1.528	0.25	0.279	0.636	0.623	0.364	0.377	30
611	9995	45.62	16.46	200	0.004	0.294	0.168	1.535	0.252	0.275	0.632	0.617	0.368	0.383	30
612	9996	45.62	16.71	200	0.011	0.291	0.166	1.536	0.237	0.263	0.624	0.612	0.376	0.388	30
613	9997	45.62	16.96	200	0.011	0.289	0.161	1.538	0.227	0.251	0.622	0.611	0.378	0.389	30
614	9998	45.62	17.21	200	0.021	0.291	0.163	1.531	0.224	0.249	0.619	0.609	0.381	0.391	30
615	9999	45.62	17.46	199.999	0.032	0.294	0.16	1.517	0.221	0.241	0.606	0.589	0.394	0.411	30
616	10000	45.62	17.71	200	0.021	0.29	0.16	1.524	0.221	0.236	0.605	0.585	0.395	0.414	30
617	10001	45.62	17.96	200	0.013	0.29	0.161	1.532	0.229	0.238	0.614	0.592	0.386	0.408	30
618	10002	45.62	18.21	200	0.007	0.288	0.16	1.533	0.235	0.238	0.618	0.592	0.382	0.408	30
619	10003	45.62	18.46	199.999	0.006	0.287	0.158	1.533	0.24	0.239	0.627	0.599	0.373	0.401	30
620	10004	45.62	18.71	200	0.006	0.296	0.162	1.525	0.251	0.249	0.642	0.614	0.359	0.386	30
621	10005	45.62	18.96	200	0.008	0.302	0.165	1.515	0.255	0.252	0.643	0.615	0.358	0.385	30
622	10006	45.62	19.21	200	0.011	0.3	0.169	1.508	0.246	0.24	0.633	0.6	0.367	0.4	30
623	10007	45.62	19.46	200	0.014	0.302	0.171	1.499	0.241	0.236	0.619	0.585	0.381	0.415	30
624	10008	45.62	19.71	200	0.016	0.307	0.173	1.494	0.243	0.241	0.614	0.584	0.386	0.416	30
625	10009	45.62	19.96	200	0.018	0.312	0.177	1.491	0.259	0.257	0.63	0.602	0.37	0.398	30
626	10010	45.62	20.21	200	0.017	0.324	0.194	1.496	0.295	0.297	0.669	0.647	0.331	0.353	30
627	10011	45.62	20.46	200	0.018	0.337	0.202	1.483	0.31	0.312	0.697	0.676	0.303	0.324	30
628	10012	45.62	20.71	200	0.02	0.343	0.206	1.479	0.32	0.324	0.716	0.695	0.284	0.305	30
629	10013	45.62	20.96	200	0.018	0.332	0.207	1.498	0.319	0.329	0.723	0.706	0.277	0.295	30
630	10014	45.62	21.21	200	0.019	0.318	0.196	1.513	0.304	0.317	0.709	0.693	0.291	0.307	30
631	10015	45.62	21.46	200	0.022	0.312	0.192	1.52	0.292	0.307	0.696	0.683	0.304	0.318	30
632	10016	45.62	21.71	200	0.032	0.303	0.183	1.526	0.269	0.292	0.665	0.656	0.336	0.345	30
633	10017	45.62	21.96	199.999	0.038	0.302	0.182	1.527	0.26	0.289	0.647	0.641	0.353	0.36	30
634	10018	45.62	22.21	199.889	0.086	0.305	0.175	1.502	0.241	0.27	0.624	0.608	0.376	0.392	30
635	10019	45.62	22.46	199.53	0.156	0.315	0.162	1.456	0.214	0.235	0.613	0.585	0.387	0.415	30
636	10020	45.62	22.71	198.877	0.145	0.314	0.165	1.473	0.218	0.24	0.616	0.592	0.384	0.408	30
637	10021	45.62	22.96	198.7	0.1	0.314	0.184	1.498	0.253	0.282	0.66	0.649	0.34	0.351	30
638	10022	45.62	23.21	199.05	0.141	0.315	0.164	1.463	0.219	0.239	0.637	0.611	0.362	0.389	30
639	10023	45.62	23.46	195.259	0.206	0.309	0.133	1.383	0.164	0.171	0.569	0.527	0.43	0.472	30
640	10024	45.62	23.71	191.648	0.221	0.308	0.127	1.359	0.156	0.161	0.551	0.505	0.449	0.494	30
641	10025	45.62	23.96	194.121	0.21	0.31	0.136	1.386	0.18	0.189	0.579	0.539	0.42	0.461	30
642	10026	45.62	24.21	197.768	0.165	0.313	0.155	1.451	0.215	0.231	0.62	0.59	0.38	0.41	30
643	10027	45.62	24.46	189.865	0.181	0.312	0.147	1.419	0.2	0.214	0.606	0.574	0.394	0.426	30
644	10028	45.62	24.71	178.69	0.22	0.313	0.137	1.364	0.178	0.185	0.576	0.541	0.424	0.459	30
645	10029	45.62	24.96	184.191	0.216	0.313	0.14	1.367	0.184	0.191	0.581	0.546	0.419	0.453	30
646	10030	45.62	25.21	196.311	0.182	0.315	0.15	1.42	0.203	0.218	0.619	0.591	0.381	0.409	30
647	10031	45.62	25.46	197.224	0.148	0.321	0.169	1.454	0.232	0.256	0.667	0.65	0.333	0.35	30
648	10032	45.62	25.71	198.3	0.154	0.321	0.171	1.437	0.238	0.262	0.664	0.647	0.336	0.353	30
649	10033	45.62	25.96	198.605	0.164	0.324	0.165	1.438	0.222	0.248	0.657	0.638	0.342	0.362	30
650	10034	45.62	26.21	197.672	0.193	0.317	0.149	1.405	0.199	0.215	0.621	0.594	0.379	0.406	30
651	10035	45.62	26.46	197.064	0.214	0.313	0.141	1.384	0.197	0.208	0.597	0.567	0.403	0.433	30
652	10036	45.62	26.71	199.178	0.166	0.317	0.162	1.462	0.23	0.252	0.639	0.62	0.361	0.38	30
653	10037	45.62	26.96	199.99	0.095	0.316	0.182	1.502	0.266	0.291	0.692	0.682	0.308	0.318	30
654	10038	45.62	27.21	200	0.037	0.325	0.197	1.489	0.3	0.315	0.747	0.737	0.253	0.263	30
655	10039	45.62	27.46	200	0.026	0.324	0.194	1.483	0.293	0.304	0.722	0.709	0.278	0.291	30
656	10040	45.62	27.71	200	0.038	0.33	0.199	1.471	0.297	0.305	0.748	0.739	0.252	0.261	30
657	10041	45.62	27.96	200	0.049	0.333	0.2	1.466	0.3	0.306	0.769	0.76	0.231	0.24	30
658	10042	45.62	28.21	200	0.052	0.328	0.193	1.465	0.292	0.296	0.752	0.74	0.248	0.26	30
659	10043	45.62	28.46	199.999	0.06	0.325	0.195	1.468	0.289	0.295	0.764	0.756	0.237	0.244	30
660	10044	45.62	28.71	199.999	0.054	0.324	0.195	1.471	0.289	0.296	0.768	0.759	0.233	0.241	30
661	10045	45.62	28.96	200	0.049	0.324	0.196	1.471	0.291	0.297	0.764	0.756	0.236	0.244	30
662	10046	45.62	29.21	199.998	0.037	0.328	0.194	1.467	0.288	0.294	0.752	0.741	0.248	0.259	30
663	10047	45.62	29.46	199.842	0.034	0.333	0.191	1.45	0.287	0.289	0.732	0.717	0.268	0.283	30
664	10048	45.62	32.96	199.984	0.056	0.309	0.184	1.511	0.264	0.277	0.681	0.677	0.319	0.323	30
665	10049	45.62	33.21	199.996	0.038	0.313	0.19	1.506	0.278	0.288	0.714	0.71	0.286	0.29	30
666	10050	45.62	33.46	199.999	0.03	0.32	0.198	1.502	0.286	0.295	0.728	0.723	0.272	0.277	30
667	10051	45.62	33.71	199.996	0.029	0.319	0.198	1.501	0.281	0.292	0.722	0.714	0.278	0.286	30
668	10052	45.62	33.96	199.998	0.025	0.326	0.207	1.497	0.292	0.306	0.749	0.74	0.251	0.26	30
669	10053	45.62	34.21	200	0.021	0.332	0.214	1.489	0.306	0.322	0.762	0.753	0.238	0.247	30
670	10054	45.62	34.46	199.997	0.021	0.332	0.215	1.48	0.309	0.322	0.75	0.741	0.25	0.259	30
