# Command file for Castanea
# Generated on Rstudio by user vandermeersch, on the 2023-06-23

# The filenames below are relative to the folder containing this command file
castaneaFileName	=	CastaneaSpecies_08_2021.txt
inventoryFileName	=	C:/Users/vandermeersch/Documents/CEFE/phd/hindcasting/simulation/castanea/run/inventory.txt

climateBaseName	=	D:/climate/HadCM3B_60Kyr_Climate/2023_dataset/castanea_format/025deg/5500BP/
climateExtension	=	.txt
simulationName	=	ind1_


#	siteId	gridName	latitude	longitude	soilHeight	stone	wfc	wilt	bulk	SOLCLAYtop	SOLCLAYsol	SOLFINtop	SOLFINsol	SOLSANDtop	SOLSANDsol	numberOfYears
1	12066	40.87	32.96	199.234	0.137	0.311	0.175	1.487	0.265	0.275	0.675	0.664	0.325	0.336	30
2	12067	40.87	33.21	198.806	0.142	0.307	0.174	1.489	0.261	0.269	0.673	0.66	0.327	0.34	30
3	12068	40.87	33.46	198.833	0.157	0.302	0.166	1.488	0.247	0.257	0.666	0.652	0.334	0.348	30
4	12069	40.87	33.71	198.078	0.18	0.299	0.156	1.482	0.228	0.241	0.645	0.629	0.355	0.371	30
5	12070	40.87	33.96	198.163	0.186	0.301	0.157	1.484	0.23	0.244	0.649	0.633	0.351	0.367	30
6	12071	40.87	34.21	198.134	0.187	0.303	0.158	1.484	0.228	0.244	0.64	0.626	0.359	0.375	30
7	12072	40.87	34.46	197.639	0.179	0.306	0.168	1.498	0.249	0.266	0.662	0.653	0.338	0.347	30
8	12073	40.87	34.71	196.938	0.17	0.304	0.173	1.508	0.262	0.278	0.671	0.666	0.329	0.334	30
9	12074	40.62	-8.54	199.901	0.124	0.321	0.165	1.473	0.194	0.265	0.51	0.549	0.49	0.451	30
10	12075	40.62	-8.29	199.587	0.198	0.32	0.165	1.453	0.189	0.271	0.515	0.554	0.485	0.446	30
11	12076	40.62	-8.04	199.88	0.2	0.312	0.156	1.464	0.173	0.255	0.469	0.516	0.531	0.484	30
12	12077	40.62	-7.79	199.967	0.204	0.305	0.153	1.476	0.168	0.247	0.456	0.504	0.545	0.496	30
13	12078	40.62	-7.54	199.896	0.225	0.302	0.15	1.481	0.17	0.239	0.452	0.495	0.548	0.505	30
14	12079	40.62	-7.29	199.893	0.226	0.293	0.149	1.498	0.169	0.234	0.442	0.484	0.558	0.516	30
15	12080	40.62	-7.04	199.862	0.221	0.286	0.15	1.512	0.17	0.23	0.44	0.478	0.56	0.522	30
16	12081	40.62	-6.79	199.814	0.213	0.294	0.16	1.513	0.187	0.246	0.492	0.522	0.509	0.478	30
17	12082	40.62	-6.54	199.632	0.201	0.306	0.171	1.511	0.205	0.266	0.553	0.578	0.448	0.422	30
18	12083	40.62	-6.29	198.602	0.199	0.307	0.17	1.507	0.207	0.263	0.564	0.585	0.436	0.415	30
19	12084	40.62	-6.04	198.923	0.191	0.307	0.168	1.499	0.203	0.253	0.548	0.568	0.452	0.432	30
20	12085	40.62	-5.79	199.73	0.167	0.301	0.165	1.507	0.196	0.244	0.533	0.554	0.467	0.446	30
21	12086	40.62	-5.54	199.817	0.17	0.298	0.166	1.515	0.202	0.244	0.536	0.555	0.464	0.445	30
22	12087	40.62	-5.29	199.694	0.172	0.291	0.159	1.508	0.194	0.233	0.503	0.52	0.497	0.48	30
23	12088	40.62	-5.04	199.522	0.18	0.288	0.154	1.501	0.188	0.223	0.489	0.504	0.51	0.496	30
24	12089	40.62	-4.79	199.649	0.179	0.284	0.153	1.508	0.189	0.224	0.485	0.5	0.515	0.499	30
25	12090	40.62	-4.54	199.649	0.184	0.285	0.153	1.511	0.19	0.226	0.49	0.506	0.51	0.494	30
26	12091	40.62	-4.29	199.284	0.199	0.284	0.148	1.51	0.183	0.222	0.478	0.495	0.522	0.505	30
27	12092	40.62	-4.04	198.788	0.205	0.281	0.148	1.518	0.187	0.227	0.474	0.491	0.526	0.509	30
28	12093	40.62	-3.79	199.512	0.201	0.287	0.157	1.528	0.2	0.238	0.502	0.517	0.498	0.483	30
29	12094	40.62	-3.54	199.957	0.172	0.291	0.169	1.537	0.234	0.267	0.559	0.571	0.441	0.429	30
30	12095	40.62	-3.29	199.976	0.165	0.295	0.174	1.533	0.248	0.277	0.592	0.6	0.408	0.4	30
31	12096	40.62	-3.04	199.969	0.183	0.298	0.17	1.524	0.237	0.261	0.598	0.602	0.402	0.398	30
32	12097	40.62	-2.79	199.873	0.204	0.298	0.166	1.522	0.225	0.251	0.581	0.586	0.419	0.414	30
33	12098	40.62	-2.54	199.838	0.217	0.302	0.165	1.515	0.219	0.251	0.568	0.576	0.432	0.424	30
34	12099	40.62	-2.29	199.197	0.224	0.306	0.166	1.505	0.217	0.251	0.568	0.575	0.432	0.425	30
35	12100	40.62	-2.04	199.025	0.221	0.307	0.164	1.495	0.216	0.247	0.568	0.572	0.431	0.428	30
36	12101	40.62	-1.79	199.103	0.207	0.304	0.163	1.497	0.215	0.242	0.568	0.568	0.432	0.432	30
37	12102	40.62	-1.54	199.633	0.188	0.299	0.165	1.505	0.214	0.243	0.571	0.575	0.429	0.425	30
38	12103	40.62	-1.29	199.96	0.169	0.29	0.168	1.516	0.228	0.256	0.589	0.598	0.411	0.402	30
39	12104	40.62	-1.04	199.942	0.172	0.294	0.169	1.505	0.234	0.261	0.594	0.601	0.406	0.399	30
40	12105	40.62	-0.789999999999999	199.658	0.203	0.313	0.175	1.494	0.24	0.272	0.608	0.614	0.392	0.386	30
41	12106	40.62	-0.539999999999999	199.044	0.234	0.322	0.182	1.492	0.242	0.278	0.608	0.615	0.392	0.385	30
42	12107	40.62	-0.289999999999999	199.292	0.241	0.331	0.195	1.503	0.257	0.306	0.627	0.642	0.373	0.358	30
43	12108	40.62	-0.0399999999999991	197.84	0.241	0.336	0.199	1.506	0.265	0.322	0.635	0.652	0.365	0.348	30
44	12109	40.62	0.210000000000001	195.993	0.214	0.328	0.196	1.516	0.259	0.313	0.625	0.644	0.375	0.356	30
45	12110	40.62	0.460000000000001	197.847	0.157	0.319	0.193	1.531	0.249	0.295	0.612	0.633	0.388	0.367	30
46	12111	40.62	8.46	199.16	0.146	0.329	0.195	1.499	0.27	0.323	0.617	0.636	0.383	0.364	30
47	12112	40.62	8.71	199.46	0.162	0.336	0.199	1.497	0.287	0.341	0.646	0.664	0.354	0.336	30
48	12113	40.62	8.96	199.068	0.167	0.33	0.192	1.502	0.267	0.321	0.608	0.63	0.392	0.37	30
49	12114	40.62	9.21	197.699	0.183	0.321	0.181	1.495	0.232	0.289	0.535	0.562	0.465	0.438	30
50	12115	40.62	9.46	192.734	0.198	0.323	0.182	1.494	0.231	0.289	0.531	0.561	0.469	0.439	30
51	12116	40.62	9.71	191.678	0.182	0.327	0.187	1.501	0.243	0.302	0.552	0.583	0.448	0.417	30
52	12117	40.62	14.96	198.403	0.123	0.329	0.193	1.477	0.278	0.312	0.659	0.664	0.341	0.336	30
53	12118	40.62	15.21	197.587	0.149	0.336	0.201	1.474	0.296	0.339	0.68	0.688	0.32	0.312	30
54	12119	40.62	15.46	197.88	0.169	0.343	0.212	1.483	0.318	0.363	0.704	0.711	0.297	0.289	30
55	12120	40.62	15.71	199.474	0.172	0.343	0.214	1.492	0.317	0.36	0.703	0.71	0.297	0.29	30
56	12121	40.62	15.96	199.811	0.18	0.343	0.22	1.51	0.328	0.369	0.711	0.721	0.289	0.28	30
57	12122	40.62	16.21	199.875	0.169	0.341	0.222	1.522	0.338	0.377	0.73	0.742	0.27	0.258	30
58	12123	40.62	16.46	199.963	0.153	0.334	0.218	1.528	0.33	0.367	0.729	0.741	0.271	0.259	30
59	12124	40.62	16.71	199.946	0.141	0.33	0.213	1.529	0.315	0.361	0.715	0.73	0.285	0.271	30
60	12125	40.62	16.96	199.944	0.121	0.328	0.203	1.524	0.294	0.345	0.682	0.699	0.318	0.302	30
61	12126	40.62	17.21	199.686	0.12	0.331	0.205	1.519	0.293	0.348	0.69	0.707	0.31	0.294	30
62	12127	40.62	17.46	199.34	0.119	0.328	0.208	1.519	0.293	0.351	0.697	0.716	0.303	0.285	30
63	12128	40.62	17.71	199.843	0.113	0.324	0.199	1.512	0.292	0.341	0.662	0.679	0.338	0.321	30
64	12129	40.62	17.96	199.993	0.09	0.318	0.185	1.511	0.277	0.311	0.598	0.611	0.402	0.388	30
65	12130	40.62	19.46	199.948	0.065	0.332	0.198	1.515	0.307	0.341	0.698	0.714	0.302	0.286	30
66	12131	40.62	19.71	199.758	0.099	0.33	0.204	1.519	0.302	0.339	0.687	0.701	0.313	0.299	30
67	12132	40.62	19.96	199.279	0.141	0.337	0.208	1.49	0.307	0.347	0.68	0.691	0.32	0.31	30
68	12133	40.62	20.21	196.465	0.18	0.337	0.198	1.45	0.288	0.324	0.658	0.661	0.343	0.339	30
69	12134	40.62	20.46	195.253	0.205	0.332	0.186	1.425	0.272	0.303	0.642	0.641	0.358	0.359	30
70	12135	40.62	20.71	198.021	0.162	0.323	0.183	1.475	0.276	0.305	0.66	0.66	0.34	0.34	30
71	12136	40.62	20.96	197.786	0.154	0.311	0.168	1.497	0.25	0.28	0.64	0.641	0.36	0.359	30
72	12137	40.62	21.21	197.906	0.168	0.307	0.165	1.497	0.231	0.264	0.602	0.605	0.398	0.395	30
73	12138	40.62	21.46	198.386	0.157	0.308	0.169	1.505	0.233	0.265	0.608	0.611	0.392	0.389	30
74	12139	40.62	21.71	199.585	0.143	0.309	0.182	1.52	0.258	0.294	0.633	0.643	0.367	0.357	30
75	12140	40.62	21.96	199.393	0.178	0.317	0.181	1.494	0.251	0.289	0.62	0.624	0.38	0.376	30
76	12141	40.62	22.21	199.819	0.126	0.316	0.188	1.523	0.255	0.295	0.63	0.643	0.371	0.357	30
77	12142	40.62	22.46	199.993	0.103	0.325	0.194	1.531	0.279	0.306	0.66	0.668	0.34	0.332	30
78	12143	40.62	22.71	199.997	0.096	0.325	0.192	1.53	0.29	0.313	0.672	0.677	0.328	0.323	30
79	12144	40.62	23.21	199.982	0.144	0.306	0.185	1.53	0.249	0.299	0.589	0.613	0.411	0.387	30
80	12145	40.62	23.46	199.792	0.146	0.306	0.183	1.526	0.242	0.291	0.579	0.6	0.421	0.4	30
81	12146	40.62	23.71	198.832	0.143	0.311	0.186	1.511	0.243	0.292	0.582	0.599	0.418	0.401	30
82	12147	40.62	28.96	196.091	0.147	0.316	0.179	1.483	0.264	0.308	0.633	0.643	0.367	0.357	30
83	12148	40.62	29.21	198.612	0.133	0.322	0.193	1.495	0.29	0.332	0.676	0.686	0.324	0.315	30
84	12149	40.62	29.46	199.562	0.133	0.324	0.197	1.503	0.296	0.338	0.681	0.691	0.319	0.309	30
85	12150	40.62	29.71	198.787	0.147	0.325	0.192	1.494	0.282	0.322	0.666	0.674	0.334	0.326	30
86	12151	40.62	29.96	198.278	0.15	0.322	0.184	1.487	0.27	0.301	0.668	0.669	0.332	0.331	30
87	12152	40.62	30.21	198.077	0.149	0.32	0.184	1.488	0.271	0.301	0.663	0.665	0.337	0.336	30
88	12153	40.62	30.46	198.56	0.135	0.316	0.182	1.492	0.268	0.295	0.66	0.66	0.34	0.34	30
89	12154	40.62	30.71	198.292	0.147	0.318	0.178	1.484	0.265	0.291	0.657	0.655	0.343	0.345	30
90	12155	40.62	30.96	197.193	0.171	0.316	0.169	1.468	0.249	0.271	0.645	0.638	0.355	0.362	30
91	12156	40.62	31.21	197.871	0.164	0.313	0.168	1.466	0.252	0.272	0.651	0.642	0.349	0.358	30
92	12157	40.62	31.46	196.846	0.163	0.307	0.16	1.463	0.24	0.258	0.637	0.627	0.363	0.373	30
93	12158	40.62	31.71	194.765	0.183	0.303	0.15	1.45	0.212	0.226	0.607	0.593	0.393	0.407	30
94	12159	40.62	31.96	194.732	0.187	0.303	0.147	1.449	0.204	0.217	0.6	0.583	0.399	0.417	30
95	12160	40.62	32.21	197.884	0.162	0.307	0.158	1.467	0.231	0.243	0.634	0.618	0.365	0.382	30
96	12161	40.62	32.46	198.428	0.181	0.306	0.156	1.466	0.226	0.24	0.634	0.619	0.366	0.382	30
97	12162	40.62	32.71	198.568	0.183	0.306	0.158	1.463	0.229	0.244	0.645	0.629	0.355	0.372	30
98	12163	40.62	32.96	199.405	0.154	0.313	0.175	1.476	0.257	0.265	0.675	0.656	0.325	0.344	30
99	12164	40.62	33.21	199.122	0.135	0.311	0.182	1.493	0.272	0.275	0.693	0.676	0.307	0.324	30
100	12165	40.62	33.46	199.474	0.147	0.302	0.172	1.503	0.256	0.265	0.691	0.681	0.309	0.319	30
101	12166	40.62	33.71	199.547	0.148	0.302	0.178	1.514	0.274	0.283	0.724	0.716	0.275	0.284	30
102	12167	40.62	33.96	198.712	0.165	0.306	0.18	1.513	0.283	0.293	0.734	0.726	0.265	0.274	30
103	12168	40.62	34.21	198.431	0.163	0.309	0.182	1.515	0.29	0.301	0.741	0.733	0.258	0.267	30
104	12169	40.62	34.46	198.125	0.147	0.311	0.186	1.521	0.297	0.307	0.748	0.74	0.252	0.26	30
105	12170	40.62	34.71	196.85	0.149	0.31	0.183	1.515	0.284	0.295	0.717	0.71	0.283	0.29	30
106	12171	40.37	-8.54	199.944	0.127	0.314	0.168	1.483	0.201	0.275	0.522	0.563	0.478	0.437	30
107	12172	40.37	-8.29	199.543	0.181	0.319	0.171	1.467	0.201	0.278	0.541	0.575	0.459	0.425	30
108	12173	40.37	-8.04	199.663	0.191	0.314	0.163	1.471	0.187	0.261	0.502	0.539	0.498	0.461	30
109	12174	40.37	-7.79	199.143	0.227	0.312	0.158	1.466	0.18	0.251	0.494	0.529	0.507	0.471	30
110	12175	40.37	-7.54	199.358	0.237	0.313	0.158	1.467	0.184	0.244	0.506	0.531	0.495	0.469	30
111	12176	40.37	-7.29	199.689	0.226	0.303	0.157	1.497	0.175	0.242	0.478	0.513	0.522	0.487	30
112	12177	40.37	-7.04	199.561	0.224	0.301	0.159	1.495	0.172	0.234	0.476	0.507	0.524	0.493	30
113	12178	40.37	-6.79	199.553	0.21	0.3	0.16	1.5	0.179	0.239	0.49	0.518	0.51	0.482	30
114	12179	40.37	-6.54	197.722	0.221	0.311	0.168	1.5	0.196	0.256	0.547	0.569	0.454	0.431	30
115	12180	40.37	-6.29	195.546	0.247	0.315	0.171	1.502	0.203	0.261	0.565	0.585	0.436	0.415	30
116	12181	40.37	-6.04	197.055	0.223	0.31	0.166	1.502	0.196	0.252	0.532	0.554	0.468	0.446	30
117	12182	40.37	-5.79	198.421	0.201	0.297	0.153	1.491	0.181	0.229	0.488	0.508	0.512	0.492	30
118	12183	40.37	-5.54	197.382	0.208	0.301	0.154	1.485	0.18	0.219	0.499	0.511	0.501	0.489	30
119	12184	40.37	-5.29	195.844	0.209	0.305	0.155	1.474	0.185	0.218	0.508	0.513	0.492	0.487	30
120	12185	40.37	-5.04	198.197	0.208	0.297	0.152	1.481	0.181	0.216	0.483	0.493	0.517	0.507	30
121	12186	40.37	-4.79	198.586	0.215	0.29	0.15	1.503	0.183	0.225	0.472	0.49	0.528	0.51	30
122	12187	40.37	-4.54	198.542	0.22	0.288	0.151	1.52	0.189	0.236	0.472	0.494	0.528	0.506	30
123	12188	40.37	-4.29	198.967	0.216	0.288	0.157	1.537	0.199	0.246	0.474	0.497	0.526	0.502	30
124	12189	40.37	-4.04	199.96	0.177	0.288	0.169	1.542	0.229	0.268	0.522	0.54	0.478	0.46	30
125	12190	40.37	-3.79	199.991	0.165	0.288	0.173	1.538	0.236	0.269	0.558	0.569	0.442	0.431	30
126	12191	40.37	-3.54	199.978	0.158	0.29	0.177	1.537	0.245	0.276	0.582	0.591	0.418	0.409	30
127	12192	40.37	-3.29	199.968	0.167	0.297	0.178	1.531	0.249	0.279	0.6	0.607	0.4	0.393	30
128	12193	40.37	-3.04	199.878	0.181	0.298	0.173	1.526	0.238	0.267	0.605	0.61	0.395	0.39	30
129	12194	40.37	-2.79	199.489	0.198	0.304	0.174	1.523	0.238	0.268	0.605	0.611	0.395	0.389	30
130	12195	40.37	-2.54	199.914	0.176	0.304	0.177	1.521	0.245	0.275	0.622	0.629	0.378	0.371	30
131	12196	40.37	-2.29	199.586	0.193	0.305	0.174	1.517	0.233	0.265	0.597	0.605	0.402	0.395	30
132	12197	40.37	-2.04	199.054	0.219	0.307	0.165	1.499	0.219	0.249	0.57	0.574	0.43	0.426	30
133	12198	40.37	-1.79	198.061	0.226	0.308	0.161	1.487	0.217	0.243	0.563	0.561	0.437	0.439	30
134	12199	40.37	-1.54	199.289	0.217	0.307	0.166	1.499	0.217	0.248	0.566	0.569	0.434	0.431	30
135	12200	40.37	-1.29	199.749	0.195	0.295	0.166	1.514	0.219	0.25	0.572	0.58	0.428	0.42	30
136	12201	40.37	-1.04	199.847	0.188	0.293	0.166	1.509	0.226	0.255	0.578	0.586	0.422	0.414	30
137	12202	40.37	-0.789999999999999	199.306	0.205	0.307	0.174	1.495	0.24	0.274	0.595	0.601	0.405	0.399	30
138	12203	40.37	-0.539999999999999	198.473	0.234	0.321	0.179	1.486	0.243	0.28	0.601	0.604	0.399	0.396	30
139	12204	40.37	-0.289999999999999	198.454	0.252	0.334	0.194	1.495	0.255	0.303	0.618	0.631	0.382	0.369	30
140	12205	40.37	-0.0399999999999991	198.477	0.224	0.331	0.199	1.517	0.258	0.315	0.625	0.645	0.375	0.355	30
141	12206	40.37	0.210000000000001	196.193	0.192	0.328	0.2	1.526	0.262	0.319	0.616	0.641	0.384	0.359	30
142	12207	40.37	8.46	198.475	0.165	0.336	0.195	1.482	0.273	0.328	0.624	0.643	0.376	0.357	30
143	12208	40.37	8.71	199.593	0.159	0.338	0.199	1.493	0.284	0.339	0.658	0.674	0.342	0.326	30
144	12209	40.37	8.96	199.658	0.173	0.332	0.193	1.504	0.266	0.32	0.614	0.633	0.386	0.367	30
145	12210	40.37	9.21	199.189	0.185	0.324	0.182	1.505	0.246	0.303	0.55	0.576	0.45	0.424	30
146	12211	40.37	9.46	194.925	0.198	0.328	0.186	1.502	0.248	0.303	0.568	0.592	0.432	0.408	30
147	12212	40.37	9.71	193.009	0.196	0.327	0.185	1.496	0.242	0.297	0.556	0.582	0.444	0.418	30
148	12213	40.37	15.21	198.656	0.155	0.34	0.204	1.469	0.305	0.357	0.674	0.688	0.326	0.312	30
149	12214	40.37	15.46	196.395	0.176	0.341	0.202	1.454	0.292	0.34	0.681	0.688	0.319	0.313	30
150	12215	40.37	15.71	198.714	0.169	0.339	0.203	1.47	0.288	0.335	0.676	0.682	0.324	0.318	30
151	12216	40.37	15.96	199.474	0.178	0.34	0.211	1.491	0.305	0.352	0.688	0.697	0.312	0.303	30
152	12217	40.37	16.21	199.743	0.176	0.339	0.22	1.516	0.33	0.375	0.717	0.73	0.283	0.27	30
153	12218	40.37	16.46	199.891	0.155	0.328	0.215	1.529	0.319	0.359	0.712	0.726	0.288	0.275	30
154	12219	40.37	16.71	199.961	0.133	0.319	0.203	1.534	0.294	0.337	0.673	0.688	0.327	0.312	30
155	12220	40.37	17.46	199.895	0.101	0.321	0.2	1.532	0.289	0.336	0.663	0.683	0.337	0.318	30
156	12221	40.37	17.71	199.961	0.1	0.321	0.193	1.523	0.286	0.33	0.631	0.651	0.369	0.349	30
157	12222	40.37	17.96	199.984	0.089	0.322	0.184	1.518	0.275	0.313	0.587	0.607	0.413	0.393	30
158	12223	40.37	18.21	199.973	0.082	0.318	0.177	1.513	0.257	0.301	0.541	0.566	0.459	0.434	30
159	12224	40.37	19.71	196	0.149	0.341	0.201	1.478	0.302	0.344	0.672	0.682	0.328	0.318	30
160	12225	40.37	19.96	196.113	0.171	0.345	0.204	1.466	0.306	0.346	0.677	0.686	0.323	0.315	30
161	12226	40.37	20.21	197.394	0.18	0.342	0.203	1.464	0.301	0.343	0.669	0.677	0.331	0.323	30
162	12227	40.37	20.46	197.862	0.2	0.334	0.194	1.447	0.283	0.321	0.647	0.653	0.353	0.348	30
163	12228	40.37	20.71	193.833	0.198	0.326	0.182	1.439	0.262	0.293	0.626	0.626	0.374	0.374	30
164	12229	40.37	20.96	194.844	0.187	0.314	0.163	1.456	0.236	0.264	0.606	0.603	0.394	0.397	30
165	12230	40.37	21.21	199.388	0.151	0.304	0.168	1.518	0.24	0.275	0.613	0.622	0.387	0.378	30
166	12231	40.37	21.46	198.387	0.163	0.308	0.177	1.519	0.25	0.288	0.616	0.627	0.384	0.373	30
167	12232	40.37	21.71	198.947	0.16	0.311	0.185	1.52	0.266	0.306	0.636	0.65	0.364	0.35	30
168	12233	40.37	21.96	199.161	0.182	0.311	0.181	1.507	0.253	0.289	0.618	0.626	0.382	0.374	30
169	12234	40.37	22.21	199.188	0.175	0.315	0.183	1.503	0.249	0.291	0.61	0.618	0.391	0.382	30
170	12235	40.37	22.46	199.906	0.125	0.316	0.196	1.533	0.273	0.317	0.638	0.656	0.362	0.344	30
171	12236	40.37	22.96	199.982	0.129	0.311	0.188	1.532	0.266	0.307	0.621	0.639	0.379	0.361	30
172	12237	40.37	23.21	199.964	0.147	0.304	0.187	1.532	0.26	0.308	0.6	0.624	0.4	0.376	30
173	12238	40.37	23.46	199.178	0.16	0.306	0.183	1.519	0.243	0.292	0.586	0.606	0.414	0.394	30
174	12239	40.37	23.71	197.22	0.163	0.311	0.184	1.505	0.241	0.293	0.578	0.599	0.422	0.401	30
175	12240	40.37	26.46	198.595	0.137	0.321	0.198	1.514	0.283	0.325	0.656	0.669	0.344	0.331	30
176	12241	40.37	27.21	199.256	0.117	0.321	0.199	1.519	0.285	0.325	0.666	0.678	0.334	0.322	30
177	12242	40.37	29.21	198.86	0.15	0.319	0.19	1.502	0.281	0.322	0.665	0.674	0.335	0.326	30
178	12243	40.37	29.46	199.417	0.142	0.32	0.192	1.508	0.288	0.328	0.675	0.684	0.326	0.316	30
179	12244	40.37	29.71	199.266	0.146	0.318	0.192	1.515	0.283	0.32	0.669	0.679	0.331	0.321	30
180	12245	40.37	29.96	197.509	0.178	0.317	0.188	1.513	0.274	0.31	0.656	0.665	0.344	0.335	30
181	12246	40.37	30.21	198.013	0.181	0.315	0.187	1.514	0.277	0.311	0.656	0.665	0.344	0.335	30
182	12247	40.37	30.46	199.096	0.172	0.313	0.184	1.505	0.273	0.303	0.658	0.665	0.342	0.336	30
183	12248	40.37	30.71	199.31	0.17	0.312	0.18	1.497	0.267	0.294	0.653	0.657	0.347	0.343	30
184	12249	40.37	30.96	199.167	0.187	0.308	0.172	1.488	0.254	0.279	0.635	0.638	0.365	0.362	30
185	12250	40.37	31.21	199.042	0.183	0.307	0.17	1.483	0.252	0.275	0.642	0.643	0.358	0.358	30
186	12251	40.37	31.46	198.432	0.18	0.306	0.171	1.489	0.253	0.275	0.648	0.648	0.352	0.353	30
187	12252	40.37	31.71	197.555	0.19	0.303	0.165	1.487	0.244	0.264	0.645	0.641	0.355	0.359	30
188	12253	40.37	31.96	196.991	0.204	0.3	0.154	1.47	0.217	0.233	0.622	0.61	0.378	0.39	30
189	12254	40.37	32.21	197.691	0.185	0.298	0.155	1.483	0.224	0.239	0.633	0.621	0.367	0.379	30
190	12255	40.37	32.46	198.701	0.158	0.299	0.165	1.497	0.244	0.258	0.662	0.654	0.338	0.346	30
191	12256	40.37	32.71	199.041	0.152	0.302	0.168	1.492	0.25	0.263	0.676	0.667	0.324	0.334	30
192	12257	40.37	32.96	199.221	0.155	0.306	0.172	1.483	0.252	0.261	0.685	0.671	0.315	0.329	30
193	12258	40.37	33.21	199.574	0.133	0.304	0.177	1.5	0.265	0.273	0.711	0.699	0.289	0.301	30
194	12259	40.37	33.46	199.487	0.136	0.299	0.178	1.516	0.265	0.276	0.714	0.707	0.286	0.293	30
195	12260	40.37	33.71	199.749	0.14	0.301	0.183	1.53	0.288	0.296	0.74	0.733	0.26	0.267	30
196	12261	40.37	33.96	199.727	0.139	0.306	0.186	1.534	0.31	0.315	0.763	0.755	0.237	0.245	30
197	12262	40.37	34.21	199.574	0.137	0.31	0.19	1.532	0.32	0.326	0.78	0.772	0.22	0.228	30
198	12263	40.37	34.46	199.089	0.143	0.309	0.185	1.518	0.293	0.303	0.742	0.734	0.258	0.266	30
199	12264	40.37	34.71	199.598	0.117	0.311	0.187	1.516	0.289	0.301	0.722	0.714	0.278	0.286	30
200	12265	40.12	-8.54	199.932	0.143	0.322	0.178	1.483	0.214	0.289	0.543	0.58	0.457	0.42	30
201	12266	40.12	-8.29	198.951	0.191	0.322	0.177	1.468	0.21	0.286	0.561	0.592	0.439	0.408	30
202	12267	40.12	-8.04	198.051	0.237	0.319	0.169	1.461	0.196	0.269	0.549	0.576	0.451	0.424	30
203	12268	40.12	-7.79	197.331	0.268	0.32	0.166	1.463	0.19	0.261	0.549	0.571	0.451	0.429	30
204	12269	40.12	-7.54	198.992	0.239	0.312	0.165	1.494	0.185	0.255	0.521	0.55	0.479	0.45	30
205	12270	40.12	-7.29	199.557	0.224	0.304	0.166	1.521	0.184	0.255	0.511	0.543	0.49	0.457	30
206	12271	40.12	-7.04	199.06	0.245	0.311	0.173	1.514	0.189	0.261	0.539	0.566	0.462	0.435	30
207	12272	40.12	-6.79	199.103	0.22	0.307	0.17	1.52	0.191	0.258	0.53	0.558	0.47	0.442	30
208	12273	40.12	-6.54	198.826	0.205	0.307	0.173	1.527	0.196	0.259	0.546	0.572	0.455	0.428	30
209	12274	40.12	-6.29	198.44	0.204	0.307	0.171	1.534	0.196	0.257	0.543	0.568	0.458	0.432	30
210	12275	40.12	-6.04	198.837	0.214	0.307	0.166	1.528	0.193	0.255	0.516	0.544	0.485	0.456	30
211	12276	40.12	-5.79	198.901	0.209	0.301	0.16	1.506	0.193	0.245	0.501	0.524	0.499	0.476	30
212	12277	40.12	-5.54	197.306	0.204	0.3	0.159	1.507	0.195	0.24	0.507	0.523	0.493	0.477	30
213	12278	40.12	-5.29	197.323	0.202	0.304	0.165	1.519	0.201	0.249	0.515	0.534	0.485	0.466	30
214	12279	40.12	-5.04	198.927	0.203	0.302	0.164	1.527	0.2	0.254	0.51	0.534	0.49	0.466	30
215	12280	40.12	-4.79	199.274	0.201	0.296	0.16	1.536	0.198	0.252	0.496	0.521	0.504	0.479	30
216	12281	40.12	-4.54	199.348	0.186	0.294	0.167	1.546	0.22	0.268	0.514	0.536	0.486	0.464	30
217	12282	40.12	-4.29	199.77	0.164	0.293	0.176	1.551	0.243	0.282	0.546	0.563	0.454	0.437	30
218	12283	40.12	-4.04	199.997	0.15	0.288	0.18	1.55	0.25	0.283	0.567	0.582	0.433	0.418	30
219	12284	40.12	-3.79	199.999	0.145	0.29	0.185	1.542	0.252	0.286	0.597	0.609	0.403	0.391	30
220	12285	40.12	-3.54	199.987	0.153	0.293	0.184	1.533	0.247	0.281	0.608	0.617	0.392	0.383	30
221	12286	40.12	-3.29	199.988	0.159	0.297	0.184	1.528	0.247	0.282	0.624	0.632	0.376	0.368	30
222	12287	40.12	-3.04	199.972	0.152	0.3	0.185	1.526	0.251	0.284	0.64	0.648	0.361	0.352	30
223	12288	40.12	-2.79	199.898	0.162	0.307	0.185	1.526	0.256	0.289	0.634	0.644	0.366	0.356	30
224	12289	40.12	-2.54	199.977	0.172	0.306	0.181	1.522	0.248	0.279	0.623	0.631	0.377	0.369	30
225	12290	40.12	-2.29	199.941	0.191	0.304	0.174	1.518	0.231	0.263	0.593	0.602	0.407	0.398	30
226	12291	40.12	-2.04	199.805	0.208	0.306	0.168	1.507	0.221	0.253	0.57	0.578	0.43	0.422	30
227	12292	40.12	-1.79	199.098	0.226	0.31	0.168	1.497	0.222	0.256	0.564	0.571	0.436	0.429	30
228	12293	40.12	-1.54	199.339	0.229	0.31	0.171	1.5	0.225	0.26	0.569	0.576	0.431	0.424	30
229	12294	40.12	-1.29	199.272	0.227	0.303	0.168	1.513	0.221	0.252	0.568	0.576	0.431	0.424	30
230	12295	40.12	-1.04	198.89	0.223	0.305	0.169	1.504	0.227	0.259	0.578	0.584	0.422	0.416	30
231	12296	40.12	-0.789999999999999	198.716	0.212	0.307	0.177	1.508	0.238	0.278	0.587	0.599	0.413	0.401	30
232	12297	40.12	-0.539999999999999	196.024	0.244	0.322	0.188	1.508	0.249	0.299	0.604	0.619	0.396	0.381	30
233	12298	40.12	-0.289999999999999	196.474	0.236	0.329	0.195	1.517	0.257	0.31	0.612	0.631	0.388	0.369	30
234	12299	40.12	-0.0399999999999991	196.002	0.188	0.326	0.197	1.529	0.258	0.31	0.605	0.629	0.395	0.371	30
235	12300	40.12	3.96	199.264	0.143	0.337	0.191	1.482	0.257	0.302	0.571	0.594	0.429	0.406	30
236	12301	40.12	4.21	199.264	0.143	0.337	0.191	1.482	0.257	0.302	0.571	0.594	0.429	0.406	30
237	12302	40.12	8.46	199.391	0.158	0.333	0.196	1.498	0.273	0.325	0.63	0.647	0.37	0.353	30
238	12303	40.12	8.71	199.806	0.159	0.335	0.196	1.5	0.273	0.325	0.631	0.647	0.369	0.353	30
239	12304	40.12	8.96	199.064	0.18	0.329	0.19	1.498	0.258	0.315	0.59	0.611	0.411	0.389	30
240	12305	40.12	9.21	198.271	0.186	0.322	0.182	1.488	0.241	0.293	0.562	0.581	0.438	0.419	30
241	12306	40.12	9.46	192.699	0.205	0.328	0.186	1.487	0.245	0.294	0.574	0.591	0.426	0.409	30
242	12307	40.12	9.71	193.39	0.197	0.33	0.186	1.494	0.245	0.297	0.571	0.593	0.429	0.407	30
243	12308	40.12	15.71	198.277	0.174	0.34	0.202	1.459	0.291	0.345	0.669	0.679	0.331	0.321	30
244	12309	40.12	15.96	198.624	0.181	0.338	0.204	1.469	0.293	0.344	0.673	0.683	0.327	0.317	30
245	12310	40.12	16.21	199.315	0.18	0.34	0.212	1.496	0.313	0.364	0.695	0.706	0.305	0.294	30
246	12311	40.12	16.46	199.374	0.171	0.336	0.215	1.513	0.319	0.367	0.701	0.715	0.299	0.285	30
247	12312	40.12	17.96	199.438	0.095	0.33	0.185	1.518	0.277	0.322	0.595	0.617	0.405	0.383	30
248	12313	40.12	18.21	199.831	0.087	0.318	0.186	1.512	0.272	0.32	0.584	0.609	0.416	0.391	30
249	12314	40.12	18.46	199.862	0.089	0.32	0.185	1.51	0.269	0.318	0.577	0.602	0.423	0.398	30
250	12315	40.12	19.96	195.63	0.181	0.352	0.204	1.443	0.313	0.356	0.684	0.692	0.316	0.308	30
251	12316	40.12	20.21	194.829	0.185	0.346	0.2	1.455	0.302	0.342	0.674	0.683	0.326	0.318	30
252	12317	40.12	20.46	194.087	0.199	0.338	0.192	1.449	0.284	0.325	0.651	0.658	0.349	0.342	30
253	12318	40.12	20.71	194.396	0.197	0.326	0.182	1.442	0.262	0.299	0.62	0.624	0.38	0.376	30
254	12319	40.12	20.96	190.443	0.219	0.316	0.159	1.422	0.224	0.25	0.578	0.573	0.422	0.427	30
255	12320	40.12	21.21	197.497	0.177	0.307	0.165	1.489	0.234	0.269	0.593	0.6	0.407	0.4	30
256	12321	40.12	21.46	199.573	0.151	0.305	0.176	1.528	0.248	0.288	0.611	0.624	0.389	0.376	30
257	12322	40.12	21.71	199.407	0.172	0.308	0.181	1.523	0.255	0.298	0.608	0.624	0.392	0.376	30
258	12323	40.12	21.96	199.617	0.181	0.309	0.18	1.521	0.247	0.288	0.603	0.617	0.397	0.383	30
259	12324	40.12	22.21	196.693	0.204	0.312	0.176	1.49	0.238	0.274	0.599	0.605	0.401	0.395	30
260	12325	40.12	22.46	195.717	0.185	0.313	0.179	1.489	0.25	0.286	0.615	0.622	0.385	0.378	30
261	12326	40.12	26.46	197.573	0.149	0.316	0.19	1.514	0.267	0.308	0.632	0.645	0.368	0.355	30
262	12327	40.12	26.71	196.984	0.166	0.317	0.19	1.514	0.269	0.317	0.639	0.656	0.361	0.344	30
263	12328	40.12	26.96	199.232	0.144	0.32	0.197	1.519	0.277	0.327	0.657	0.676	0.343	0.325	30
264	12329	40.12	27.21	199.556	0.137	0.321	0.197	1.519	0.272	0.319	0.649	0.665	0.351	0.335	30
265	12330	40.12	27.46	199.156	0.142	0.324	0.197	1.513	0.276	0.324	0.658	0.674	0.342	0.327	30
266	12331	40.12	27.71	199.785	0.122	0.323	0.202	1.521	0.296	0.337	0.683	0.697	0.317	0.304	30
267	12332	40.12	27.96	199.947	0.101	0.323	0.201	1.523	0.31	0.342	0.702	0.71	0.298	0.29	30
268	12333	40.12	28.21	199.846	0.093	0.317	0.199	1.526	0.302	0.332	0.695	0.702	0.305	0.298	30
269	12334	40.12	28.46	199.695	0.101	0.32	0.196	1.515	0.293	0.325	0.686	0.693	0.315	0.307	30
270	12335	40.12	28.71	198.14	0.145	0.322	0.194	1.506	0.286	0.325	0.668	0.678	0.332	0.322	30
271	12336	40.12	28.96	197.625	0.174	0.313	0.18	1.5	0.264	0.299	0.64	0.645	0.361	0.355	30
272	12337	40.12	29.21	192.537	0.193	0.309	0.164	1.471	0.232	0.257	0.606	0.602	0.394	0.398	30
273	12338	40.12	29.46	198.143	0.152	0.312	0.181	1.503	0.268	0.295	0.657	0.659	0.343	0.341	30
274	12339	40.12	29.71	199.665	0.139	0.313	0.188	1.514	0.275	0.306	0.66	0.666	0.34	0.334	30
275	12340	40.12	29.96	198.81	0.168	0.308	0.183	1.514	0.262	0.295	0.632	0.64	0.368	0.36	30
276	12341	40.12	30.21	197.526	0.185	0.305	0.18	1.518	0.263	0.295	0.629	0.638	0.371	0.362	30
277	12342	40.12	30.46	197.489	0.181	0.303	0.177	1.514	0.259	0.287	0.629	0.636	0.371	0.364	30
278	12343	40.12	30.71	197.196	0.185	0.303	0.174	1.511	0.25	0.278	0.623	0.629	0.377	0.371	30
279	12344	40.12	30.96	197.213	0.188	0.301	0.172	1.509	0.248	0.275	0.628	0.632	0.372	0.368	30
280	12345	40.12	31.21	196.395	0.194	0.3	0.168	1.503	0.24	0.264	0.626	0.627	0.374	0.373	30
281	12346	40.12	31.46	197.598	0.178	0.297	0.171	1.521	0.249	0.272	0.651	0.653	0.349	0.347	30
282	12347	40.12	31.71	197.899	0.174	0.296	0.172	1.524	0.256	0.276	0.669	0.669	0.331	0.331	30
283	12348	40.12	31.96	199.012	0.152	0.297	0.174	1.522	0.266	0.285	0.691	0.691	0.309	0.309	30
284	12349	40.12	32.21	198.317	0.15	0.297	0.176	1.521	0.269	0.288	0.699	0.699	0.301	0.301	30
285	12350	40.12	32.46	199.207	0.127	0.3	0.178	1.516	0.268	0.282	0.705	0.701	0.295	0.299	30
286	12351	40.12	32.71	199.812	0.114	0.298	0.177	1.516	0.265	0.277	0.709	0.703	0.291	0.297	30
287	12352	40.12	32.96	199.799	0.106	0.302	0.181	1.51	0.273	0.279	0.728	0.718	0.271	0.282	30
288	12353	40.12	33.21	198.951	0.139	0.305	0.179	1.502	0.272	0.279	0.731	0.719	0.269	0.281	30
289	12354	40.12	33.46	198.529	0.146	0.3	0.179	1.523	0.274	0.285	0.71	0.704	0.29	0.297	30
290	12355	40.12	33.71	199.588	0.13	0.302	0.181	1.528	0.283	0.295	0.715	0.708	0.285	0.292	30
291	12356	40.12	33.96	199.841	0.137	0.304	0.182	1.533	0.294	0.306	0.728	0.722	0.272	0.278	30
292	12357	40.12	34.21	199.509	0.136	0.309	0.189	1.533	0.311	0.32	0.76	0.753	0.24	0.246	30
293	12358	40.12	34.46	199.58	0.13	0.31	0.188	1.517	0.295	0.305	0.747	0.739	0.253	0.261	30
294	12359	40.12	34.71	199.82	0.105	0.314	0.192	1.515	0.303	0.311	0.743	0.734	0.257	0.266	30
295	12360	39.87	-8.54	199.867	0.169	0.33	0.187	1.481	0.234	0.311	0.577	0.614	0.423	0.386	30
296	12361	39.87	-8.29	198.721	0.203	0.324	0.179	1.472	0.209	0.287	0.563	0.597	0.437	0.403	30
297	12362	39.87	-8.04	197.119	0.249	0.318	0.171	1.472	0.189	0.268	0.55	0.578	0.45	0.422	30
298	12363	39.87	-7.79	196.436	0.272	0.318	0.172	1.49	0.19	0.266	0.553	0.578	0.447	0.422	30
299	12364	39.87	-7.54	199.053	0.243	0.307	0.169	1.526	0.188	0.259	0.524	0.554	0.476	0.446	30
300	12365	39.87	-7.29	199.433	0.218	0.302	0.171	1.546	0.194	0.262	0.524	0.556	0.476	0.444	30
301	12366	39.87	-7.04	198.875	0.235	0.307	0.176	1.543	0.195	0.265	0.54	0.569	0.461	0.431	30
302	12367	39.87	-6.79	198.848	0.225	0.304	0.174	1.544	0.192	0.258	0.522	0.552	0.479	0.448	30
303	12368	39.87	-6.54	199.013	0.207	0.304	0.177	1.547	0.198	0.261	0.54	0.568	0.461	0.432	30
304	12369	39.87	-6.29	198.039	0.205	0.307	0.177	1.545	0.201	0.261	0.556	0.582	0.444	0.418	30
305	12370	39.87	-6.04	197.91	0.216	0.312	0.178	1.541	0.203	0.266	0.559	0.585	0.442	0.415	30
306	12371	39.87	-5.79	197.762	0.195	0.311	0.178	1.542	0.216	0.274	0.558	0.581	0.443	0.419	30
307	12372	39.87	-5.54	197.5	0.187	0.309	0.174	1.546	0.214	0.27	0.538	0.562	0.462	0.438	30
308	12373	39.87	-5.29	199.054	0.181	0.306	0.177	1.549	0.223	0.28	0.548	0.573	0.452	0.427	30
309	12374	39.87	-5.04	199.702	0.171	0.3	0.176	1.553	0.231	0.283	0.553	0.575	0.447	0.425	30
310	12375	39.87	-4.79	199.742	0.175	0.299	0.176	1.551	0.236	0.283	0.56	0.578	0.44	0.422	30
311	12376	39.87	-4.54	199.857	0.166	0.299	0.182	1.552	0.25	0.292	0.571	0.588	0.429	0.412	30
312	12377	39.87	-4.29	199.934	0.159	0.293	0.184	1.553	0.253	0.292	0.567	0.585	0.433	0.415	30
313	12378	39.87	-4.04	199.937	0.155	0.289	0.184	1.55	0.247	0.285	0.568	0.585	0.432	0.415	30
314	12379	39.87	-3.79	199.98	0.147	0.29	0.185	1.545	0.247	0.284	0.588	0.603	0.412	0.397	30
315	12380	39.87	-3.54	199.988	0.148	0.295	0.186	1.535	0.249	0.286	0.622	0.634	0.378	0.366	30
316	12381	39.87	-3.29	199.997	0.144	0.295	0.185	1.537	0.253	0.286	0.62	0.631	0.38	0.369	30
317	12382	39.87	-3.04	199.989	0.137	0.296	0.185	1.537	0.257	0.287	0.62	0.634	0.38	0.366	30
318	12383	39.87	-2.79	199.939	0.142	0.306	0.192	1.531	0.268	0.302	0.638	0.653	0.362	0.347	30
319	12384	39.87	-2.54	199.983	0.148	0.307	0.19	1.526	0.263	0.298	0.632	0.646	0.368	0.354	30
320	12385	39.87	-2.29	199.964	0.175	0.304	0.18	1.522	0.248	0.282	0.605	0.617	0.395	0.382	30
321	12386	39.87	-2.04	199.881	0.197	0.304	0.173	1.516	0.228	0.264	0.574	0.586	0.426	0.413	30
322	12387	39.87	-1.79	199.231	0.227	0.308	0.173	1.517	0.221	0.26	0.559	0.572	0.441	0.428	30
323	12388	39.87	-1.54	198.837	0.239	0.309	0.174	1.515	0.223	0.262	0.564	0.576	0.436	0.423	30
324	12389	39.87	-1.29	197.995	0.231	0.308	0.175	1.518	0.228	0.267	0.573	0.585	0.427	0.414	30
325	12390	39.87	-1.04	197.041	0.241	0.312	0.177	1.513	0.237	0.282	0.587	0.602	0.412	0.398	30
326	12391	39.87	-0.789999999999999	198.395	0.223	0.315	0.184	1.515	0.251	0.298	0.603	0.62	0.397	0.38	30
327	12392	39.87	-0.539999999999999	196.063	0.223	0.322	0.192	1.525	0.253	0.303	0.607	0.627	0.393	0.373	30
328	12393	39.87	-0.289999999999999	194.305	0.195	0.325	0.193	1.529	0.256	0.302	0.598	0.618	0.402	0.382	30
329	12394	39.87	4.21	199.264	0.143	0.337	0.191	1.482	0.257	0.302	0.571	0.594	0.429	0.406	30
330	12395	39.87	8.46	198.503	0.153	0.329	0.193	1.508	0.264	0.312	0.607	0.624	0.393	0.376	30
331	12396	39.87	8.71	199.69	0.149	0.325	0.192	1.515	0.264	0.309	0.606	0.622	0.394	0.378	30
332	12397	39.87	8.96	199.343	0.178	0.331	0.197	1.502	0.273	0.329	0.614	0.634	0.386	0.366	30
333	12398	39.87	9.21	196.87	0.196	0.331	0.193	1.484	0.261	0.316	0.609	0.627	0.391	0.373	30
334	12399	39.87	9.46	192.862	0.206	0.329	0.188	1.487	0.244	0.297	0.583	0.604	0.417	0.396	30
335	12400	39.87	9.71	193.073	0.176	0.334	0.185	1.502	0.241	0.293	0.56	0.583	0.44	0.417	30
336	12401	39.87	15.96	197.892	0.183	0.338	0.198	1.448	0.29	0.341	0.664	0.672	0.336	0.328	30
337	12402	39.87	16.21	197.623	0.184	0.335	0.198	1.464	0.289	0.338	0.67	0.678	0.33	0.323	30
338	12403	39.87	16.46	198.235	0.169	0.337	0.207	1.501	0.303	0.353	0.682	0.695	0.318	0.305	30
339	12404	39.87	18.21	199.783	0.098	0.323	0.192	1.506	0.278	0.333	0.606	0.632	0.394	0.368	30
340	12405	39.87	19.96	196.782	0.169	0.349	0.204	1.46	0.314	0.358	0.684	0.695	0.316	0.305	30
341	12406	39.87	20.21	198.118	0.164	0.349	0.207	1.469	0.321	0.367	0.696	0.708	0.305	0.292	30
342	12407	39.87	20.46	198.563	0.172	0.342	0.2	1.461	0.302	0.352	0.674	0.685	0.327	0.315	30
343	12408	39.87	20.71	194.994	0.18	0.33	0.184	1.454	0.268	0.31	0.634	0.642	0.367	0.358	30
344	12409	39.87	20.96	192.628	0.206	0.319	0.164	1.424	0.229	0.257	0.586	0.584	0.414	0.416	30
345	12410	39.87	21.21	193.751	0.205	0.316	0.161	1.435	0.225	0.255	0.586	0.583	0.414	0.417	30
346	12411	39.87	21.46	199.124	0.166	0.312	0.179	1.506	0.253	0.297	0.616	0.629	0.384	0.371	30
347	12412	39.87	21.71	199.874	0.167	0.31	0.182	1.525	0.248	0.292	0.604	0.62	0.396	0.38	30
348	12413	39.87	21.96	199.861	0.184	0.308	0.178	1.526	0.236	0.282	0.582	0.6	0.418	0.4	30
349	12414	39.87	22.21	199.097	0.184	0.306	0.181	1.527	0.24	0.286	0.587	0.606	0.413	0.394	30
350	12415	39.87	22.46	198.618	0.178	0.308	0.181	1.514	0.247	0.288	0.604	0.617	0.396	0.383	30
351	12416	39.87	22.71	198.565	0.166	0.315	0.184	1.504	0.254	0.291	0.62	0.627	0.38	0.373	30
352	12417	39.87	26.46	196.024	0.154	0.309	0.186	1.52	0.253	0.296	0.608	0.623	0.392	0.377	30
353	12418	39.87	26.71	197.606	0.163	0.311	0.185	1.511	0.252	0.298	0.605	0.621	0.395	0.379	30
354	12419	39.87	26.96	198.783	0.161	0.311	0.182	1.499	0.245	0.29	0.608	0.622	0.392	0.378	30
355	12420	39.87	27.21	198.996	0.156	0.313	0.186	1.508	0.251	0.296	0.616	0.63	0.384	0.37	30
356	12421	39.87	27.46	198.979	0.159	0.32	0.194	1.517	0.272	0.321	0.651	0.668	0.349	0.332	30
357	12422	39.87	27.71	199.442	0.149	0.319	0.197	1.518	0.28	0.328	0.654	0.672	0.346	0.328	30
358	12423	39.87	27.96	199.64	0.138	0.319	0.2	1.52	0.289	0.335	0.67	0.687	0.33	0.313	30
359	12424	39.87	28.21	199.137	0.143	0.316	0.194	1.517	0.274	0.315	0.637	0.651	0.363	0.349	30
360	12425	39.87	28.46	198.677	0.155	0.314	0.185	1.507	0.267	0.306	0.632	0.643	0.368	0.357	30
361	12426	39.87	28.71	195.492	0.19	0.312	0.18	1.505	0.261	0.298	0.63	0.639	0.371	0.361	30
362	12427	39.87	28.96	198.065	0.202	0.308	0.173	1.513	0.243	0.282	0.6	0.611	0.4	0.389	30
363	12428	39.87	29.21	197.518	0.197	0.307	0.167	1.5	0.232	0.262	0.601	0.604	0.399	0.396	30
364	12429	39.87	29.46	198.524	0.179	0.303	0.159	1.49	0.224	0.247	0.596	0.592	0.404	0.408	30
365	12430	39.87	29.71	199.003	0.163	0.303	0.163	1.489	0.234	0.256	0.616	0.612	0.384	0.388	30
366	12431	39.87	29.96	199.576	0.145	0.303	0.173	1.502	0.248	0.267	0.643	0.641	0.357	0.359	30
367	12432	39.87	30.21	199.56	0.138	0.301	0.177	1.515	0.255	0.272	0.659	0.656	0.342	0.344	30
368	12433	39.87	30.46	198.977	0.139	0.298	0.174	1.517	0.251	0.268	0.652	0.65	0.348	0.35	30
369	12434	39.87	30.71	198.855	0.135	0.297	0.174	1.515	0.253	0.269	0.657	0.656	0.343	0.344	30
370	12435	39.87	30.96	199.176	0.128	0.296	0.175	1.521	0.259	0.275	0.67	0.67	0.33	0.33	30
371	12436	39.87	31.21	198.886	0.153	0.294	0.168	1.513	0.246	0.264	0.654	0.652	0.346	0.348	30
372	12437	39.87	31.46	199.007	0.162	0.292	0.166	1.515	0.239	0.255	0.649	0.645	0.351	0.355	30
373	12438	39.87	31.71	198.771	0.159	0.292	0.171	1.525	0.252	0.27	0.665	0.663	0.335	0.337	30
374	12439	39.87	31.96	199.699	0.135	0.297	0.18	1.529	0.278	0.297	0.708	0.709	0.292	0.291	30
375	12440	39.87	32.21	199.483	0.137	0.299	0.18	1.526	0.277	0.294	0.71	0.711	0.29	0.289	30
376	12441	39.87	32.46	199.796	0.115	0.299	0.184	1.528	0.281	0.294	0.722	0.72	0.279	0.28	30
377	12442	39.87	32.71	199.883	0.109	0.295	0.177	1.521	0.265	0.276	0.71	0.703	0.29	0.297	30
378	12443	39.87	32.96	199.276	0.132	0.299	0.175	1.508	0.264	0.273	0.711	0.702	0.288	0.298	30
379	12444	39.87	33.21	199.276	0.143	0.303	0.18	1.51	0.268	0.279	0.715	0.707	0.285	0.293	30
380	12445	39.87	33.46	199.152	0.135	0.297	0.176	1.532	0.263	0.278	0.689	0.687	0.31	0.313	30
381	12446	39.87	33.71	199.55	0.122	0.297	0.178	1.531	0.269	0.283	0.693	0.689	0.307	0.311	30
382	12447	39.87	33.96	199.832	0.126	0.303	0.185	1.533	0.297	0.31	0.727	0.723	0.274	0.277	30
383	12448	39.87	34.21	199.551	0.137	0.304	0.186	1.528	0.298	0.311	0.734	0.729	0.266	0.271	30
384	12449	39.87	34.46	199.665	0.13	0.307	0.187	1.514	0.295	0.309	0.739	0.734	0.261	0.266	30
385	12450	39.87	34.71	199.562	0.13	0.308	0.187	1.508	0.294	0.302	0.725	0.715	0.275	0.285	30
386	12451	39.62	-9.04	199.742	0.134	0.319	0.176	1.489	0.218	0.285	0.515	0.553	0.485	0.447	30
387	12452	39.62	-8.79	199.795	0.161	0.325	0.184	1.486	0.239	0.309	0.574	0.608	0.426	0.392	30
388	12453	39.62	-8.54	199.819	0.171	0.321	0.183	1.501	0.233	0.305	0.569	0.607	0.431	0.393	30
389	12454	39.62	-8.29	198.861	0.195	0.318	0.176	1.494	0.205	0.279	0.541	0.579	0.459	0.421	30
390	12455	39.62	-8.04	196.814	0.251	0.318	0.173	1.498	0.192	0.267	0.542	0.573	0.458	0.427	30
391	12456	39.62	-7.79	197.772	0.262	0.317	0.173	1.516	0.195	0.265	0.543	0.57	0.457	0.43	30
392	12457	39.62	-7.54	199.06	0.242	0.31	0.172	1.53	0.194	0.265	0.539	0.569	0.461	0.431	30
393	12458	39.62	-7.29	198.754	0.239	0.309	0.174	1.542	0.199	0.27	0.547	0.578	0.453	0.422	30
394	12459	39.62	-7.04	198.652	0.236	0.309	0.18	1.548	0.201	0.272	0.551	0.58	0.45	0.42	30
395	12460	39.62	-6.79	199.22	0.22	0.304	0.177	1.55	0.192	0.263	0.521	0.554	0.479	0.446	30
396	12461	39.62	-6.54	199.242	0.214	0.297	0.171	1.552	0.186	0.254	0.486	0.521	0.514	0.479	30
397	12462	39.62	-6.29	198.986	0.212	0.308	0.181	1.552	0.201	0.267	0.538	0.568	0.462	0.432	30
398	12463	39.62	-6.04	198.836	0.212	0.314	0.182	1.546	0.199	0.267	0.555	0.584	0.446	0.416	30
399	12464	39.62	-5.79	197.085	0.21	0.315	0.181	1.542	0.198	0.266	0.556	0.585	0.445	0.415	30
400	12465	39.62	-5.54	195.869	0.235	0.316	0.177	1.526	0.203	0.263	0.561	0.584	0.44	0.416	30
401	12466	39.62	-5.29	197.807	0.234	0.312	0.176	1.526	0.207	0.263	0.561	0.583	0.439	0.417	30
402	12467	39.62	-5.04	198.462	0.227	0.308	0.177	1.536	0.217	0.272	0.565	0.586	0.435	0.414	30
403	12468	39.62	-4.79	198.587	0.232	0.309	0.176	1.529	0.218	0.272	0.565	0.585	0.435	0.415	30
404	12469	39.62	-4.54	198.842	0.22	0.307	0.176	1.53	0.222	0.273	0.562	0.582	0.438	0.418	30
405	12470	39.62	-4.29	199.483	0.19	0.294	0.173	1.542	0.221	0.272	0.529	0.554	0.471	0.446	30
406	12471	39.62	-4.04	199.627	0.189	0.291	0.175	1.542	0.225	0.271	0.533	0.556	0.467	0.444	30
407	12472	39.62	-3.79	199.847	0.165	0.291	0.182	1.544	0.242	0.282	0.571	0.588	0.429	0.412	30
408	12473	39.62	-3.54	199.956	0.144	0.291	0.182	1.539	0.245	0.282	0.604	0.618	0.396	0.383	30
409	12474	39.62	-3.29	199.997	0.134	0.283	0.176	1.543	0.241	0.274	0.575	0.588	0.426	0.413	30
410	12475	39.62	-3.04	199.99	0.135	0.285	0.178	1.542	0.244	0.278	0.57	0.587	0.43	0.413	30
411	12476	39.62	-2.79	199.943	0.142	0.298	0.191	1.536	0.261	0.3	0.611	0.629	0.39	0.371	30
412	12477	39.62	-2.54	199.971	0.144	0.303	0.193	1.532	0.265	0.304	0.629	0.646	0.371	0.354	30
413	12478	39.62	-2.29	199.97	0.148	0.303	0.191	1.532	0.27	0.304	0.624	0.639	0.376	0.361	30
414	12479	39.62	-2.04	199.859	0.173	0.302	0.183	1.53	0.251	0.29	0.589	0.605	0.411	0.395	30
415	12480	39.62	-1.79	199.292	0.193	0.304	0.181	1.529	0.238	0.278	0.569	0.585	0.431	0.415	30
416	12481	39.62	-1.54	198.053	0.218	0.307	0.179	1.527	0.235	0.276	0.57	0.585	0.43	0.415	30
417	12482	39.62	-1.29	198.17	0.197	0.303	0.178	1.527	0.236	0.277	0.573	0.589	0.427	0.411	30
418	12483	39.62	-1.04	195.512	0.237	0.315	0.182	1.525	0.241	0.291	0.587	0.605	0.413	0.395	30
419	12484	39.62	-0.789999999999999	197.342	0.202	0.315	0.189	1.535	0.251	0.299	0.599	0.619	0.401	0.381	30
420	12485	39.62	-0.539999999999999	197.871	0.158	0.311	0.192	1.548	0.249	0.289	0.59	0.609	0.409	0.391	30
421	12486	39.62	-0.289999999999999	196.856	0.178	0.317	0.193	1.539	0.254	0.297	0.598	0.617	0.402	0.383	30
422	12487	39.62	2.46	182.96	0.194	0.341	0.203	1.461	0.288	0.336	0.623	0.643	0.377	0.358	30
423	12488	39.62	2.71	193.325	0.155	0.337	0.199	1.497	0.269	0.314	0.609	0.629	0.391	0.371	30
424	12489	39.62	2.96	198.375	0.139	0.328	0.201	1.513	0.26	0.305	0.61	0.629	0.39	0.371	30
425	12490	39.62	3.21	199.214	0.135	0.326	0.201	1.513	0.262	0.309	0.601	0.623	0.399	0.377	30
426	12491	39.62	8.46	195.993	0.159	0.331	0.187	1.492	0.25	0.301	0.579	0.6	0.421	0.4	30
427	12492	39.62	8.71	198.523	0.145	0.324	0.194	1.527	0.268	0.311	0.61	0.627	0.389	0.373	30
428	12493	39.62	8.96	199.835	0.152	0.33	0.207	1.536	0.302	0.343	0.65	0.664	0.35	0.336	30
429	12494	39.62	9.21	197.029	0.188	0.335	0.2	1.505	0.28	0.332	0.621	0.641	0.379	0.359	30
430	12495	39.62	9.46	189.226	0.206	0.335	0.191	1.491	0.253	0.309	0.587	0.612	0.413	0.388	30
431	12496	39.62	15.96	197.373	0.17	0.34	0.199	1.442	0.287	0.34	0.666	0.675	0.334	0.325	30
432	12497	39.62	16.21	199.284	0.145	0.333	0.205	1.495	0.299	0.352	0.674	0.688	0.326	0.312	30
433	12498	39.62	16.46	198.501	0.136	0.325	0.193	1.501	0.275	0.323	0.634	0.649	0.366	0.351	30
434	12499	39.62	16.71	195.778	0.157	0.328	0.194	1.499	0.276	0.328	0.632	0.65	0.368	0.35	30
435	12500	39.62	20.46	198.991	0.162	0.343	0.203	1.463	0.31	0.362	0.679	0.693	0.321	0.307	30
436	12501	39.62	20.71	199.202	0.168	0.336	0.195	1.472	0.288	0.339	0.662	0.675	0.338	0.325	30
437	12502	39.62	20.96	194.809	0.192	0.331	0.186	1.461	0.272	0.316	0.64	0.65	0.36	0.35	30
438	12503	39.62	21.21	184.547	0.232	0.33	0.172	1.406	0.246	0.274	0.609	0.606	0.391	0.394	30
439	12504	39.62	21.46	192.377	0.201	0.325	0.179	1.449	0.262	0.298	0.629	0.633	0.371	0.367	30
440	12505	39.62	21.71	199.243	0.145	0.31	0.185	1.526	0.258	0.3	0.634	0.649	0.366	0.351	30
441	12506	39.62	21.96	199.802	0.149	0.304	0.18	1.539	0.248	0.288	0.616	0.632	0.384	0.368	30
442	12507	39.62	22.21	199.595	0.14	0.307	0.188	1.545	0.265	0.306	0.627	0.645	0.374	0.355	30
443	12508	39.62	22.46	199.819	0.116	0.31	0.199	1.549	0.292	0.33	0.672	0.69	0.328	0.31	30
444	12509	39.62	22.71	198.81	0.145	0.311	0.191	1.525	0.272	0.309	0.643	0.655	0.357	0.345	30
445	12510	39.62	26.46	196.7	0.156	0.309	0.188	1.518	0.253	0.299	0.611	0.628	0.389	0.372	30
446	12511	39.62	26.96	197.466	0.164	0.31	0.176	1.505	0.235	0.271	0.603	0.611	0.397	0.389	30
447	12512	39.62	27.21	197.272	0.177	0.311	0.184	1.512	0.25	0.294	0.62	0.632	0.38	0.368	30
448	12513	39.62	27.46	198.94	0.164	0.316	0.195	1.522	0.27	0.319	0.657	0.673	0.343	0.327	30
449	12514	39.62	27.71	199.202	0.156	0.316	0.199	1.527	0.278	0.326	0.666	0.683	0.335	0.317	30
450	12515	39.62	27.96	199.374	0.14	0.315	0.202	1.532	0.285	0.325	0.678	0.691	0.322	0.309	30
451	12516	39.62	28.21	197.121	0.171	0.313	0.194	1.525	0.268	0.309	0.642	0.655	0.358	0.345	30
452	12517	39.62	28.46	197.417	0.193	0.309	0.18	1.518	0.256	0.294	0.63	0.64	0.37	0.36	30
453	12518	39.62	28.71	196.717	0.205	0.308	0.176	1.522	0.25	0.289	0.619	0.631	0.381	0.369	30
454	12519	39.62	28.96	199.294	0.199	0.306	0.174	1.532	0.241	0.28	0.6	0.613	0.4	0.387	30
455	12520	39.62	29.21	199.752	0.185	0.304	0.17	1.528	0.235	0.27	0.601	0.611	0.399	0.389	30
456	12521	39.62	29.46	199.844	0.161	0.299	0.166	1.522	0.237	0.263	0.614	0.618	0.386	0.382	30
457	12522	39.62	29.71	199.858	0.149	0.299	0.167	1.506	0.242	0.262	0.63	0.63	0.37	0.37	30
458	12523	39.62	29.96	199.932	0.131	0.299	0.172	1.507	0.25	0.266	0.654	0.651	0.346	0.35	30
459	12524	39.62	30.21	199.912	0.129	0.295	0.171	1.513	0.241	0.257	0.646	0.642	0.354	0.359	30
460	12525	39.62	30.46	199.942	0.12	0.292	0.169	1.514	0.242	0.256	0.651	0.646	0.349	0.354	30
461	12526	39.62	30.71	199.938	0.092	0.296	0.18	1.523	0.268	0.276	0.684	0.681	0.316	0.319	30
462	12527	39.62	30.96	199.899	0.094	0.296	0.183	1.527	0.279	0.289	0.684	0.683	0.316	0.317	30
463	12528	39.62	31.21	199.903	0.119	0.294	0.181	1.527	0.277	0.29	0.685	0.684	0.315	0.316	30
464	12529	39.62	31.46	199.59	0.136	0.295	0.178	1.524	0.268	0.282	0.682	0.679	0.318	0.321	30
465	12530	39.62	31.71	199.728	0.135	0.294	0.181	1.53	0.281	0.294	0.691	0.691	0.309	0.309	30
466	12531	39.62	31.96	199.911	0.116	0.295	0.184	1.534	0.288	0.302	0.715	0.715	0.285	0.285	30
467	12532	39.62	32.21	199.87	0.121	0.3	0.19	1.533	0.296	0.312	0.728	0.729	0.272	0.271	30
468	12533	39.62	32.46	199.937	0.114	0.303	0.191	1.523	0.297	0.31	0.731	0.729	0.269	0.271	30
469	12534	39.62	32.71	199.92	0.092	0.307	0.19	1.512	0.289	0.297	0.735	0.729	0.265	0.271	30
470	12535	39.62	32.96	199.577	0.104	0.306	0.186	1.509	0.284	0.29	0.729	0.722	0.271	0.278	30
471	12536	39.62	33.21	199.675	0.125	0.301	0.18	1.518	0.271	0.283	0.707	0.703	0.293	0.297	30
472	12537	39.62	33.46	199.351	0.124	0.295	0.176	1.536	0.264	0.281	0.685	0.684	0.315	0.316	30
473	12538	39.62	33.71	199.605	0.116	0.301	0.186	1.535	0.286	0.301	0.712	0.711	0.288	0.289	30
474	12539	39.62	33.96	199.812	0.12	0.305	0.188	1.526	0.299	0.308	0.727	0.722	0.273	0.278	30
475	12540	39.62	34.21	199.822	0.132	0.304	0.185	1.516	0.3	0.309	0.729	0.72	0.271	0.28	30
476	12541	39.62	34.46	199.762	0.122	0.302	0.186	1.526	0.302	0.316	0.729	0.725	0.271	0.275	30
477	12542	39.62	34.71	199.757	0.123	0.301	0.182	1.521	0.294	0.306	0.705	0.7	0.295	0.3	30
478	12543	39.37	-9.04	199.679	0.138	0.323	0.181	1.492	0.243	0.309	0.549	0.586	0.451	0.414	30
479	12544	39.37	-8.79	199.827	0.144	0.318	0.181	1.509	0.234	0.3	0.551	0.589	0.449	0.411	30
480	12545	39.37	-8.54	199.904	0.139	0.306	0.172	1.525	0.215	0.277	0.526	0.563	0.474	0.437	30
481	12546	39.37	-8.29	199.758	0.177	0.308	0.168	1.517	0.191	0.263	0.494	0.537	0.506	0.463	30
482	12547	39.37	-8.04	199.31	0.204	0.309	0.167	1.525	0.185	0.258	0.501	0.541	0.499	0.459	30
483	12548	39.37	-7.79	199.46	0.209	0.304	0.168	1.529	0.187	0.26	0.499	0.537	0.501	0.463	30
484	12549	39.37	-7.54	199.225	0.214	0.305	0.17	1.526	0.185	0.258	0.512	0.547	0.489	0.453	30
485	12550	39.37	-7.29	197.282	0.228	0.311	0.173	1.525	0.191	0.261	0.534	0.565	0.466	0.435	30
486	12551	39.37	-7.04	198.532	0.218	0.305	0.177	1.542	0.195	0.266	0.535	0.568	0.465	0.432	30
487	12552	39.37	-6.79	197.839	0.226	0.307	0.178	1.544	0.197	0.267	0.542	0.573	0.458	0.427	30
488	12553	39.37	-6.54	198.153	0.216	0.306	0.177	1.546	0.195	0.265	0.532	0.564	0.468	0.436	30
489	12554	39.37	-6.29	199.19	0.197	0.307	0.179	1.549	0.199	0.27	0.536	0.568	0.465	0.432	30
490	12555	39.37	-6.04	199.466	0.194	0.308	0.178	1.548	0.198	0.27	0.535	0.569	0.465	0.431	30
491	12556	39.37	-5.79	199.054	0.192	0.307	0.177	1.548	0.198	0.268	0.533	0.567	0.467	0.433	30
492	12557	39.37	-5.54	198.732	0.206	0.312	0.18	1.537	0.209	0.274	0.566	0.594	0.434	0.406	30
493	12558	39.37	-5.29	197.101	0.218	0.312	0.179	1.532	0.212	0.27	0.571	0.594	0.429	0.406	30
494	12559	39.37	-5.04	197.008	0.232	0.314	0.178	1.534	0.211	0.268	0.564	0.586	0.436	0.414	30
495	12560	39.37	-4.79	197.324	0.244	0.313	0.175	1.529	0.209	0.267	0.559	0.58	0.442	0.42	30
496	12561	39.37	-4.54	196.726	0.236	0.31	0.175	1.526	0.211	0.266	0.558	0.579	0.442	0.421	30
497	12562	39.37	-4.29	198.396	0.208	0.307	0.178	1.534	0.222	0.275	0.561	0.583	0.439	0.417	30
498	12563	39.37	-4.04	199.228	0.217	0.305	0.175	1.534	0.222	0.273	0.558	0.579	0.442	0.421	30
499	12564	39.37	-3.79	199.483	0.193	0.3	0.181	1.538	0.236	0.28	0.575	0.592	0.425	0.408	30
500	12565	39.37	-3.54	199.684	0.168	0.29	0.177	1.541	0.236	0.271	0.567	0.58	0.433	0.42	30
501	12566	39.37	-3.29	199.949	0.133	0.281	0.173	1.544	0.24	0.272	0.553	0.567	0.447	0.433	30
502	12567	39.37	-3.04	200	0.127	0.276	0.171	1.55	0.239	0.275	0.531	0.551	0.469	0.449	30
503	12568	39.37	-2.79	199.999	0.132	0.277	0.172	1.551	0.242	0.278	0.533	0.554	0.468	0.446	30
504	12569	39.37	-2.54	199.998	0.139	0.284	0.177	1.548	0.247	0.284	0.553	0.572	0.448	0.428	30
505	12570	39.37	-2.29	199.988	0.146	0.288	0.18	1.544	0.252	0.287	0.571	0.588	0.43	0.412	30
506	12571	39.37	-2.04	199.964	0.153	0.285	0.177	1.539	0.247	0.28	0.557	0.573	0.443	0.427	30
507	12572	39.37	-1.79	199.926	0.149	0.285	0.178	1.537	0.244	0.276	0.557	0.575	0.443	0.425	30
508	12573	39.37	-1.54	198.438	0.177	0.295	0.179	1.533	0.241	0.278	0.569	0.585	0.431	0.415	30
509	12574	39.37	-1.29	196.458	0.201	0.305	0.18	1.53	0.24	0.28	0.573	0.588	0.427	0.412	30
510	12575	39.37	-1.04	194.76	0.236	0.319	0.184	1.527	0.244	0.292	0.587	0.603	0.413	0.397	30
511	12576	39.37	-0.789999999999999	196.387	0.214	0.322	0.193	1.537	0.255	0.302	0.603	0.621	0.397	0.378	30
512	12577	39.37	-0.539999999999999	199.184	0.135	0.312	0.194	1.553	0.259	0.293	0.596	0.612	0.404	0.388	30
513	12578	39.37	2.96	199.718	0.118	0.323	0.197	1.526	0.253	0.294	0.589	0.608	0.412	0.392	30
514	12579	39.37	3.21	199.565	0.124	0.323	0.198	1.526	0.257	0.301	0.587	0.608	0.413	0.392	30
515	12580	39.37	8.46	193.848	0.17	0.334	0.19	1.492	0.258	0.314	0.594	0.617	0.406	0.383	30
516	12581	39.37	8.71	196.205	0.161	0.327	0.191	1.523	0.26	0.308	0.6	0.62	0.4	0.38	30
517	12582	39.37	8.96	199.215	0.126	0.323	0.195	1.556	0.275	0.312	0.618	0.632	0.382	0.368	30
518	12583	39.37	9.21	196.242	0.17	0.328	0.195	1.522	0.269	0.316	0.605	0.624	0.395	0.376	30
519	12584	39.37	9.46	188.342	0.196	0.329	0.187	1.498	0.245	0.298	0.565	0.59	0.435	0.41	30
520	12585	39.37	16.21	199.331	0.144	0.335	0.201	1.469	0.283	0.336	0.655	0.668	0.345	0.332	30
521	12586	39.37	16.46	196.594	0.153	0.327	0.177	1.441	0.24	0.28	0.597	0.6	0.403	0.4	30
522	12587	39.37	16.71	192.813	0.175	0.329	0.185	1.461	0.252	0.299	0.601	0.614	0.399	0.386	30
523	12588	39.37	16.96	197.77	0.154	0.338	0.21	1.502	0.3	0.355	0.67	0.691	0.33	0.309	30
524	12589	39.37	20.46	199.183	0.152	0.344	0.202	1.468	0.31	0.364	0.677	0.694	0.323	0.306	30
525	12590	39.37	20.71	198.739	0.175	0.342	0.2	1.465	0.3	0.353	0.673	0.687	0.328	0.313	30
526	12591	39.37	20.96	196.875	0.186	0.341	0.197	1.463	0.289	0.339	0.661	0.674	0.34	0.326	30
527	12592	39.37	21.21	190.115	0.211	0.336	0.187	1.436	0.274	0.313	0.644	0.65	0.356	0.35	30
528	12593	39.37	21.46	188.692	0.218	0.334	0.186	1.434	0.281	0.317	0.655	0.658	0.345	0.342	30
529	12594	39.37	21.71	195.618	0.169	0.32	0.183	1.491	0.27	0.31	0.657	0.666	0.343	0.334	30
530	12595	39.37	21.96	199.765	0.119	0.304	0.183	1.543	0.261	0.299	0.664	0.677	0.336	0.323	30
531	12596	39.37	22.21	199.886	0.116	0.314	0.194	1.546	0.293	0.328	0.685	0.698	0.315	0.302	30
532	12597	39.37	22.46	199.926	0.136	0.324	0.209	1.541	0.318	0.359	0.705	0.721	0.296	0.279	30
533	12598	39.37	22.71	199.439	0.143	0.316	0.199	1.54	0.294	0.335	0.669	0.685	0.331	0.315	30
534	12599	39.37	22.96	196.407	0.169	0.32	0.186	1.503	0.259	0.297	0.623	0.632	0.377	0.368	30
535	12600	39.37	23.21	196.407	0.169	0.32	0.186	1.503	0.259	0.297	0.623	0.632	0.377	0.368	30
536	12601	39.37	26.96	197.307	0.169	0.31	0.182	1.528	0.245	0.286	0.598	0.614	0.402	0.386	30
537	12602	39.37	27.21	197.122	0.188	0.309	0.183	1.514	0.243	0.289	0.605	0.619	0.396	0.381	30
538	12603	39.37	27.46	198.351	0.171	0.311	0.192	1.527	0.259	0.306	0.635	0.65	0.365	0.35	30
539	12604	39.37	27.71	198.305	0.172	0.313	0.194	1.528	0.262	0.308	0.637	0.652	0.364	0.348	30
540	12605	39.37	27.96	198.437	0.175	0.313	0.196	1.528	0.274	0.316	0.652	0.666	0.348	0.334	30
541	12606	39.37	28.21	197.331	0.188	0.31	0.19	1.524	0.274	0.312	0.654	0.666	0.347	0.334	30
542	12607	39.37	28.46	197.814	0.204	0.304	0.172	1.507	0.245	0.279	0.616	0.622	0.384	0.378	30
543	12608	39.37	28.71	198.661	0.191	0.299	0.162	1.499	0.226	0.257	0.588	0.591	0.412	0.409	30
544	12609	39.37	28.96	199.535	0.187	0.296	0.16	1.513	0.218	0.248	0.571	0.575	0.429	0.425	30
545	12610	39.37	29.21	199.714	0.18	0.294	0.158	1.518	0.216	0.242	0.579	0.582	0.421	0.418	30
546	12611	39.37	29.46	199.934	0.152	0.296	0.163	1.516	0.232	0.253	0.617	0.619	0.383	0.381	30
547	12612	39.37	29.71	199.949	0.14	0.294	0.165	1.512	0.237	0.252	0.629	0.626	0.371	0.374	30
548	12613	39.37	29.96	199.786	0.131	0.295	0.169	1.513	0.245	0.26	0.642	0.639	0.358	0.361	30
549	12614	39.37	30.21	199.833	0.134	0.294	0.168	1.505	0.243	0.261	0.639	0.636	0.361	0.364	30
550	12615	39.37	30.46	199.917	0.141	0.293	0.163	1.497	0.231	0.249	0.627	0.623	0.373	0.377	30
551	12616	39.37	30.71	199.916	0.115	0.295	0.173	1.511	0.255	0.266	0.663	0.659	0.337	0.341	30
552	12617	39.37	30.96	199.897	0.092	0.297	0.182	1.524	0.281	0.288	0.678	0.675	0.322	0.325	30
553	12618	39.37	31.21	199.936	0.092	0.299	0.186	1.532	0.296	0.303	0.685	0.685	0.315	0.316	30
554	12619	39.37	31.46	199.634	0.127	0.301	0.186	1.525	0.301	0.311	0.695	0.692	0.305	0.308	30
555	12620	39.37	31.71	198.692	0.153	0.297	0.181	1.527	0.285	0.298	0.685	0.682	0.316	0.318	30
556	12621	39.37	31.96	199.733	0.123	0.295	0.182	1.535	0.289	0.302	0.7	0.7	0.3	0.3	30
557	12622	39.37	32.21	199.927	0.121	0.297	0.187	1.535	0.297	0.313	0.716	0.719	0.284	0.281	30
558	12623	39.37	32.46	199.901	0.128	0.302	0.187	1.511	0.294	0.307	0.719	0.718	0.281	0.282	30
559	12624	39.37	32.71	199.861	0.104	0.305	0.188	1.502	0.286	0.293	0.729	0.723	0.271	0.277	30
560	12625	39.37	32.96	199.922	0.101	0.302	0.186	1.512	0.282	0.291	0.719	0.713	0.281	0.287	30
561	12626	39.37	33.21	199.966	0.109	0.3	0.185	1.527	0.285	0.3	0.717	0.719	0.283	0.281	30
562	12627	39.37	33.46	199.701	0.11	0.299	0.181	1.536	0.283	0.3	0.699	0.701	0.301	0.299	30
563	12628	39.37	33.71	199.177	0.112	0.306	0.185	1.53	0.296	0.311	0.712	0.71	0.288	0.29	30
564	12629	39.37	33.96	198.653	0.129	0.306	0.184	1.513	0.289	0.296	0.702	0.693	0.298	0.307	30
565	12630	39.37	34.21	199.544	0.109	0.304	0.186	1.509	0.3	0.307	0.714	0.704	0.286	0.296	30
566	12631	39.37	34.46	199.923	0.094	0.307	0.188	1.514	0.321	0.326	0.727	0.72	0.273	0.28	30
567	12632	39.37	34.71	199.927	0.116	0.303	0.185	1.517	0.325	0.332	0.728	0.723	0.272	0.277	30
568	12633	39.12	-9.04	199.735	0.138	0.325	0.186	1.501	0.255	0.314	0.569	0.601	0.431	0.399	30
569	12634	39.12	-8.79	199.954	0.106	0.312	0.172	1.524	0.22	0.279	0.514	0.551	0.486	0.449	30
570	12635	39.12	-8.54	199.959	0.139	0.302	0.162	1.534	0.194	0.263	0.47	0.517	0.53	0.483	30
571	12636	39.12	-8.29	199.925	0.173	0.299	0.164	1.539	0.183	0.256	0.461	0.508	0.539	0.492	30
572	12637	39.12	-8.04	199.883	0.181	0.303	0.166	1.543	0.186	0.256	0.484	0.526	0.516	0.474	30
573	12638	39.12	-7.79	199.889	0.18	0.304	0.174	1.542	0.2	0.268	0.527	0.564	0.473	0.436	30
574	12639	39.12	-7.54	199.714	0.195	0.308	0.178	1.536	0.2	0.27	0.545	0.581	0.456	0.419	30
575	12640	39.12	-7.29	198.832	0.204	0.309	0.176	1.536	0.198	0.267	0.538	0.572	0.462	0.428	30
576	12641	39.12	-7.04	199.274	0.195	0.308	0.181	1.55	0.213	0.275	0.551	0.58	0.449	0.42	30
577	12642	39.12	-6.79	199.017	0.196	0.306	0.182	1.552	0.217	0.279	0.556	0.584	0.444	0.416	30
578	12643	39.12	-6.54	198.727	0.197	0.304	0.182	1.551	0.218	0.28	0.562	0.59	0.438	0.41	30
579	12644	39.12	-6.29	198.406	0.2	0.301	0.177	1.551	0.211	0.275	0.546	0.577	0.454	0.423	30
580	12645	39.12	-6.04	199.195	0.168	0.297	0.173	1.55	0.211	0.265	0.54	0.567	0.46	0.433	30
581	12646	39.12	-5.79	199.836	0.148	0.298	0.178	1.552	0.229	0.275	0.561	0.582	0.439	0.417	30
582	12647	39.12	-5.54	199.258	0.17	0.307	0.187	1.559	0.235	0.286	0.579	0.602	0.422	0.398	30
583	12648	39.12	-5.29	197.657	0.196	0.311	0.185	1.555	0.221	0.278	0.569	0.593	0.431	0.407	30
584	12649	39.12	-5.04	197.407	0.22	0.311	0.181	1.547	0.213	0.272	0.563	0.588	0.437	0.412	30
585	12650	39.12	-4.79	197.065	0.236	0.309	0.177	1.537	0.21	0.268	0.556	0.58	0.444	0.42	30
586	12651	39.12	-4.54	197.289	0.236	0.309	0.175	1.535	0.212	0.267	0.555	0.576	0.446	0.424	30
587	12652	39.12	-4.29	197.68	0.221	0.307	0.177	1.539	0.226	0.276	0.561	0.581	0.44	0.419	30
588	12653	39.12	-4.04	198.452	0.201	0.304	0.181	1.54	0.241	0.287	0.569	0.589	0.431	0.411	30
589	12654	39.12	-3.79	199.607	0.164	0.293	0.178	1.541	0.246	0.284	0.559	0.575	0.441	0.425	30
590	12655	39.12	-3.54	199.829	0.153	0.285	0.174	1.545	0.243	0.277	0.548	0.564	0.452	0.436	30
591	12656	39.12	-3.29	199.955	0.144	0.283	0.177	1.546	0.246	0.284	0.554	0.573	0.446	0.427	30
592	12657	39.12	-3.04	199.884	0.146	0.286	0.18	1.545	0.249	0.292	0.558	0.58	0.442	0.42	30
593	12658	39.12	-2.79	199.8	0.159	0.293	0.184	1.541	0.252	0.296	0.577	0.596	0.423	0.404	30
594	12659	39.12	-2.54	199.917	0.167	0.297	0.188	1.535	0.259	0.301	0.602	0.619	0.398	0.381	30
595	12660	39.12	-2.29	199.952	0.158	0.294	0.185	1.537	0.252	0.289	0.589	0.605	0.412	0.395	30
596	12661	39.12	-2.04	199.996	0.148	0.285	0.175	1.538	0.243	0.273	0.558	0.573	0.442	0.427	30
597	12662	39.12	-1.79	199.897	0.154	0.286	0.176	1.537	0.241	0.272	0.564	0.579	0.436	0.421	30
598	12663	39.12	-1.54	199.503	0.17	0.295	0.182	1.53	0.245	0.284	0.589	0.606	0.411	0.394	30
599	12664	39.12	-1.29	197.032	0.205	0.308	0.186	1.529	0.248	0.291	0.588	0.605	0.412	0.395	30
600	12665	39.12	-1.04	194.122	0.242	0.321	0.191	1.524	0.253	0.302	0.597	0.614	0.403	0.386	30
601	12666	39.12	-0.789999999999999	192.502	0.241	0.33	0.199	1.532	0.263	0.316	0.605	0.626	0.395	0.374	30
602	12667	39.12	-0.539999999999999	197.217	0.157	0.32	0.198	1.548	0.265	0.304	0.602	0.619	0.398	0.381	30
603	12668	39.12	-0.289999999999999	194.057	0.151	0.329	0.194	1.531	0.271	0.309	0.603	0.619	0.397	0.382	30
604	12669	39.12	8.46	197.384	0.142	0.337	0.191	1.507	0.27	0.321	0.598	0.62	0.402	0.38	30
605	12670	39.12	8.71	195.619	0.165	0.332	0.193	1.502	0.265	0.315	0.595	0.618	0.405	0.383	30
606	12671	39.12	8.96	196.82	0.156	0.328	0.193	1.526	0.267	0.313	0.604	0.623	0.396	0.377	30
607	12672	39.12	16.46	198.264	0.152	0.331	0.177	1.428	0.233	0.275	0.603	0.606	0.397	0.394	30
608	12673	39.12	16.71	195.396	0.17	0.33	0.181	1.452	0.245	0.287	0.604	0.611	0.396	0.389	30
609	12674	39.12	16.96	199.091	0.138	0.338	0.211	1.511	0.304	0.348	0.675	0.69	0.325	0.31	30
610	12675	39.12	20.96	199.448	0.112	0.341	0.194	1.495	0.278	0.325	0.667	0.681	0.333	0.319	30
611	12676	39.12	21.21	198.269	0.164	0.336	0.194	1.471	0.281	0.33	0.655	0.669	0.345	0.331	30
612	12677	39.12	21.46	192.641	0.212	0.336	0.192	1.452	0.279	0.321	0.647	0.655	0.353	0.345	30
613	12678	39.12	21.71	192.477	0.214	0.327	0.179	1.45	0.27	0.308	0.64	0.644	0.36	0.356	30
614	12679	39.12	21.96	198.7	0.178	0.316	0.179	1.498	0.264	0.307	0.641	0.651	0.359	0.349	30
615	12680	39.12	22.21	199.712	0.155	0.322	0.196	1.528	0.291	0.338	0.673	0.69	0.327	0.31	30
616	12681	39.12	22.46	199.786	0.168	0.328	0.204	1.523	0.306	0.354	0.686	0.703	0.314	0.297	30
617	12682	39.12	22.71	198.334	0.175	0.327	0.196	1.515	0.288	0.334	0.663	0.677	0.338	0.323	30
618	12683	39.12	26.96	197.19	0.156	0.312	0.186	1.531	0.256	0.296	0.614	0.628	0.386	0.372	30
619	12684	39.12	27.21	197.3	0.16	0.308	0.188	1.531	0.255	0.296	0.624	0.638	0.376	0.362	30
620	12685	39.12	27.46	197.04	0.172	0.31	0.192	1.53	0.26	0.3	0.637	0.65	0.363	0.35	30
621	12686	39.12	27.71	197.962	0.165	0.31	0.193	1.535	0.261	0.298	0.637	0.648	0.363	0.352	30
622	12687	39.12	27.96	197.217	0.183	0.308	0.189	1.535	0.256	0.294	0.626	0.636	0.374	0.364	30
623	12688	39.12	28.21	197.586	0.2	0.309	0.184	1.526	0.257	0.295	0.629	0.639	0.372	0.361	30
624	12689	39.12	28.46	198.868	0.204	0.305	0.176	1.524	0.245	0.281	0.605	0.614	0.395	0.386	30
625	12690	39.12	28.71	199.347	0.193	0.301	0.167	1.514	0.232	0.26	0.594	0.598	0.406	0.402	30
626	12691	39.12	28.96	199.66	0.175	0.295	0.16	1.518	0.22	0.244	0.585	0.586	0.415	0.414	30
627	12692	39.12	29.21	199.77	0.172	0.294	0.159	1.521	0.22	0.243	0.591	0.592	0.409	0.408	30
628	12693	39.12	29.46	199.841	0.156	0.295	0.164	1.519	0.236	0.255	0.625	0.625	0.375	0.375	30
629	12694	39.12	29.71	199.851	0.139	0.293	0.162	1.507	0.237	0.252	0.63	0.625	0.37	0.375	30
630	12695	39.12	29.96	199.769	0.122	0.298	0.173	1.512	0.261	0.273	0.658	0.654	0.343	0.347	30
631	12696	39.12	30.21	199.683	0.11	0.299	0.18	1.514	0.278	0.289	0.674	0.671	0.326	0.33	30
632	12697	39.12	30.46	199.908	0.126	0.295	0.171	1.501	0.251	0.267	0.641	0.638	0.359	0.362	30
633	12698	39.12	30.71	199.705	0.147	0.296	0.166	1.493	0.237	0.253	0.628	0.623	0.372	0.377	30
634	12699	39.12	30.96	199.515	0.137	0.296	0.176	1.509	0.262	0.274	0.66	0.657	0.34	0.344	30
635	12700	39.12	31.21	199.59	0.107	0.3	0.188	1.528	0.292	0.298	0.687	0.687	0.313	0.314	30
636	12701	39.12	31.46	199.917	0.101	0.301	0.189	1.533	0.301	0.307	0.685	0.685	0.315	0.315	30
637	12702	39.12	31.71	199.699	0.123	0.299	0.186	1.535	0.295	0.305	0.687	0.687	0.313	0.314	30
638	12703	39.12	31.96	199.91	0.12	0.299	0.186	1.537	0.295	0.309	0.696	0.697	0.304	0.303	30
639	12704	39.12	32.21	199.986	0.114	0.299	0.188	1.537	0.303	0.317	0.715	0.719	0.285	0.281	30
640	12705	39.12	32.46	199.969	0.118	0.299	0.186	1.524	0.295	0.311	0.713	0.715	0.287	0.285	30
641	12706	39.12	32.71	199.832	0.108	0.301	0.185	1.515	0.286	0.299	0.714	0.713	0.286	0.287	30
642	12707	39.12	32.96	199.697	0.104	0.299	0.183	1.52	0.281	0.296	0.703	0.703	0.297	0.297	30
643	12708	39.12	33.21	199.982	0.103	0.296	0.181	1.524	0.275	0.289	0.695	0.695	0.306	0.305	30
644	12709	39.12	33.46	199.875	0.099	0.304	0.182	1.526	0.29	0.306	0.708	0.709	0.292	0.291	30
645	12710	39.12	33.71	199.245	0.119	0.299	0.178	1.532	0.279	0.298	0.682	0.684	0.318	0.316	30
646	12711	39.12	33.96	199.257	0.125	0.297	0.18	1.527	0.28	0.298	0.682	0.683	0.318	0.318	30
647	12712	39.12	34.21	199.361	0.127	0.297	0.182	1.522	0.293	0.305	0.691	0.687	0.309	0.313	30
648	12713	39.12	34.46	199.287	0.109	0.305	0.187	1.511	0.327	0.33	0.724	0.714	0.277	0.286	30
649	12714	39.12	34.71	199.786	0.108	0.303	0.187	1.51	0.338	0.343	0.737	0.729	0.263	0.271	30
650	12715	38.87	-9.04	199.869	0.117	0.333	0.186	1.497	0.261	0.308	0.572	0.597	0.428	0.403	30
651	12716	38.87	-8.79	199.983	0.098	0.317	0.165	1.524	0.205	0.268	0.469	0.511	0.531	0.489	30
652	12717	38.87	-8.54	199.987	0.132	0.304	0.159	1.54	0.183	0.259	0.435	0.488	0.565	0.512	30
653	12718	38.87	-8.29	199.972	0.159	0.298	0.165	1.542	0.184	0.259	0.452	0.503	0.548	0.497	30
654	12719	38.87	-8.04	199.914	0.171	0.3	0.166	1.546	0.188	0.259	0.471	0.515	0.529	0.485	30
655	12720	38.87	-7.79	199.804	0.175	0.301	0.173	1.543	0.199	0.269	0.511	0.551	0.489	0.449	30
656	12721	38.87	-7.54	199.559	0.191	0.308	0.18	1.535	0.21	0.278	0.557	0.594	0.443	0.406	30
657	12722	38.87	-7.29	199.797	0.189	0.312	0.181	1.544	0.216	0.28	0.562	0.594	0.439	0.407	30
658	12723	38.87	-7.04	199.913	0.157	0.314	0.187	1.559	0.243	0.29	0.586	0.607	0.414	0.393	30
659	12724	38.87	-6.79	199.946	0.149	0.308	0.187	1.565	0.251	0.294	0.585	0.604	0.415	0.396	30
660	12725	38.87	-6.54	199.765	0.157	0.309	0.191	1.566	0.261	0.303	0.589	0.608	0.411	0.392	30
661	12726	38.87	-6.29	199.115	0.172	0.3	0.185	1.563	0.247	0.294	0.572	0.594	0.427	0.406	30
662	12727	38.87	-6.04	198.401	0.168	0.299	0.183	1.553	0.236	0.283	0.575	0.594	0.425	0.405	30
663	12728	38.87	-5.79	198.624	0.172	0.298	0.187	1.557	0.243	0.295	0.574	0.597	0.425	0.403	30
664	12729	38.87	-5.54	199.517	0.18	0.305	0.191	1.564	0.244	0.3	0.574	0.599	0.426	0.401	30
665	12730	38.87	-5.29	198.733	0.2	0.314	0.19	1.559	0.234	0.291	0.571	0.595	0.429	0.405	30
666	12731	38.87	-5.04	196.714	0.225	0.313	0.184	1.549	0.22	0.277	0.562	0.585	0.439	0.415	30
667	12732	38.87	-4.79	198.388	0.223	0.309	0.18	1.542	0.216	0.273	0.556	0.581	0.444	0.419	30
668	12733	38.87	-4.54	198.243	0.219	0.308	0.177	1.541	0.215	0.273	0.551	0.576	0.449	0.424	30
669	12734	38.87	-4.29	198.754	0.205	0.304	0.181	1.543	0.232	0.285	0.56	0.583	0.441	0.417	30
670	12735	38.87	-4.04	199.379	0.185	0.303	0.188	1.54	0.255	0.301	0.58	0.601	0.42	0.399	30
