# Command file for Castanea
# Generated on Rstudio by user vandermeersch, on the 2023-08-22

# The filenames below are relative to the folder containing this command file
castaneaFileName	=	CastaneaSpecies_08_2021.txt
inventoryFileName	=	C:/Users/vandermeersch/Documents/CEFE/phd/hindcasting/simulation/castanea/run/inventory.txt

climateBaseName	=	C:/Users/vandermeersch/Documents/CEFE/phd/hindcasting/simulation/castanea/clim_test/false/500BP/
climateExtension	=	.txt
simulationName	=	ind1_


#	siteId	gridName	latitude	longitude	soilHeight	stone	wfc	wilt	bulk	SOLCLAYtop	SOLCLAYsol	SOLFINtop	SOLFINsol	SOLSANDtop	SOLSANDsol	numberOfYears
1	1	70.62	21.96	152.529	0.227	0.305	0.102	1.26	0.081	0.079	0.438	0.422	0.562	0.578	30
2	2	70.62	22.21	156.831	0.246	0.308	0.1	1.238	0.068	0.071	0.441	0.425	0.558	0.575	30
3	3	70.62	22.46	156.615	0.252	0.307	0.097	1.267	0.069	0.07	0.437	0.421	0.563	0.579	30
4	4	70.62	22.71	155.907	0.258	0.308	0.099	1.283	0.071	0.071	0.444	0.427	0.556	0.573	30
5	5	70.62	23.46	161.674	0.202	0.305	0.102	1.271	0.079	0.08	0.445	0.428	0.555	0.572	30
6	6	70.62	23.71	144.367	0.217	0.306	0.1	1.304	0.064	0.064	0.416	0.397	0.584	0.603	30
7	7	70.62	23.96	149.586	0.218	0.305	0.1	1.317	0.067	0.067	0.421	0.402	0.578	0.598	30
8	8	70.62	24.21	150.934	0.217	0.308	0.102	1.313	0.07	0.069	0.43	0.409	0.57	0.591	30
9	9	70.62	24.46	155.486	0.205	0.306	0.102	1.344	0.071	0.07	0.417	0.398	0.582	0.602	30
10	10	70.62	24.71	167.946	0.19	0.307	0.101	1.344	0.069	0.068	0.42	0.402	0.58	0.598	30
11	11	70.62	24.96	168.844	0.192	0.306	0.102	1.346	0.068	0.067	0.417	0.399	0.583	0.601	30
12	12	70.62	25.21	167.538	0.195	0.308	0.102	1.346	0.07	0.069	0.426	0.409	0.574	0.591	30
13	13	70.62	25.96	176.524	0.16	0.311	0.105	1.297	0.071	0.072	0.438	0.418	0.562	0.581	30
14	14	70.62	26.21	163.351	0.187	0.313	0.108	1.314	0.082	0.083	0.44	0.423	0.56	0.577	30
15	15	70.62	26.46	166.539	0.196	0.311	0.107	1.322	0.086	0.087	0.45	0.433	0.55	0.567	30
16	16	70.62	26.96	175.506	0.178	0.306	0.106	1.279	0.085	0.087	0.452	0.432	0.548	0.568	30
17	17	70.62	27.21	170.11	0.189	0.311	0.105	1.336	0.075	0.074	0.448	0.428	0.551	0.572	30
18	18	70.62	27.46	168.318	0.19	0.311	0.106	1.341	0.082	0.081	0.444	0.423	0.556	0.577	30
19	19	70.62	27.71	169.33	0.203	0.31	0.106	1.335	0.081	0.079	0.441	0.42	0.558	0.58	30
20	20	70.62	27.96	169.337	0.207	0.309	0.105	1.33	0.076	0.074	0.445	0.423	0.554	0.577	30
21	21	70.62	28.21	178.69	0.169	0.307	0.104	1.304	0.075	0.076	0.444	0.421	0.556	0.579	30
22	22	70.62	28.46	164.246	0.215	0.314	0.109	1.341	0.082	0.081	0.454	0.431	0.546	0.569	30
23	23	70.62	28.71	160.84	0.227	0.316	0.11	1.357	0.093	0.093	0.471	0.451	0.529	0.549	30
24	24	70.62	28.96	164.376	0.225	0.316	0.109	1.363	0.098	0.099	0.481	0.461	0.519	0.539	30
25	25	70.62	29.21	172.315	0.203	0.314	0.106	1.353	0.086	0.088	0.462	0.439	0.538	0.561	30
26	26	70.62	29.46	163.962	0.214	0.316	0.109	1.35	0.089	0.091	0.464	0.441	0.537	0.559	30
27	27	70.62	29.71	166.72	0.214	0.314	0.108	1.351	0.085	0.085	0.451	0.43	0.549	0.57	30
28	28	70.62	29.96	164.483	0.227	0.314	0.109	1.358	0.086	0.087	0.444	0.423	0.556	0.577	30
29	29	70.62	30.21	163.027	0.238	0.316	0.109	1.367	0.088	0.088	0.439	0.417	0.561	0.583	30
30	30	70.37	22.71	159.414	0.209	0.304	0.102	1.252	0.081	0.08	0.444	0.427	0.556	0.573	30
31	31	70.37	22.96	144.449	0.256	0.308	0.099	1.244	0.073	0.07	0.454	0.432	0.546	0.568	30
32	32	70.37	23.21	145.317	0.237	0.308	0.099	1.258	0.076	0.072	0.458	0.436	0.542	0.564	30
33	33	70.37	23.46	153.139	0.231	0.306	0.099	1.279	0.072	0.07	0.446	0.423	0.554	0.577	30
34	34	70.37	23.71	155.285	0.211	0.308	0.101	1.306	0.069	0.068	0.433	0.413	0.566	0.587	30
35	35	70.37	23.96	161.669	0.189	0.309	0.103	1.32	0.074	0.074	0.438	0.42	0.561	0.579	30
36	36	70.37	24.21	166.356	0.19	0.308	0.103	1.322	0.074	0.073	0.433	0.415	0.566	0.585	30
37	37	70.37	24.46	172.31	0.19	0.306	0.102	1.329	0.073	0.074	0.43	0.412	0.57	0.588	30
38	38	70.37	24.71	180.694	0.177	0.307	0.103	1.328	0.077	0.078	0.438	0.421	0.561	0.578	30
39	39	70.37	24.96	183.256	0.169	0.306	0.102	1.303	0.076	0.078	0.444	0.423	0.556	0.577	30
40	40	70.37	25.21	188.789	0.155	0.308	0.105	1.282	0.08	0.082	0.463	0.439	0.537	0.561	30
41	41	70.37	25.46	170.597	0.181	0.304	0.105	1.277	0.086	0.089	0.452	0.434	0.548	0.566	30
42	42	70.37	25.71	177.086	0.164	0.314	0.113	1.299	0.091	0.099	0.463	0.451	0.537	0.549	30
43	43	70.37	25.96	172.318	0.174	0.315	0.113	1.308	0.097	0.105	0.466	0.452	0.534	0.547	30
44	44	70.37	26.21	168.741	0.185	0.314	0.113	1.315	0.104	0.11	0.473	0.459	0.527	0.541	30
45	45	70.37	26.46	177.914	0.187	0.309	0.108	1.305	0.099	0.102	0.477	0.46	0.523	0.54	30
46	46	70.37	26.71	179.641	0.186	0.309	0.108	1.295	0.094	0.097	0.479	0.459	0.521	0.541	30
47	47	70.37	26.96	175.744	0.179	0.31	0.109	1.296	0.084	0.085	0.468	0.446	0.533	0.554	30
48	48	70.37	27.21	178.995	0.17	0.311	0.109	1.325	0.082	0.082	0.468	0.447	0.532	0.553	30
49	49	70.37	27.46	177.389	0.169	0.312	0.109	1.323	0.09	0.089	0.471	0.45	0.529	0.55	30
50	50	70.37	27.71	179.188	0.176	0.309	0.107	1.321	0.085	0.084	0.461	0.436	0.54	0.564	30
51	51	70.37	27.96	183.971	0.173	0.306	0.104	1.31	0.077	0.078	0.454	0.43	0.546	0.57	30
52	52	70.37	28.21	181.35	0.168	0.309	0.106	1.309	0.078	0.079	0.46	0.436	0.54	0.564	30
53	53	70.37	28.46	178.337	0.182	0.31	0.105	1.331	0.084	0.084	0.466	0.443	0.534	0.557	30
54	54	70.37	28.71	173.012	0.193	0.312	0.105	1.343	0.099	0.1	0.486	0.465	0.514	0.535	30
55	55	70.37	28.96	174.593	0.198	0.314	0.105	1.354	0.107	0.108	0.499	0.477	0.501	0.523	30
56	56	70.37	29.21	179.343	0.186	0.314	0.104	1.355	0.105	0.107	0.5	0.475	0.5	0.525	30
57	57	70.37	29.46	169.195	0.2	0.317	0.108	1.365	0.107	0.109	0.498	0.476	0.502	0.524	30
58	58	70.37	29.71	165.686	0.222	0.317	0.111	1.358	0.105	0.107	0.488	0.468	0.512	0.532	30
59	59	70.37	29.96	171.749	0.216	0.314	0.109	1.348	0.098	0.1	0.469	0.45	0.53	0.55	30
60	60	70.37	30.21	176.77	0.216	0.314	0.106	1.359	0.085	0.085	0.443	0.42	0.556	0.579	30
61	61	70.37	30.46	174.095	0.208	0.315	0.105	1.392	0.084	0.085	0.434	0.411	0.565	0.588	30
62	62	70.37	30.71	173.194	0.191	0.314	0.103	1.375	0.07	0.072	0.42	0.399	0.579	0.601	30
63	63	70.12	18.96	143.557	0.239	0.302	0.095	1.256	0.063	0.061	0.433	0.41	0.567	0.589	30
64	64	70.12	19.21	142.132	0.242	0.302	0.096	1.255	0.064	0.062	0.433	0.41	0.567	0.589	30
65	65	70.12	19.46	147.516	0.244	0.305	0.099	1.257	0.066	0.067	0.435	0.411	0.565	0.589	30
66	66	70.12	19.71	148.914	0.245	0.306	0.1	1.264	0.065	0.066	0.439	0.416	0.561	0.584	30
67	67	70.12	19.96	138.76	0.241	0.303	0.099	1.252	0.07	0.068	0.436	0.414	0.564	0.586	30
68	68	70.12	20.46	133.85	0.264	0.308	0.099	1.24	0.078	0.078	0.441	0.42	0.559	0.579	30
69	69	70.12	20.71	139.652	0.258	0.308	0.098	1.259	0.072	0.072	0.445	0.424	0.555	0.576	30
70	70	70.12	21.46	149.134	0.214	0.303	0.103	1.24	0.083	0.081	0.442	0.424	0.558	0.576	30
71	71	70.12	21.71	140.395	0.262	0.305	0.099	1.238	0.074	0.07	0.438	0.415	0.562	0.585	30
72	72	70.12	21.96	146.604	0.27	0.306	0.1	1.232	0.074	0.07	0.439	0.415	0.561	0.584	30
73	73	70.12	22.21	149.269	0.258	0.304	0.1	1.244	0.073	0.07	0.433	0.411	0.567	0.589	30
74	74	70.12	22.46	146.274	0.236	0.304	0.1	1.257	0.075	0.072	0.434	0.413	0.566	0.587	30
75	75	70.12	22.71	148.322	0.237	0.303	0.1	1.259	0.077	0.074	0.439	0.417	0.561	0.583	30
76	76	70.12	22.96	166.886	0.222	0.302	0.099	1.263	0.085	0.085	0.459	0.435	0.542	0.565	30
77	77	70.12	23.21	165.387	0.191	0.304	0.103	1.241	0.078	0.078	0.447	0.428	0.553	0.571	30
78	78	70.12	23.46	169.675	0.209	0.304	0.1	1.27	0.069	0.069	0.442	0.419	0.557	0.58	30
79	79	70.12	23.71	163.209	0.198	0.304	0.1	1.273	0.073	0.074	0.442	0.425	0.558	0.575	30
80	80	70.12	23.96	170.393	0.18	0.305	0.102	1.258	0.083	0.084	0.456	0.442	0.544	0.558	30
81	81	70.12	24.21	175.127	0.177	0.305	0.104	1.268	0.08	0.084	0.455	0.436	0.545	0.564	30
82	82	70.12	24.46	166.349	0.194	0.31	0.11	1.288	0.093	0.1	0.461	0.445	0.539	0.555	30
83	83	70.12	24.71	171.953	0.193	0.311	0.113	1.279	0.107	0.117	0.477	0.464	0.523	0.536	30
84	84	70.12	24.96	171.589	0.174	0.303	0.104	1.269	0.079	0.082	0.446	0.428	0.554	0.572	30
85	85	70.12	25.21	171.366	0.175	0.303	0.104	1.271	0.081	0.084	0.447	0.429	0.553	0.571	30
86	86	70.12	25.46	161.901	0.187	0.314	0.118	1.294	0.123	0.134	0.499	0.488	0.501	0.512	30
87	87	70.12	25.71	162.059	0.189	0.313	0.118	1.312	0.125	0.136	0.501	0.49	0.499	0.51	30
88	88	70.12	25.96	160.119	0.198	0.315	0.119	1.3	0.133	0.144	0.501	0.489	0.499	0.511	30
89	89	70.12	26.21	158.208	0.209	0.316	0.119	1.284	0.135	0.145	0.501	0.488	0.498	0.512	30
90	90	70.12	26.46	164.251	0.204	0.312	0.116	1.283	0.126	0.133	0.498	0.483	0.502	0.517	30
91	91	70.12	26.71	174.836	0.187	0.307	0.11	1.284	0.106	0.111	0.481	0.462	0.519	0.538	30
92	92	70.12	26.96	179.583	0.173	0.304	0.106	1.27	0.085	0.087	0.457	0.435	0.543	0.565	30
93	93	70.12	27.21	183.315	0.161	0.304	0.106	1.289	0.081	0.082	0.454	0.429	0.547	0.571	30
94	94	70.12	27.46	187.017	0.155	0.304	0.104	1.297	0.076	0.078	0.446	0.42	0.554	0.58	30
95	95	70.12	27.71	187.833	0.156	0.305	0.104	1.294	0.075	0.077	0.445	0.417	0.555	0.583	30
96	96	70.12	27.96	187.021	0.158	0.304	0.102	1.295	0.074	0.075	0.446	0.42	0.554	0.579	30
97	97	70.12	28.21	184.336	0.16	0.306	0.102	1.304	0.074	0.076	0.451	0.425	0.549	0.575	30
98	98	70.12	28.46	186.536	0.152	0.307	0.102	1.315	0.074	0.076	0.448	0.422	0.551	0.578	30
99	99	70.12	28.71	181.771	0.148	0.309	0.104	1.321	0.081	0.083	0.457	0.433	0.543	0.567	30
100	100	70.12	28.96	181.212	0.163	0.306	0.104	1.326	0.07	0.072	0.432	0.409	0.568	0.591	30
101	101	70.12	29.46	184.972	0.17	0.311	0.105	1.319	0.094	0.096	0.476	0.453	0.524	0.547	30
102	102	70.12	29.71	182.981	0.177	0.313	0.107	1.319	0.096	0.098	0.476	0.455	0.524	0.545	30
103	103	70.12	30.21	185.744	0.163	0.312	0.105	1.283	0.078	0.08	0.446	0.425	0.553	0.575	30
104	104	69.87	18.96	142.499	0.236	0.302	0.095	1.3	0.052	0.051	0.403	0.384	0.597	0.616	30
105	105	69.87	19.21	133.819	0.24	0.302	0.094	1.297	0.055	0.053	0.411	0.388	0.589	0.612	30
106	106	69.87	19.46	135.405	0.231	0.302	0.094	1.287	0.056	0.055	0.422	0.399	0.577	0.6	30
107	107	69.87	19.71	140.277	0.233	0.303	0.095	1.27	0.06	0.059	0.432	0.408	0.567	0.591	30
108	108	69.87	20.21	134.156	0.263	0.306	0.097	1.275	0.066	0.065	0.415	0.399	0.584	0.601	30
109	109	69.87	20.71	143.13	0.222	0.302	0.102	1.232	0.081	0.079	0.446	0.425	0.554	0.575	30
110	110	69.87	21.46	145.597	0.244	0.306	0.101	1.26	0.072	0.069	0.421	0.402	0.579	0.597	30
111	111	69.87	21.71	155.547	0.201	0.303	0.104	1.221	0.084	0.082	0.449	0.43	0.551	0.57	30
112	112	69.87	21.96	169.065	0.217	0.305	0.101	1.253	0.079	0.077	0.442	0.424	0.558	0.576	30
113	113	69.87	22.21	153.925	0.21	0.303	0.1	1.264	0.077	0.075	0.424	0.411	0.576	0.589	30
114	114	69.87	22.46	148.269	0.2	0.304	0.104	1.283	0.083	0.082	0.422	0.414	0.578	0.586	30
115	115	69.87	22.71	157.509	0.207	0.303	0.104	1.276	0.087	0.086	0.433	0.423	0.567	0.577	30
116	116	69.87	22.96	171.721	0.21	0.303	0.102	1.265	0.092	0.094	0.448	0.435	0.552	0.565	30
117	117	69.87	23.21	181.482	0.194	0.303	0.101	1.276	0.086	0.088	0.448	0.432	0.552	0.568	30
118	118	69.87	23.46	175.313	0.195	0.302	0.1	1.279	0.074	0.076	0.435	0.418	0.566	0.582	30
119	119	69.87	23.71	163.495	0.193	0.302	0.1	1.259	0.075	0.076	0.447	0.431	0.553	0.569	30
120	120	69.87	23.96	164.035	0.182	0.304	0.102	1.238	0.082	0.083	0.469	0.455	0.532	0.545	30
121	121	69.87	24.21	169.324	0.176	0.304	0.106	1.235	0.086	0.09	0.467	0.45	0.533	0.55	30
122	122	69.87	24.46	154.797	0.189	0.307	0.112	1.267	0.098	0.105	0.462	0.45	0.538	0.55	30
123	123	69.87	24.71	156.394	0.205	0.308	0.112	1.258	0.108	0.114	0.471	0.46	0.529	0.54	30
124	124	69.87	24.96	179.85	0.19	0.303	0.103	1.257	0.087	0.09	0.46	0.443	0.54	0.557	30
125	125	69.87	25.21	176.497	0.183	0.301	0.102	1.259	0.079	0.082	0.453	0.436	0.547	0.564	30
126	126	69.87	25.46	166.619	0.184	0.3	0.104	1.241	0.087	0.09	0.454	0.439	0.546	0.561	30
127	127	69.87	25.71	163.171	0.188	0.3	0.104	1.255	0.09	0.092	0.456	0.439	0.544	0.561	30
128	128	69.87	25.96	157.892	0.196	0.302	0.107	1.248	0.103	0.105	0.461	0.446	0.539	0.554	30
129	129	69.87	26.21	158.251	0.204	0.301	0.106	1.248	0.104	0.105	0.463	0.444	0.537	0.556	30
130	130	69.87	26.46	169.303	0.194	0.301	0.105	1.235	0.095	0.095	0.458	0.437	0.542	0.563	30
131	131	69.87	26.71	175.853	0.188	0.301	0.105	1.233	0.086	0.086	0.45	0.429	0.55	0.571	30
132	132	69.87	26.96	180.411	0.186	0.301	0.103	1.264	0.075	0.076	0.444	0.424	0.556	0.576	30
133	133	69.87	27.21	178.131	0.171	0.301	0.103	1.261	0.074	0.076	0.437	0.417	0.563	0.584	30
134	134	69.87	27.46	182.859	0.159	0.302	0.104	1.248	0.072	0.072	0.422	0.402	0.578	0.598	30
135	135	69.87	27.71	177.805	0.167	0.304	0.106	1.258	0.075	0.077	0.433	0.412	0.567	0.588	30
136	136	69.87	27.96	186.27	0.156	0.303	0.102	1.275	0.07	0.073	0.434	0.415	0.567	0.586	30
137	137	69.87	28.21	178.654	0.159	0.303	0.103	1.286	0.066	0.067	0.434	0.41	0.566	0.59	30
138	138	69.87	28.46	173.692	0.163	0.304	0.105	1.306	0.071	0.071	0.434	0.407	0.566	0.593	30
139	139	69.87	28.71	174.677	0.161	0.304	0.104	1.325	0.068	0.068	0.429	0.401	0.571	0.599	30
140	140	69.87	28.96	168.744	0.165	0.305	0.102	1.334	0.064	0.064	0.425	0.397	0.575	0.602	30
141	141	69.87	29.21	173.647	0.175	0.306	0.102	1.333	0.064	0.064	0.43	0.404	0.57	0.596	30
142	142	69.87	29.46	182.587	0.173	0.308	0.103	1.327	0.068	0.068	0.439	0.414	0.561	0.585	30
143	143	69.87	29.71	179.889	0.164	0.306	0.103	1.337	0.067	0.069	0.429	0.406	0.571	0.593	30
144	144	69.87	30.21	179.86	0.164	0.306	0.102	1.33	0.065	0.067	0.43	0.409	0.57	0.591	30
145	145	69.62	17.46	144.41	0.229	0.302	0.096	1.243	0.067	0.066	0.437	0.416	0.563	0.583	30
146	146	69.62	17.71	143.987	0.229	0.301	0.096	1.244	0.066	0.064	0.438	0.418	0.561	0.582	30
147	147	69.62	17.96	142.787	0.23	0.301	0.095	1.244	0.065	0.063	0.439	0.418	0.561	0.582	30
148	148	69.62	18.21	141.87	0.23	0.301	0.096	1.245	0.065	0.063	0.44	0.418	0.56	0.582	30
149	149	69.62	18.46	131.163	0.26	0.304	0.096	1.26	0.06	0.057	0.403	0.389	0.597	0.611	30
150	150	69.62	18.71	143.853	0.229	0.302	0.095	1.27	0.055	0.052	0.406	0.39	0.593	0.61	30
151	151	69.62	18.96	145.413	0.22	0.302	0.096	1.284	0.06	0.058	0.421	0.403	0.578	0.596	30
152	152	69.62	19.21	126.9	0.242	0.302	0.094	1.285	0.058	0.053	0.415	0.394	0.584	0.606	30
153	153	69.62	19.46	124.318	0.256	0.301	0.093	1.271	0.058	0.054	0.42	0.396	0.58	0.603	30
154	154	69.62	19.71	140.825	0.254	0.301	0.094	1.252	0.064	0.06	0.436	0.411	0.563	0.589	30
155	155	69.62	19.96	129.261	0.279	0.305	0.097	1.249	0.068	0.064	0.422	0.401	0.577	0.598	30
156	156	69.62	20.21	145.06	0.261	0.306	0.1	1.258	0.069	0.066	0.426	0.406	0.574	0.593	30
157	157	69.62	20.71	135.224	0.254	0.307	0.103	1.269	0.071	0.067	0.418	0.401	0.581	0.599	30
158	158	69.62	20.96	137.886	0.229	0.305	0.102	1.278	0.075	0.071	0.417	0.4	0.583	0.599	30
159	159	69.62	21.21	151.602	0.226	0.305	0.101	1.28	0.073	0.07	0.423	0.405	0.577	0.595	30
160	160	69.62	21.46	139.244	0.226	0.305	0.105	1.284	0.079	0.076	0.424	0.41	0.576	0.59	30
161	161	69.62	21.71	145.232	0.215	0.303	0.106	1.27	0.087	0.084	0.424	0.412	0.576	0.588	30
162	162	69.62	21.96	148.921	0.207	0.305	0.109	1.267	0.095	0.092	0.43	0.419	0.57	0.581	30
163	163	69.62	22.21	151.311	0.205	0.304	0.106	1.266	0.096	0.094	0.437	0.425	0.563	0.575	30
164	164	69.62	22.46	154.872	0.197	0.305	0.105	1.256	0.093	0.092	0.446	0.436	0.555	0.564	30
165	165	69.62	22.71	163.414	0.186	0.306	0.108	1.227	0.096	0.095	0.46	0.453	0.54	0.547	30
166	166	69.62	22.96	163.098	0.195	0.305	0.107	1.254	0.101	0.102	0.469	0.462	0.531	0.538	30
167	167	69.62	23.21	172.159	0.193	0.303	0.104	1.265	0.094	0.095	0.468	0.452	0.533	0.548	30
168	168	69.62	23.46	174.487	0.178	0.299	0.101	1.256	0.077	0.079	0.445	0.426	0.555	0.574	30
169	169	69.62	23.71	167.376	0.178	0.299	0.102	1.253	0.077	0.079	0.451	0.431	0.549	0.57	30
170	170	69.62	23.96	170.157	0.168	0.303	0.105	1.235	0.081	0.081	0.467	0.445	0.534	0.555	30
171	171	69.62	24.21	172.164	0.155	0.303	0.105	1.2	0.075	0.075	0.447	0.423	0.553	0.577	30
172	172	69.62	24.46	163.967	0.159	0.3	0.103	1.242	0.072	0.073	0.439	0.416	0.562	0.584	30
173	173	69.62	24.71	164.852	0.171	0.3	0.105	1.247	0.082	0.084	0.455	0.434	0.545	0.567	30
174	174	69.62	24.96	176.92	0.17	0.299	0.102	1.236	0.075	0.077	0.444	0.421	0.557	0.579	30
175	175	69.62	25.21	179.832	0.161	0.297	0.1	1.245	0.065	0.067	0.427	0.406	0.573	0.594	30
176	176	69.62	25.46	176.349	0.162	0.295	0.099	1.245	0.069	0.071	0.429	0.412	0.571	0.588	30
177	177	69.62	25.71	178.877	0.17	0.293	0.099	1.25	0.066	0.068	0.434	0.417	0.566	0.583	30
178	178	69.62	25.96	174.094	0.193	0.292	0.099	1.261	0.068	0.07	0.439	0.419	0.561	0.581	30
179	179	69.62	26.21	167.566	0.185	0.294	0.103	1.245	0.078	0.079	0.44	0.418	0.561	0.582	30
180	180	69.62	26.46	171.392	0.18	0.3	0.106	1.249	0.088	0.089	0.443	0.422	0.557	0.578	30
181	181	69.62	26.71	178.973	0.173	0.302	0.104	1.24	0.078	0.079	0.433	0.414	0.567	0.586	30
182	182	69.62	26.96	185.905	0.169	0.302	0.102	1.261	0.073	0.074	0.438	0.419	0.562	0.581	30
183	183	69.62	27.21	186.678	0.148	0.299	0.101	1.244	0.066	0.066	0.423	0.405	0.577	0.595	30
184	184	69.62	27.46	189.114	0.137	0.304	0.105	1.189	0.068	0.068	0.422	0.402	0.578	0.598	30
185	185	69.62	27.71	183.454	0.15	0.305	0.106	1.179	0.069	0.07	0.428	0.409	0.572	0.591	30
186	186	69.62	27.96	183.23	0.148	0.304	0.104	1.189	0.065	0.067	0.429	0.407	0.571	0.594	30
187	187	69.62	28.21	187.428	0.137	0.304	0.102	1.221	0.056	0.057	0.423	0.396	0.577	0.603	30
188	188	69.62	28.46	183.439	0.132	0.301	0.101	1.274	0.053	0.054	0.41	0.385	0.589	0.614	30
189	189	69.62	28.71	185.185	0.137	0.298	0.101	1.33	0.05	0.052	0.392	0.366	0.607	0.633	30
190	190	69.62	28.96	184.307	0.134	0.298	0.1	1.345	0.046	0.048	0.384	0.358	0.614	0.641	30
191	191	69.62	29.21	184.779	0.143	0.301	0.098	1.335	0.05	0.052	0.401	0.376	0.598	0.623	30
192	192	69.62	29.46	183.074	0.151	0.301	0.098	1.328	0.055	0.057	0.412	0.386	0.588	0.613	30
193	193	69.62	29.71	187.863	0.151	0.303	0.1	1.333	0.058	0.06	0.411	0.385	0.589	0.615	30
194	194	69.62	29.96	189.874	0.149	0.308	0.102	1.343	0.059	0.061	0.418	0.394	0.581	0.606	30
195	195	69.62	30.21	185.811	0.156	0.309	0.104	1.358	0.054	0.056	0.423	0.403	0.576	0.596	30
196	196	69.62	30.46	181.911	0.171	0.308	0.102	1.375	0.05	0.052	0.41	0.396	0.589	0.603	30
197	197	69.62	30.71	180.635	0.179	0.307	0.103	1.367	0.054	0.057	0.4	0.384	0.599	0.615	30
198	198	69.62	30.96	185.811	0.171	0.308	0.102	1.367	0.052	0.055	0.402	0.385	0.597	0.614	30
199	199	69.62	31.21	185.232	0.167	0.308	0.103	1.355	0.05	0.053	0.403	0.387	0.596	0.613	30
200	200	69.62	31.46	179.871	0.169	0.309	0.107	1.346	0.063	0.065	0.411	0.395	0.589	0.605	30
201	201	69.62	31.71	178.909	0.159	0.311	0.109	1.333	0.069	0.07	0.417	0.403	0.582	0.597	30
202	202	69.62	31.96	178.009	0.155	0.311	0.109	1.322	0.064	0.065	0.414	0.399	0.586	0.601	30
203	203	69.62	32.21	186.473	0.153	0.304	0.103	1.32	0.062	0.064	0.431	0.412	0.568	0.588	30
204	204	69.62	32.46	186.923	0.153	0.304	0.103	1.323	0.062	0.065	0.433	0.413	0.567	0.586	30
205	205	69.62	32.71	173.247	0.143	0.314	0.112	1.289	0.069	0.07	0.407	0.395	0.592	0.604	30
206	206	69.62	32.96	187.246	0.154	0.304	0.103	1.325	0.064	0.066	0.435	0.416	0.565	0.584	30
207	207	69.37	17.46	139.055	0.246	0.302	0.094	1.267	0.053	0.052	0.393	0.378	0.607	0.622	30
208	208	69.37	17.71	146.455	0.228	0.302	0.094	1.253	0.053	0.051	0.397	0.381	0.602	0.619	30
209	209	69.37	17.96	154.101	0.201	0.301	0.093	1.251	0.053	0.052	0.412	0.394	0.587	0.605	30
210	210	69.37	18.21	156.877	0.213	0.302	0.094	1.256	0.057	0.056	0.425	0.408	0.574	0.591	30
211	211	69.37	18.71	158.543	0.216	0.302	0.094	1.274	0.058	0.055	0.421	0.403	0.578	0.596	30
212	212	69.37	18.96	157.614	0.224	0.303	0.097	1.252	0.065	0.063	0.441	0.421	0.558	0.579	30
213	213	69.37	19.21	145.146	0.248	0.303	0.096	1.247	0.065	0.062	0.442	0.419	0.558	0.581	30
214	214	69.37	19.46	134.503	0.265	0.302	0.096	1.238	0.063	0.059	0.44	0.415	0.56	0.585	30
215	215	69.37	19.71	127.767	0.276	0.301	0.095	1.224	0.065	0.062	0.444	0.417	0.556	0.583	30
216	216	69.37	19.96	128.201	0.282	0.304	0.099	1.218	0.07	0.066	0.44	0.414	0.56	0.586	30
217	217	69.37	20.21	141.293	0.251	0.304	0.101	1.243	0.07	0.067	0.434	0.41	0.566	0.589	30
218	218	69.37	20.46	139.128	0.234	0.305	0.103	1.257	0.075	0.074	0.435	0.415	0.565	0.585	30
219	219	69.37	20.71	129.897	0.224	0.304	0.106	1.26	0.077	0.075	0.428	0.413	0.572	0.587	30
220	220	69.37	20.96	133.005	0.209	0.304	0.106	1.264	0.087	0.084	0.436	0.423	0.564	0.577	30
221	221	69.37	21.21	138.75	0.207	0.302	0.104	1.253	0.091	0.089	0.439	0.425	0.562	0.575	30
222	222	69.37	21.46	148.256	0.201	0.301	0.103	1.244	0.091	0.091	0.438	0.424	0.562	0.576	30
223	223	69.37	21.71	151.786	0.194	0.3	0.103	1.225	0.088	0.088	0.441	0.424	0.559	0.576	30
224	224	69.37	21.96	153.234	0.191	0.299	0.104	1.231	0.087	0.085	0.445	0.427	0.555	0.573	30
225	225	69.37	22.21	154.057	0.187	0.301	0.106	1.227	0.097	0.095	0.458	0.442	0.542	0.558	30
226	226	69.37	22.46	163.89	0.176	0.302	0.105	1.195	0.093	0.091	0.464	0.444	0.536	0.556	30
227	227	69.37	22.71	168.078	0.17	0.301	0.105	1.18	0.086	0.084	0.461	0.441	0.539	0.559	30
228	228	69.37	22.96	163.469	0.18	0.302	0.106	1.221	0.093	0.092	0.477	0.459	0.523	0.541	30
229	229	69.37	23.21	176.427	0.166	0.301	0.104	1.211	0.078	0.078	0.462	0.437	0.539	0.563	30
230	230	69.37	23.46	182.114	0.162	0.299	0.102	1.208	0.073	0.073	0.438	0.415	0.562	0.585	30
231	231	69.37	23.71	178.136	0.159	0.299	0.102	1.205	0.068	0.069	0.426	0.404	0.574	0.596	30
232	232	69.37	23.96	174.577	0.152	0.302	0.104	1.21	0.068	0.069	0.434	0.411	0.566	0.589	30
233	233	69.37	24.21	180.436	0.149	0.303	0.104	1.192	0.067	0.068	0.433	0.409	0.568	0.591	30
234	234	69.37	24.46	172.22	0.149	0.301	0.102	1.227	0.07	0.07	0.433	0.411	0.567	0.589	30
235	235	69.37	24.71	175.316	0.163	0.298	0.102	1.245	0.073	0.074	0.443	0.422	0.557	0.578	30
236	236	69.37	24.96	182.425	0.161	0.294	0.1	1.258	0.07	0.072	0.442	0.422	0.558	0.578	30
237	237	69.37	25.21	180.005	0.165	0.293	0.099	1.275	0.069	0.071	0.44	0.421	0.56	0.579	30
238	238	69.37	25.46	178.558	0.165	0.294	0.099	1.274	0.07	0.073	0.437	0.421	0.563	0.579	30
239	239	69.37	25.71	180.262	0.167	0.292	0.096	1.266	0.065	0.067	0.432	0.415	0.568	0.585	30
240	240	69.37	25.96	173.057	0.175	0.291	0.098	1.25	0.069	0.071	0.436	0.417	0.563	0.583	30
241	241	69.37	26.21	172.842	0.169	0.296	0.102	1.221	0.076	0.076	0.438	0.416	0.562	0.584	30
242	242	69.37	26.46	175.756	0.169	0.298	0.102	1.245	0.077	0.079	0.436	0.413	0.564	0.587	30
243	243	69.37	26.71	185.258	0.151	0.298	0.099	1.231	0.062	0.064	0.416	0.393	0.583	0.606	30
244	244	69.37	26.96	189.286	0.136	0.301	0.099	1.214	0.06	0.061	0.416	0.394	0.584	0.605	30
245	245	69.37	27.21	190.04	0.122	0.303	0.1	1.203	0.058	0.059	0.408	0.388	0.592	0.612	30
246	246	69.37	27.46	188.721	0.122	0.304	0.1	1.195	0.056	0.059	0.398	0.379	0.601	0.62	30
247	247	69.37	27.71	191.16	0.126	0.303	0.1	1.22	0.047	0.05	0.392	0.373	0.607	0.626	30
248	248	69.37	27.96	187.392	0.127	0.302	0.102	1.239	0.047	0.05	0.398	0.376	0.602	0.623	30
249	249	69.37	28.21	192.991	0.121	0.301	0.103	1.294	0.048	0.051	0.397	0.374	0.602	0.625	30
250	250	69.37	28.46	193.452	0.126	0.3	0.105	1.343	0.05	0.054	0.382	0.358	0.617	0.641	30
251	251	69.37	28.71	191.941	0.128	0.299	0.104	1.371	0.046	0.05	0.355	0.331	0.644	0.668	30
252	252	69.37	28.96	190.267	0.139	0.301	0.103	1.361	0.048	0.052	0.374	0.35	0.625	0.649	30
253	253	69.37	29.21	189.228	0.146	0.303	0.102	1.341	0.055	0.058	0.402	0.377	0.597	0.623	30
254	254	69.37	29.46	191.209	0.143	0.299	0.099	1.35	0.055	0.058	0.401	0.376	0.599	0.624	30
255	255	69.37	29.71	191.351	0.138	0.3	0.098	1.354	0.057	0.058	0.404	0.379	0.596	0.621	30
256	256	69.37	29.96	188.592	0.131	0.304	0.098	1.339	0.055	0.056	0.408	0.384	0.591	0.615	30
257	257	69.37	30.21	174.093	0.148	0.306	0.103	1.333	0.058	0.059	0.42	0.398	0.58	0.601	30
258	258	69.37	30.46	169.57	0.174	0.306	0.105	1.353	0.062	0.062	0.427	0.411	0.573	0.589	30
259	259	69.37	30.71	175.784	0.177	0.306	0.104	1.35	0.059	0.061	0.416	0.4	0.584	0.599	30
260	260	69.37	30.96	184.668	0.153	0.306	0.101	1.344	0.053	0.055	0.412	0.396	0.588	0.603	30
261	261	69.37	31.21	179.766	0.149	0.304	0.1	1.326	0.049	0.051	0.405	0.392	0.594	0.608	30
262	262	69.37	31.46	176.347	0.158	0.305	0.103	1.322	0.064	0.065	0.416	0.401	0.583	0.598	30
263	263	69.37	31.71	178.301	0.157	0.306	0.104	1.328	0.07	0.07	0.418	0.404	0.581	0.595	30
264	264	69.37	31.96	181.068	0.157	0.307	0.105	1.324	0.069	0.068	0.421	0.407	0.579	0.593	30
265	265	69.37	32.21	182.557	0.165	0.306	0.104	1.321	0.061	0.061	0.416	0.4	0.583	0.599	30
266	266	69.37	32.46	184.618	0.164	0.305	0.104	1.328	0.057	0.058	0.414	0.399	0.585	0.6	30
267	267	69.37	32.71	186.763	0.155	0.306	0.104	1.322	0.053	0.055	0.411	0.397	0.588	0.602	30
268	268	69.37	32.96	187.352	0.155	0.304	0.103	1.328	0.065	0.067	0.435	0.415	0.565	0.585	30
269	269	69.37	33.21	181.91	0.142	0.308	0.107	1.302	0.059	0.064	0.408	0.394	0.592	0.606	30
270	270	69.12	16.96	134.883	0.235	0.301	0.097	1.234	0.069	0.068	0.427	0.406	0.572	0.594	30
271	271	69.12	17.21	134.121	0.233	0.3	0.097	1.233	0.069	0.068	0.435	0.414	0.565	0.586	30
272	272	69.12	17.46	152.704	0.214	0.301	0.095	1.278	0.058	0.056	0.412	0.396	0.587	0.604	30
273	273	69.12	17.71	134.193	0.231	0.3	0.097	1.233	0.069	0.067	0.442	0.42	0.558	0.58	30
274	274	69.12	17.96	151.375	0.228	0.302	0.095	1.247	0.066	0.063	0.442	0.422	0.557	0.577	30
275	275	69.12	18.21	156.263	0.222	0.302	0.095	1.253	0.066	0.066	0.446	0.428	0.553	0.572	30
276	276	69.12	18.46	167.946	0.207	0.3	0.092	1.261	0.06	0.059	0.434	0.414	0.566	0.586	30
277	277	69.12	18.71	163.708	0.218	0.298	0.091	1.277	0.06	0.058	0.433	0.411	0.566	0.588	30
278	278	69.12	18.96	155.357	0.231	0.299	0.093	1.244	0.068	0.067	0.452	0.428	0.548	0.572	30
279	279	69.12	19.21	164.992	0.225	0.3	0.094	1.249	0.068	0.069	0.465	0.436	0.534	0.564	30
280	280	69.12	19.46	145.153	0.245	0.301	0.097	1.233	0.072	0.072	0.467	0.436	0.533	0.564	30
281	281	69.12	19.71	125.554	0.25	0.3	0.098	1.198	0.075	0.074	0.463	0.433	0.537	0.567	30
282	282	69.12	19.96	123.439	0.241	0.301	0.101	1.204	0.077	0.076	0.451	0.425	0.549	0.574	30
283	283	69.12	20.21	126.492	0.225	0.299	0.102	1.21	0.082	0.079	0.445	0.424	0.556	0.576	30
284	284	69.12	20.46	135.557	0.204	0.298	0.103	1.219	0.087	0.085	0.454	0.434	0.547	0.566	30
285	285	69.12	20.71	144.522	0.195	0.297	0.104	1.218	0.086	0.085	0.453	0.433	0.547	0.567	30
286	286	69.12	20.96	141.537	0.198	0.298	0.105	1.231	0.088	0.086	0.451	0.433	0.549	0.567	30
287	287	69.12	21.21	144.017	0.199	0.3	0.105	1.227	0.099	0.097	0.455	0.437	0.545	0.563	30
288	288	69.12	21.46	156.029	0.184	0.301	0.104	1.2	0.098	0.097	0.461	0.438	0.539	0.562	30
289	289	69.12	21.71	166.738	0.166	0.303	0.105	1.178	0.094	0.093	0.468	0.443	0.532	0.557	30
290	290	69.12	21.96	172.468	0.161	0.298	0.104	1.186	0.086	0.085	0.475	0.448	0.526	0.552	30
291	291	69.12	22.21	169.355	0.15	0.302	0.106	1.133	0.08	0.08	0.482	0.455	0.519	0.545	30
292	292	69.12	22.46	168.12	0.151	0.306	0.107	1.126	0.082	0.081	0.486	0.46	0.515	0.541	30
293	293	69.12	22.71	180.256	0.148	0.305	0.106	1.13	0.08	0.079	0.467	0.443	0.533	0.558	30
294	294	69.12	22.96	178.476	0.148	0.301	0.103	1.171	0.073	0.073	0.45	0.428	0.55	0.572	30
295	295	69.12	23.21	179.654	0.149	0.299	0.101	1.191	0.071	0.072	0.45	0.427	0.55	0.573	30
296	296	69.12	23.46	183.801	0.156	0.3	0.102	1.196	0.072	0.073	0.446	0.424	0.554	0.576	30
297	297	69.12	23.71	187.158	0.144	0.305	0.105	1.162	0.076	0.076	0.442	0.422	0.558	0.577	30
298	298	69.12	23.96	184.825	0.145	0.304	0.106	1.194	0.073	0.074	0.442	0.42	0.559	0.58	30
299	299	69.12	24.21	185.126	0.144	0.304	0.104	1.199	0.071	0.072	0.436	0.415	0.565	0.585	30
300	300	69.12	24.46	175.068	0.144	0.302	0.103	1.231	0.072	0.074	0.435	0.417	0.566	0.583	30
301	301	69.12	24.71	172.664	0.154	0.299	0.102	1.25	0.076	0.079	0.451	0.432	0.549	0.568	30
302	302	69.12	24.96	173.024	0.158	0.296	0.101	1.257	0.077	0.079	0.453	0.435	0.547	0.565	30
303	303	69.12	25.21	180.963	0.151	0.295	0.099	1.26	0.072	0.075	0.44	0.424	0.56	0.575	30
304	304	69.12	25.46	181.893	0.139	0.294	0.098	1.261	0.068	0.071	0.432	0.417	0.567	0.583	30
305	305	69.12	25.71	180.583	0.143	0.292	0.096	1.269	0.063	0.065	0.421	0.402	0.578	0.597	30
306	306	69.12	25.96	168.127	0.161	0.292	0.096	1.258	0.062	0.064	0.42	0.399	0.579	0.601	30
307	307	69.12	26.21	173.371	0.176	0.295	0.099	1.257	0.07	0.072	0.431	0.407	0.569	0.592	30
308	308	69.12	26.46	183.772	0.175	0.299	0.1	1.257	0.069	0.071	0.429	0.405	0.571	0.595	30
309	309	69.12	26.71	188.018	0.16	0.301	0.099	1.265	0.063	0.065	0.419	0.395	0.581	0.604	30
310	310	69.12	26.96	194.823	0.139	0.3	0.099	1.297	0.057	0.06	0.404	0.382	0.596	0.618	30
311	311	69.12	27.21	195.212	0.117	0.302	0.099	1.305	0.052	0.054	0.382	0.361	0.617	0.638	30
312	312	69.12	27.46	193.58	0.115	0.306	0.103	1.322	0.053	0.056	0.386	0.365	0.613	0.634	30
313	313	69.12	27.71	190.446	0.122	0.313	0.11	1.298	0.062	0.063	0.413	0.389	0.586	0.61	30
314	314	69.12	27.96	189.003	0.128	0.316	0.115	1.292	0.073	0.075	0.438	0.413	0.561	0.586	30
315	315	69.12	28.21	188.791	0.133	0.312	0.114	1.315	0.07	0.075	0.423	0.4	0.577	0.6	30
316	316	69.12	28.46	191.981	0.139	0.305	0.109	1.347	0.061	0.067	0.396	0.373	0.604	0.626	30
317	317	69.12	28.71	195.619	0.147	0.298	0.103	1.379	0.049	0.055	0.369	0.348	0.63	0.651	30
318	318	69.12	28.96	195.953	0.139	0.297	0.101	1.375	0.046	0.051	0.37	0.35	0.629	0.649	30
319	319	69.12	29.21	191.686	0.126	0.299	0.1	1.347	0.047	0.051	0.386	0.365	0.614	0.635	30
320	320	69.12	29.46	188.526	0.138	0.294	0.098	1.348	0.047	0.049	0.396	0.374	0.604	0.625	30
321	321	69.12	29.71	176.774	0.143	0.298	0.1	1.303	0.053	0.055	0.422	0.403	0.578	0.596	30
322	322	69.12	29.96	174.515	0.13	0.303	0.1	1.267	0.052	0.052	0.422	0.401	0.577	0.598	30
323	323	69.12	30.21	174.229	0.127	0.304	0.1	1.264	0.053	0.054	0.421	0.399	0.579	0.6	30
324	324	69.12	30.46	175.666	0.13	0.302	0.1	1.284	0.055	0.055	0.426	0.405	0.574	0.594	30
325	325	69.12	30.71	173.761	0.14	0.3	0.1	1.283	0.056	0.058	0.435	0.417	0.565	0.583	30
326	326	69.12	30.96	178.365	0.157	0.301	0.102	1.279	0.065	0.068	0.449	0.433	0.551	0.567	30
327	327	69.12	31.21	178.866	0.159	0.301	0.102	1.285	0.062	0.065	0.442	0.425	0.558	0.575	30
328	328	69.12	31.46	176.583	0.15	0.3	0.1	1.295	0.06	0.062	0.428	0.41	0.572	0.589	30
329	329	69.12	31.71	179.53	0.144	0.3	0.1	1.306	0.057	0.059	0.425	0.407	0.575	0.593	30
330	330	69.12	31.96	184.869	0.153	0.302	0.101	1.31	0.055	0.056	0.43	0.413	0.569	0.586	30
331	331	69.12	32.21	185.67	0.159	0.303	0.101	1.307	0.053	0.054	0.43	0.412	0.57	0.588	30
332	332	69.12	32.46	186.035	0.163	0.304	0.102	1.318	0.056	0.058	0.433	0.415	0.567	0.584	30
333	333	69.12	32.71	186.066	0.164	0.305	0.103	1.326	0.067	0.07	0.446	0.43	0.554	0.569	30
334	334	69.12	32.96	193.084	0.152	0.306	0.103	1.316	0.064	0.067	0.444	0.427	0.556	0.573	30
335	335	69.12	33.21	193.988	0.142	0.307	0.103	1.319	0.058	0.062	0.437	0.421	0.563	0.579	30
336	336	69.12	33.46	192.891	0.141	0.305	0.103	1.319	0.061	0.065	0.431	0.417	0.569	0.583	30
337	337	69.12	33.71	189.002	0.144	0.303	0.102	1.339	0.058	0.06	0.404	0.391	0.596	0.609	30
338	338	69.12	33.96	175.574	0.162	0.3	0.102	1.343	0.068	0.069	0.413	0.401	0.587	0.6	30
339	339	69.12	34.21	169.593	0.164	0.3	0.104	1.331	0.077	0.077	0.425	0.411	0.575	0.589	30
340	340	69.12	34.46	172.848	0.16	0.3	0.103	1.32	0.076	0.077	0.415	0.402	0.585	0.598	30
341	341	69.12	34.71	173.31	0.16	0.301	0.105	1.323	0.078	0.079	0.412	0.399	0.589	0.601	30
342	342	68.87	17.21	129.685	0.232	0.3	0.098	1.227	0.071	0.069	0.438	0.416	0.562	0.584	30
343	343	68.87	17.46	129.634	0.232	0.3	0.098	1.226	0.071	0.069	0.442	0.419	0.558	0.58	30
344	344	68.87	17.71	148.438	0.24	0.3	0.094	1.246	0.069	0.066	0.448	0.426	0.552	0.574	30
345	345	68.87	17.96	146.873	0.234	0.3	0.094	1.243	0.068	0.066	0.448	0.427	0.552	0.572	30
346	346	68.87	18.21	145.95	0.237	0.299	0.094	1.234	0.063	0.062	0.448	0.425	0.552	0.574	30
347	347	68.87	18.46	146.271	0.241	0.299	0.093	1.237	0.062	0.06	0.448	0.422	0.552	0.577	30
348	348	68.87	18.71	127.894	0.241	0.299	0.094	1.227	0.066	0.064	0.449	0.424	0.551	0.576	30
349	349	68.87	18.96	129.186	0.239	0.3	0.097	1.21	0.071	0.07	0.459	0.432	0.541	0.567	30
350	350	68.87	19.21	127.964	0.231	0.3	0.101	1.215	0.078	0.078	0.462	0.439	0.538	0.561	30
351	351	68.87	19.46	142.38	0.228	0.299	0.101	1.229	0.081	0.082	0.47	0.44	0.53	0.559	30
352	352	68.87	19.71	145.244	0.216	0.299	0.102	1.221	0.083	0.084	0.473	0.443	0.528	0.557	30
353	353	68.87	19.96	127.615	0.2	0.3	0.105	1.199	0.09	0.091	0.468	0.448	0.533	0.552	30
354	354	68.87	20.21	133.952	0.191	0.299	0.105	1.186	0.098	0.099	0.475	0.454	0.525	0.546	30
355	355	68.87	20.46	153.35	0.179	0.299	0.106	1.175	0.102	0.102	0.484	0.46	0.517	0.54	30
356	356	68.87	20.71	163.425	0.175	0.297	0.106	1.175	0.099	0.098	0.481	0.457	0.519	0.543	30
357	357	68.87	20.96	165.783	0.174	0.298	0.105	1.177	0.089	0.088	0.47	0.445	0.53	0.555	30
358	358	68.87	21.21	165.493	0.171	0.297	0.103	1.193	0.087	0.087	0.465	0.442	0.535	0.558	30
359	359	68.87	21.46	164.816	0.171	0.297	0.103	1.188	0.091	0.09	0.468	0.442	0.532	0.558	30
360	360	68.87	21.71	170.527	0.163	0.301	0.105	1.167	0.093	0.092	0.477	0.449	0.523	0.551	30
361	361	68.87	21.96	180.141	0.149	0.3	0.106	1.127	0.084	0.083	0.48	0.454	0.52	0.546	30
362	362	68.87	22.21	182.866	0.143	0.306	0.106	1.078	0.077	0.077	0.473	0.449	0.527	0.551	30
363	363	68.87	22.46	177.442	0.148	0.309	0.108	1.1	0.084	0.083	0.477	0.454	0.523	0.546	30
364	364	68.87	22.71	180.915	0.147	0.304	0.104	1.149	0.08	0.079	0.463	0.44	0.537	0.56	30
365	365	68.87	22.96	188.225	0.134	0.304	0.102	1.162	0.07	0.07	0.442	0.421	0.558	0.579	30
366	366	68.87	23.21	185.027	0.137	0.305	0.105	1.178	0.076	0.076	0.446	0.426	0.554	0.574	30
367	367	68.87	23.46	181.949	0.145	0.304	0.106	1.194	0.076	0.077	0.452	0.43	0.548	0.57	30
368	368	68.87	23.71	179.588	0.151	0.304	0.107	1.177	0.084	0.085	0.46	0.438	0.54	0.562	30
369	369	68.87	23.96	182.045	0.153	0.304	0.107	1.178	0.079	0.08	0.448	0.426	0.552	0.574	30
370	370	68.87	24.21	178.595	0.151	0.304	0.106	1.193	0.08	0.08	0.449	0.428	0.552	0.572	30
371	371	68.87	24.46	175.473	0.152	0.304	0.108	1.207	0.085	0.085	0.456	0.435	0.545	0.565	30
372	372	68.87	24.71	176.048	0.145	0.3	0.104	1.221	0.083	0.084	0.448	0.427	0.552	0.573	30
373	373	68.87	24.96	178.183	0.146	0.297	0.1	1.234	0.077	0.078	0.445	0.427	0.555	0.574	30
374	374	68.87	25.21	188.538	0.144	0.298	0.098	1.256	0.067	0.069	0.436	0.418	0.563	0.582	30
375	375	68.87	25.46	193.784	0.136	0.296	0.096	1.272	0.06	0.062	0.421	0.401	0.578	0.598	30
376	376	68.87	25.71	190.424	0.149	0.297	0.097	1.299	0.064	0.067	0.419	0.396	0.581	0.603	30
377	377	68.87	25.96	188.687	0.166	0.297	0.098	1.33	0.065	0.067	0.416	0.391	0.584	0.609	30
378	378	68.87	26.21	193.152	0.167	0.295	0.098	1.344	0.063	0.066	0.404	0.379	0.596	0.621	30
379	379	68.87	26.46	195.38	0.155	0.297	0.099	1.332	0.06	0.063	0.398	0.377	0.602	0.623	30
380	380	68.87	26.71	194.031	0.156	0.3	0.1	1.334	0.063	0.066	0.403	0.384	0.597	0.616	30
381	381	68.87	26.96	195.841	0.166	0.3	0.101	1.355	0.063	0.066	0.403	0.381	0.597	0.619	30
382	382	68.87	27.21	196.766	0.162	0.302	0.103	1.36	0.059	0.063	0.397	0.374	0.603	0.627	30
383	383	68.87	27.46	192.761	0.156	0.311	0.111	1.333	0.071	0.074	0.431	0.404	0.569	0.596	30
384	384	68.87	27.71	183.139	0.152	0.317	0.117	1.296	0.085	0.087	0.467	0.437	0.533	0.563	30
385	385	68.87	27.96	184.954	0.155	0.312	0.113	1.323	0.078	0.084	0.452	0.424	0.549	0.577	30
386	386	68.87	28.21	187.653	0.159	0.306	0.109	1.349	0.067	0.075	0.424	0.399	0.576	0.601	30
387	387	68.87	28.46	191.236	0.157	0.3	0.103	1.366	0.06	0.067	0.405	0.383	0.595	0.617	30
388	388	68.87	28.71	190.234	0.149	0.298	0.102	1.364	0.057	0.062	0.402	0.38	0.598	0.62	30
389	389	68.87	28.96	190.326	0.135	0.298	0.101	1.342	0.055	0.059	0.41	0.388	0.589	0.611	30
390	390	68.87	29.21	186.432	0.128	0.299	0.101	1.327	0.049	0.052	0.409	0.388	0.59	0.611	30
391	391	68.87	29.46	183.236	0.135	0.299	0.101	1.325	0.046	0.049	0.409	0.387	0.59	0.611	30
392	392	68.87	29.71	180.867	0.137	0.3	0.101	1.301	0.048	0.051	0.421	0.398	0.578	0.601	30
393	393	68.87	29.96	185.345	0.14	0.298	0.098	1.295	0.05	0.053	0.431	0.405	0.568	0.594	30
394	394	68.87	30.21	188.585	0.14	0.297	0.097	1.298	0.051	0.053	0.429	0.403	0.57	0.596	30
395	395	68.87	30.46	183.029	0.132	0.297	0.097	1.3	0.049	0.05	0.421	0.397	0.579	0.602	30
396	396	68.87	30.71	182.029	0.133	0.296	0.097	1.294	0.051	0.053	0.429	0.407	0.571	0.592	30
397	397	68.87	30.96	185.089	0.144	0.298	0.099	1.286	0.056	0.058	0.436	0.413	0.564	0.586	30
398	398	68.87	31.21	188.693	0.144	0.301	0.1	1.282	0.054	0.056	0.435	0.411	0.565	0.588	30
399	399	68.87	31.46	189.614	0.149	0.298	0.099	1.305	0.056	0.059	0.434	0.411	0.566	0.589	30
400	400	68.87	31.71	191.172	0.152	0.298	0.1	1.31	0.057	0.06	0.439	0.416	0.561	0.584	30
401	401	68.87	31.96	191.486	0.151	0.302	0.1	1.307	0.058	0.06	0.445	0.422	0.555	0.578	30
402	402	68.87	32.21	190.516	0.156	0.304	0.1	1.31	0.059	0.062	0.451	0.426	0.549	0.573	30
403	403	68.87	32.46	191.366	0.154	0.303	0.101	1.324	0.061	0.063	0.453	0.428	0.547	0.571	30
404	404	68.87	32.71	193.998	0.15	0.302	0.101	1.335	0.065	0.068	0.455	0.43	0.545	0.57	30
405	405	68.87	32.96	197.243	0.149	0.305	0.102	1.329	0.068	0.071	0.463	0.438	0.538	0.562	30
406	406	68.87	33.21	194.488	0.155	0.305	0.102	1.342	0.065	0.067	0.456	0.435	0.544	0.565	30
407	407	68.87	33.46	187.743	0.159	0.304	0.102	1.34	0.067	0.069	0.451	0.433	0.549	0.567	30
408	408	68.87	33.71	189.255	0.142	0.302	0.101	1.34	0.066	0.068	0.43	0.417	0.57	0.583	30
409	409	68.87	33.96	181.627	0.164	0.301	0.102	1.344	0.076	0.079	0.443	0.429	0.558	0.571	30
410	410	68.87	34.21	181.216	0.155	0.301	0.104	1.321	0.079	0.081	0.443	0.429	0.557	0.571	30
411	411	68.87	34.46	180.041	0.15	0.299	0.103	1.301	0.079	0.08	0.429	0.415	0.571	0.585	30
412	412	68.87	34.71	175.825	0.153	0.301	0.106	1.298	0.089	0.088	0.436	0.422	0.564	0.578	30
413	413	68.62	14.71	178.171	0.244	0.311	0.107	1.188	0.086	0.088	0.405	0.377	0.595	0.623	30
414	414	68.62	14.96	148.409	0.256	0.305	0.103	1.23	0.077	0.077	0.399	0.377	0.601	0.623	30
415	415	68.62	15.46	149.969	0.292	0.306	0.1	1.244	0.073	0.072	0.391	0.367	0.608	0.633	30
416	416	68.62	15.71	130.714	0.294	0.302	0.096	1.261	0.061	0.06	0.368	0.348	0.632	0.653	30
417	417	68.62	15.96	124.426	0.267	0.301	0.096	1.223	0.066	0.065	0.372	0.357	0.628	0.643	30
418	418	68.62	16.21	130.828	0.246	0.299	0.096	1.233	0.065	0.065	0.375	0.361	0.625	0.639	30
419	419	68.62	16.46	149.094	0.22	0.303	0.101	1.266	0.072	0.073	0.414	0.396	0.586	0.604	30
420	420	68.62	16.71	163.899	0.202	0.307	0.106	1.289	0.082	0.088	0.442	0.425	0.558	0.574	30
421	421	68.62	16.96	140.912	0.237	0.302	0.097	1.245	0.077	0.075	0.441	0.42	0.559	0.579	30
422	422	68.62	17.21	142.701	0.238	0.3	0.095	1.239	0.07	0.066	0.446	0.421	0.554	0.578	30
423	423	68.62	17.46	139.214	0.247	0.3	0.094	1.229	0.07	0.066	0.455	0.428	0.545	0.572	30
424	424	68.62	17.71	138.155	0.243	0.3	0.095	1.224	0.069	0.068	0.465	0.437	0.535	0.562	30
425	425	68.62	17.96	119.357	0.238	0.301	0.098	1.209	0.075	0.077	0.472	0.45	0.528	0.55	30
426	426	68.62	18.21	118.494	0.237	0.3	0.098	1.198	0.072	0.071	0.47	0.445	0.53	0.555	30
427	427	68.62	18.46	120.23	0.238	0.299	0.099	1.195	0.073	0.071	0.466	0.439	0.535	0.561	30
428	428	68.62	18.71	119.733	0.218	0.299	0.1	1.202	0.078	0.077	0.474	0.449	0.527	0.551	30
429	429	68.62	18.96	120.051	0.203	0.3	0.102	1.207	0.083	0.082	0.474	0.453	0.526	0.547	30
430	430	68.62	19.21	123.043	0.208	0.3	0.104	1.21	0.085	0.084	0.471	0.449	0.529	0.551	30
431	431	68.62	19.46	125.961	0.211	0.299	0.104	1.206	0.087	0.087	0.469	0.444	0.531	0.556	30
432	432	68.62	19.71	147.633	0.199	0.297	0.103	1.212	0.085	0.086	0.464	0.437	0.536	0.563	30
433	433	68.62	19.96	151.259	0.186	0.295	0.103	1.203	0.084	0.085	0.46	0.436	0.54	0.564	30
434	434	68.62	20.21	154.92	0.178	0.297	0.105	1.184	0.095	0.096	0.471	0.448	0.53	0.552	30
435	435	68.62	20.46	168.734	0.17	0.3	0.106	1.172	0.1	0.098	0.477	0.453	0.523	0.548	30
436	436	68.62	20.71	174.783	0.163	0.3	0.106	1.161	0.096	0.094	0.477	0.451	0.523	0.549	30
437	437	68.62	20.96	175.467	0.157	0.3	0.106	1.167	0.092	0.09	0.475	0.449	0.526	0.551	30
438	438	68.62	21.21	174.702	0.153	0.298	0.105	1.179	0.088	0.087	0.472	0.446	0.529	0.554	30
439	439	68.62	21.46	175.863	0.163	0.296	0.103	1.186	0.083	0.082	0.468	0.439	0.532	0.561	30
440	440	68.62	21.71	180.012	0.165	0.299	0.102	1.178	0.077	0.076	0.465	0.435	0.535	0.565	30
441	441	68.62	21.96	182.859	0.155	0.301	0.103	1.154	0.07	0.07	0.455	0.428	0.545	0.572	30
442	442	68.62	22.21	189.851	0.141	0.305	0.102	1.116	0.068	0.068	0.442	0.419	0.557	0.581	30
443	443	68.62	22.46	192.568	0.135	0.309	0.103	1.097	0.072	0.072	0.444	0.423	0.556	0.577	30
444	444	68.62	22.71	189.819	0.139	0.305	0.103	1.133	0.071	0.072	0.442	0.419	0.558	0.58	30
445	445	68.62	22.96	191.237	0.131	0.305	0.101	1.142	0.067	0.067	0.433	0.41	0.567	0.589	30
446	446	68.62	23.21	189.844	0.129	0.306	0.103	1.153	0.068	0.068	0.433	0.412	0.566	0.587	30
447	447	68.62	23.46	185.173	0.13	0.303	0.102	1.175	0.063	0.064	0.429	0.407	0.571	0.592	30
448	448	68.62	23.71	179.012	0.148	0.3	0.101	1.178	0.064	0.065	0.427	0.403	0.573	0.597	30
449	449	68.62	23.96	180.29	0.148	0.303	0.101	1.154	0.06	0.06	0.412	0.391	0.587	0.609	30
450	450	68.62	24.21	173.806	0.147	0.298	0.1	1.187	0.059	0.06	0.416	0.394	0.584	0.605	30
451	451	68.62	24.46	177.177	0.145	0.298	0.102	1.217	0.065	0.066	0.425	0.403	0.575	0.597	30
452	452	68.62	24.71	177.262	0.14	0.297	0.102	1.22	0.069	0.071	0.427	0.406	0.572	0.593	30
453	453	68.62	24.96	183.378	0.141	0.298	0.101	1.209	0.069	0.071	0.433	0.414	0.567	0.585	30
454	454	68.62	25.21	191.796	0.133	0.299	0.098	1.235	0.055	0.058	0.42	0.401	0.579	0.598	30
455	455	68.62	25.46	192.891	0.134	0.298	0.097	1.249	0.052	0.054	0.404	0.385	0.595	0.613	30
456	456	68.62	25.71	187.38	0.155	0.298	0.099	1.268	0.062	0.064	0.42	0.401	0.579	0.599	30
457	457	68.62	25.96	185.746	0.169	0.3	0.1	1.28	0.067	0.069	0.431	0.41	0.569	0.59	30
458	458	68.62	26.21	188.935	0.16	0.298	0.099	1.289	0.062	0.065	0.418	0.397	0.581	0.603	30
459	459	68.62	26.46	188.612	0.157	0.298	0.1	1.288	0.062	0.065	0.416	0.396	0.583	0.603	30
460	460	68.62	26.71	187.657	0.168	0.3	0.1	1.299	0.065	0.067	0.424	0.404	0.576	0.596	30
461	461	68.62	26.96	192.149	0.175	0.3	0.101	1.334	0.065	0.069	0.417	0.395	0.583	0.604	30
462	462	68.62	27.21	193.254	0.176	0.3	0.102	1.353	0.062	0.065	0.408	0.385	0.592	0.614	30
463	463	68.62	27.46	192.941	0.167	0.301	0.102	1.352	0.062	0.065	0.413	0.391	0.587	0.609	30
464	464	68.62	27.71	188.785	0.158	0.302	0.102	1.347	0.061	0.064	0.416	0.393	0.584	0.606	30
465	465	68.62	27.96	185.94	0.16	0.3	0.102	1.357	0.06	0.064	0.412	0.386	0.588	0.613	30
466	466	68.62	28.21	184.226	0.17	0.3	0.102	1.355	0.063	0.067	0.415	0.392	0.585	0.608	30
467	467	68.62	28.46	189.534	0.167	0.301	0.102	1.357	0.068	0.072	0.427	0.402	0.573	0.599	30
468	468	68.62	28.71	186.47	0.148	0.3	0.102	1.354	0.065	0.068	0.429	0.404	0.571	0.596	30
469	469	68.62	28.96	188.514	0.151	0.299	0.101	1.353	0.064	0.067	0.438	0.412	0.562	0.588	30
470	470	68.62	29.21	191.837	0.148	0.3	0.1	1.348	0.06	0.062	0.435	0.41	0.565	0.59	30
471	471	68.62	29.46	192.257	0.144	0.299	0.1	1.348	0.056	0.058	0.425	0.399	0.575	0.6	30
472	472	68.62	29.71	194.35	0.156	0.299	0.099	1.347	0.061	0.064	0.446	0.415	0.553	0.584	30
473	473	68.62	29.96	193.879	0.159	0.299	0.098	1.334	0.065	0.068	0.458	0.425	0.542	0.574	30
474	474	68.62	30.21	192.328	0.151	0.299	0.098	1.322	0.064	0.067	0.455	0.423	0.545	0.576	30
475	475	68.62	30.46	192.336	0.141	0.299	0.098	1.33	0.058	0.061	0.44	0.411	0.56	0.589	30
476	476	68.62	30.71	191.746	0.141	0.301	0.1	1.334	0.059	0.062	0.445	0.414	0.555	0.586	30
477	477	68.62	30.96	190.707	0.144	0.304	0.104	1.322	0.064	0.068	0.451	0.418	0.549	0.582	30
478	478	68.62	31.21	188.847	0.137	0.307	0.106	1.306	0.067	0.07	0.448	0.419	0.552	0.581	30
479	479	68.62	31.46	193.045	0.131	0.304	0.103	1.322	0.059	0.062	0.438	0.412	0.562	0.588	30
480	480	68.62	31.71	194.549	0.131	0.302	0.101	1.32	0.059	0.063	0.433	0.409	0.567	0.59	30
481	481	68.62	31.96	195.272	0.137	0.301	0.099	1.324	0.063	0.066	0.44	0.415	0.56	0.585	30
482	482	68.62	32.21	191.571	0.151	0.301	0.099	1.329	0.066	0.069	0.442	0.416	0.558	0.584	30
483	483	68.62	32.46	189.473	0.166	0.3	0.1	1.322	0.072	0.075	0.446	0.419	0.555	0.581	30
484	484	68.62	32.71	190.6	0.162	0.301	0.1	1.333	0.072	0.073	0.445	0.417	0.556	0.583	30
485	485	68.62	32.96	195.227	0.159	0.301	0.101	1.345	0.068	0.069	0.439	0.41	0.562	0.59	30
486	486	68.62	33.21	193.289	0.155	0.3	0.1	1.364	0.064	0.066	0.44	0.413	0.56	0.587	30
487	487	68.62	33.46	185.374	0.152	0.302	0.102	1.342	0.065	0.067	0.446	0.423	0.554	0.577	30
488	488	68.62	33.71	183.341	0.15	0.304	0.103	1.323	0.072	0.074	0.451	0.432	0.55	0.568	30
489	489	68.62	33.96	182.746	0.16	0.305	0.103	1.299	0.078	0.08	0.459	0.441	0.541	0.56	30
490	490	68.62	34.21	180.754	0.154	0.304	0.104	1.283	0.08	0.082	0.456	0.437	0.544	0.563	30
491	491	68.62	34.46	178.962	0.156	0.302	0.104	1.29	0.081	0.082	0.453	0.435	0.547	0.565	30
492	492	68.62	34.71	177.677	0.16	0.302	0.105	1.288	0.084	0.084	0.449	0.433	0.551	0.567	30
493	493	68.37	14.46	156.629	0.255	0.309	0.107	1.225	0.084	0.084	0.415	0.39	0.585	0.61	30
494	494	68.37	14.71	159.721	0.305	0.308	0.102	1.195	0.085	0.086	0.41	0.383	0.59	0.617	30
495	495	68.37	14.96	153.422	0.32	0.307	0.101	1.185	0.083	0.084	0.414	0.391	0.586	0.609	30
496	496	68.37	15.21	143.349	0.254	0.305	0.103	1.232	0.076	0.076	0.403	0.381	0.596	0.619	30
497	497	68.37	15.46	145.105	0.291	0.305	0.098	1.235	0.076	0.075	0.4	0.377	0.6	0.623	30
498	498	68.37	15.71	133.823	0.275	0.3	0.096	1.235	0.069	0.068	0.372	0.353	0.628	0.648	30
499	499	68.37	16.21	144.639	0.236	0.3	0.099	1.256	0.073	0.073	0.392	0.372	0.608	0.628	30
500	500	68.37	16.46	130.025	0.243	0.302	0.1	1.225	0.073	0.071	0.422	0.399	0.578	0.601	30
501	501	68.37	16.71	156.65	0.221	0.303	0.101	1.274	0.071	0.071	0.427	0.405	0.572	0.595	30
502	502	68.37	17.21	138.321	0.248	0.3	0.096	1.228	0.072	0.067	0.45	0.421	0.55	0.579	30
503	503	68.37	17.46	131.732	0.25	0.298	0.095	1.224	0.065	0.062	0.441	0.41	0.559	0.59	30
504	504	68.37	17.71	120.293	0.248	0.298	0.095	1.21	0.063	0.061	0.442	0.413	0.558	0.586	30
505	505	68.37	17.96	111.38	0.225	0.295	0.098	1.214	0.064	0.063	0.438	0.414	0.562	0.585	30
506	506	68.37	18.21	112.691	0.214	0.294	0.099	1.221	0.071	0.07	0.453	0.432	0.547	0.568	30
507	507	68.37	18.46	123.517	0.216	0.296	0.101	1.206	0.079	0.077	0.474	0.448	0.526	0.552	30
508	508	68.37	18.71	139.266	0.213	0.298	0.103	1.221	0.085	0.084	0.48	0.45	0.52	0.55	30
509	509	68.37	18.96	147.121	0.203	0.299	0.105	1.239	0.089	0.089	0.478	0.45	0.522	0.55	30
510	510	68.37	19.21	138.605	0.208	0.299	0.105	1.23	0.088	0.088	0.471	0.443	0.53	0.557	30
511	511	68.37	19.46	138.414	0.206	0.3	0.105	1.224	0.088	0.088	0.469	0.439	0.531	0.561	30
512	512	68.37	19.71	162.967	0.188	0.299	0.103	1.221	0.077	0.077	0.46	0.428	0.54	0.572	30
513	513	68.37	19.96	177.918	0.168	0.297	0.102	1.207	0.066	0.067	0.446	0.417	0.554	0.583	30
514	514	68.37	20.21	181.54	0.163	0.295	0.102	1.191	0.074	0.073	0.454	0.427	0.546	0.573	30
515	515	68.37	20.46	181.136	0.161	0.3	0.106	1.159	0.088	0.086	0.475	0.448	0.525	0.552	30
516	516	68.37	20.71	180.496	0.155	0.302	0.107	1.159	0.091	0.088	0.475	0.448	0.526	0.552	30
517	517	68.37	20.96	184.348	0.152	0.302	0.106	1.135	0.085	0.082	0.472	0.446	0.529	0.554	30
518	518	68.37	21.21	185.874	0.149	0.3	0.103	1.132	0.076	0.075	0.455	0.431	0.545	0.569	30
519	519	68.37	21.46	189.467	0.148	0.301	0.103	1.141	0.072	0.071	0.45	0.425	0.55	0.575	30
520	520	68.37	21.71	187.63	0.155	0.301	0.102	1.175	0.069	0.069	0.455	0.428	0.545	0.572	30
521	521	68.37	21.96	193.919	0.145	0.301	0.1	1.16	0.055	0.055	0.426	0.4	0.574	0.599	30
522	522	68.37	22.21	197.648	0.128	0.306	0.101	1.139	0.054	0.055	0.414	0.39	0.585	0.609	30
523	523	68.37	22.46	197.401	0.128	0.306	0.101	1.147	0.055	0.056	0.416	0.393	0.584	0.606	30
524	524	68.37	22.71	198.704	0.122	0.303	0.098	1.165	0.047	0.048	0.397	0.375	0.602	0.625	30
525	525	68.37	22.96	197.949	0.118	0.304	0.098	1.165	0.053	0.053	0.402	0.378	0.597	0.621	30
526	526	68.37	23.21	194.255	0.117	0.304	0.1	1.169	0.057	0.057	0.405	0.381	0.594	0.618	30
527	527	68.37	23.46	192.271	0.123	0.3	0.097	1.206	0.054	0.053	0.409	0.384	0.59	0.615	30
528	528	68.37	23.71	189.174	0.147	0.299	0.097	1.233	0.06	0.06	0.422	0.394	0.578	0.605	30
529	529	68.37	23.96	189.104	0.141	0.299	0.098	1.209	0.054	0.055	0.404	0.38	0.595	0.619	30
530	530	68.37	24.21	189.398	0.124	0.298	0.097	1.206	0.045	0.046	0.385	0.363	0.614	0.636	30
531	531	68.37	24.46	190.484	0.125	0.296	0.096	1.224	0.044	0.046	0.391	0.37	0.607	0.629	30
532	532	68.37	24.71	186.667	0.127	0.297	0.095	1.232	0.05	0.052	0.402	0.383	0.597	0.616	30
533	533	68.37	24.96	187.184	0.136	0.297	0.096	1.224	0.056	0.059	0.414	0.396	0.585	0.604	30
534	534	68.37	25.21	193	0.138	0.294	0.094	1.243	0.054	0.056	0.408	0.389	0.591	0.61	30
535	535	68.37	25.46	193.58	0.13	0.296	0.095	1.239	0.053	0.055	0.393	0.376	0.606	0.623	30
536	536	68.37	25.71	193.754	0.131	0.297	0.095	1.235	0.055	0.057	0.396	0.379	0.604	0.62	30
537	537	68.37	25.96	189.327	0.129	0.299	0.097	1.23	0.055	0.057	0.398	0.381	0.601	0.618	30
538	538	68.37	26.21	189.523	0.136	0.298	0.098	1.257	0.056	0.058	0.397	0.378	0.602	0.621	30
539	539	68.37	26.46	191.78	0.137	0.299	0.1	1.261	0.055	0.058	0.395	0.376	0.605	0.623	30
540	540	68.37	26.71	189.251	0.137	0.301	0.101	1.254	0.053	0.056	0.393	0.376	0.606	0.623	30
541	541	68.37	26.96	185.298	0.141	0.301	0.101	1.276	0.054	0.057	0.396	0.381	0.603	0.618	30
542	542	68.37	27.21	178.851	0.147	0.301	0.101	1.295	0.055	0.057	0.394	0.379	0.605	0.62	30
543	543	68.37	27.46	173.187	0.169	0.299	0.1	1.323	0.064	0.066	0.409	0.391	0.591	0.609	30
544	544	68.37	27.71	181.358	0.175	0.3	0.101	1.348	0.069	0.071	0.418	0.395	0.582	0.605	30
545	545	68.37	27.96	182.427	0.175	0.3	0.101	1.364	0.07	0.072	0.421	0.395	0.58	0.605	30
546	546	68.37	28.21	177.344	0.183	0.302	0.102	1.356	0.078	0.081	0.434	0.41	0.566	0.59	30
547	547	68.37	28.46	181.493	0.181	0.3	0.102	1.361	0.08	0.083	0.441	0.415	0.56	0.586	30
548	548	68.37	28.71	182.183	0.172	0.299	0.102	1.361	0.081	0.084	0.443	0.416	0.557	0.584	30
549	549	68.37	28.96	181.506	0.18	0.3	0.102	1.354	0.081	0.083	0.453	0.426	0.548	0.574	30
550	550	68.37	29.21	188.484	0.172	0.298	0.099	1.357	0.073	0.075	0.446	0.419	0.555	0.581	30
551	551	68.37	29.46	189.484	0.161	0.298	0.099	1.351	0.066	0.068	0.439	0.413	0.561	0.587	30
552	552	68.37	29.71	192.11	0.173	0.3	0.099	1.352	0.068	0.07	0.452	0.42	0.549	0.58	30
553	553	68.37	29.96	188.465	0.176	0.301	0.1	1.326	0.074	0.076	0.459	0.428	0.541	0.572	30
554	554	68.37	30.21	191.362	0.171	0.3	0.098	1.326	0.071	0.072	0.457	0.425	0.543	0.575	30
555	555	68.37	30.46	189.986	0.159	0.301	0.098	1.328	0.067	0.068	0.461	0.427	0.54	0.573	30
556	556	68.37	30.71	187.177	0.166	0.302	0.101	1.329	0.07	0.072	0.465	0.43	0.535	0.571	30
557	557	68.37	30.96	181.776	0.177	0.305	0.104	1.313	0.084	0.088	0.481	0.446	0.519	0.555	30
558	558	68.37	31.21	188.945	0.161	0.305	0.103	1.329	0.079	0.082	0.469	0.436	0.531	0.564	30
559	559	68.37	31.46	192.014	0.137	0.304	0.101	1.325	0.073	0.076	0.453	0.427	0.548	0.573	30
560	560	68.37	31.71	191.888	0.137	0.304	0.101	1.328	0.067	0.07	0.438	0.412	0.563	0.588	30
561	561	68.37	31.96	192.827	0.156	0.302	0.1	1.34	0.066	0.068	0.437	0.408	0.563	0.592	30
562	562	68.37	32.21	189.596	0.157	0.301	0.1	1.34	0.067	0.069	0.436	0.406	0.564	0.593	30
563	563	68.37	32.46	187.911	0.169	0.3	0.101	1.33	0.074	0.076	0.439	0.412	0.561	0.588	30
564	564	68.37	32.71	189.548	0.168	0.301	0.101	1.348	0.072	0.074	0.432	0.405	0.569	0.594	30
565	565	68.37	32.96	191.581	0.161	0.301	0.101	1.351	0.068	0.071	0.427	0.402	0.573	0.598	30
566	566	68.37	33.21	188.897	0.148	0.302	0.103	1.346	0.065	0.068	0.43	0.405	0.57	0.594	30
567	567	68.37	33.46	187.007	0.145	0.302	0.102	1.343	0.062	0.064	0.439	0.413	0.562	0.587	30
568	568	68.37	33.71	180.638	0.162	0.302	0.103	1.327	0.069	0.071	0.441	0.417	0.559	0.583	30
569	569	68.37	33.96	181.865	0.178	0.302	0.104	1.308	0.08	0.081	0.451	0.428	0.549	0.572	30
570	570	68.37	34.21	185.698	0.159	0.301	0.103	1.289	0.073	0.074	0.437	0.414	0.563	0.585	30
571	571	68.37	34.46	182.782	0.142	0.303	0.104	1.268	0.066	0.067	0.428	0.407	0.572	0.593	30
572	572	68.37	34.71	182.31	0.144	0.302	0.104	1.28	0.066	0.067	0.423	0.404	0.577	0.595	30
573	573	68.12	15.46	160.005	0.208	0.307	0.106	1.244	0.088	0.09	0.422	0.402	0.578	0.598	30
574	574	68.12	15.71	151.628	0.205	0.303	0.103	1.254	0.08	0.082	0.413	0.393	0.587	0.607	30
575	575	68.12	15.96	155.414	0.209	0.298	0.099	1.276	0.069	0.069	0.39	0.37	0.61	0.63	30
576	576	68.12	16.46	134.884	0.26	0.301	0.098	1.233	0.073	0.069	0.418	0.393	0.582	0.606	30
577	577	68.12	16.71	117.283	0.26	0.3	0.095	1.215	0.067	0.064	0.418	0.394	0.582	0.605	30
578	578	68.12	16.96	101.856	0.252	0.301	0.099	1.182	0.076	0.073	0.437	0.413	0.563	0.586	30
579	579	68.12	17.21	103.974	0.249	0.301	0.099	1.175	0.079	0.076	0.448	0.424	0.552	0.576	30
580	580	68.12	17.46	110.882	0.234	0.297	0.096	1.195	0.071	0.069	0.439	0.412	0.561	0.587	30
581	581	68.12	17.71	103.928	0.23	0.296	0.099	1.204	0.072	0.071	0.44	0.418	0.56	0.582	30
582	582	68.12	17.96	100.567	0.231	0.298	0.103	1.211	0.078	0.077	0.448	0.433	0.551	0.567	30
583	583	68.12	18.21	104.385	0.229	0.296	0.104	1.225	0.083	0.081	0.454	0.438	0.546	0.562	30
584	584	68.12	18.46	113.406	0.241	0.296	0.104	1.217	0.084	0.081	0.458	0.434	0.542	0.566	30
585	585	68.12	18.71	122.907	0.236	0.295	0.106	1.227	0.089	0.086	0.457	0.431	0.543	0.569	30
586	586	68.12	18.96	135.512	0.218	0.295	0.105	1.237	0.093	0.091	0.463	0.438	0.538	0.562	30
587	587	68.12	19.21	142.06	0.205	0.297	0.105	1.234	0.094	0.092	0.469	0.443	0.531	0.557	30
588	588	68.12	19.46	150.549	0.191	0.297	0.104	1.232	0.092	0.091	0.469	0.442	0.531	0.558	30
589	589	68.12	19.71	172.785	0.177	0.299	0.102	1.208	0.078	0.078	0.464	0.434	0.536	0.567	30
590	590	68.12	19.96	191.684	0.162	0.3	0.101	1.194	0.065	0.066	0.458	0.426	0.543	0.574	30
591	591	68.12	20.21	191.091	0.162	0.297	0.1	1.238	0.064	0.065	0.459	0.425	0.541	0.574	30
592	592	68.12	20.46	190.348	0.157	0.298	0.1	1.228	0.069	0.069	0.471	0.439	0.529	0.561	30
593	593	68.12	20.71	188.423	0.158	0.299	0.1	1.203	0.068	0.068	0.456	0.428	0.543	0.571	30
594	594	68.12	20.96	189.089	0.155	0.299	0.099	1.176	0.067	0.067	0.445	0.419	0.555	0.58	30
595	595	68.12	21.21	190.679	0.156	0.299	0.099	1.17	0.067	0.067	0.44	0.418	0.56	0.582	30
596	596	68.12	21.46	196.416	0.146	0.301	0.099	1.176	0.059	0.059	0.423	0.402	0.576	0.598	30
597	597	68.12	21.71	196.217	0.136	0.301	0.097	1.169	0.049	0.049	0.403	0.38	0.596	0.619	30
598	598	68.12	21.96	197.03	0.137	0.301	0.097	1.167	0.049	0.048	0.403	0.38	0.596	0.619	30
599	599	68.12	22.21	197.246	0.137	0.302	0.098	1.146	0.055	0.055	0.41	0.389	0.589	0.61	30
600	600	68.12	22.46	195.097	0.141	0.3	0.097	1.165	0.052	0.054	0.408	0.388	0.591	0.612	30
601	601	68.12	22.71	196.17	0.138	0.297	0.095	1.209	0.049	0.051	0.399	0.378	0.6	0.622	30
602	602	68.12	22.96	199.607	0.127	0.299	0.095	1.206	0.05	0.052	0.38	0.358	0.62	0.641	30
603	603	68.12	23.21	199	0.123	0.299	0.095	1.234	0.057	0.057	0.395	0.37	0.605	0.63	30
604	604	68.12	23.46	196.677	0.125	0.3	0.096	1.245	0.064	0.064	0.427	0.4	0.572	0.599	30
605	605	68.12	23.71	191.603	0.138	0.3	0.097	1.258	0.069	0.07	0.441	0.414	0.559	0.586	30
606	606	68.12	23.96	191.137	0.156	0.297	0.097	1.276	0.071	0.074	0.443	0.416	0.557	0.584	30
607	607	68.12	24.21	195.033	0.14	0.295	0.095	1.277	0.06	0.064	0.417	0.392	0.582	0.608	30
608	608	68.12	24.46	197.892	0.124	0.297	0.094	1.248	0.058	0.06	0.416	0.395	0.583	0.605	30
609	609	68.12	24.71	193.485	0.115	0.3	0.095	1.231	0.055	0.057	0.413	0.393	0.586	0.606	30
610	610	68.12	24.96	191.077	0.122	0.299	0.095	1.234	0.055	0.057	0.408	0.387	0.592	0.612	30
611	611	68.12	25.21	193.653	0.124	0.3	0.096	1.237	0.064	0.066	0.426	0.405	0.574	0.595	30
612	612	68.12	25.46	193.589	0.126	0.298	0.094	1.241	0.062	0.064	0.422	0.403	0.578	0.597	30
613	613	68.12	25.71	194.672	0.129	0.297	0.094	1.245	0.061	0.064	0.417	0.398	0.583	0.602	30
614	614	68.12	25.96	191.665	0.121	0.301	0.096	1.222	0.06	0.063	0.409	0.393	0.591	0.607	30
615	615	68.12	26.21	187.46	0.116	0.304	0.099	1.227	0.061	0.063	0.412	0.395	0.587	0.605	30
616	616	68.12	26.46	185.261	0.116	0.304	0.101	1.237	0.06	0.062	0.411	0.394	0.589	0.606	30
617	617	68.12	26.71	178.971	0.115	0.31	0.107	1.215	0.06	0.062	0.41	0.393	0.59	0.606	30
618	618	68.12	26.96	178.728	0.12	0.306	0.104	1.232	0.055	0.058	0.4	0.385	0.6	0.615	30
619	619	68.12	27.21	178.939	0.13	0.303	0.101	1.259	0.056	0.058	0.401	0.383	0.598	0.616	30
620	620	68.12	27.46	173.861	0.136	0.306	0.104	1.253	0.066	0.067	0.424	0.404	0.576	0.596	30
621	621	68.12	27.71	176.11	0.135	0.306	0.103	1.244	0.07	0.07	0.431	0.41	0.569	0.59	30
622	622	68.12	27.96	173.942	0.145	0.302	0.1	1.268	0.066	0.067	0.426	0.403	0.574	0.597	30
623	623	68.12	28.21	171.778	0.159	0.303	0.101	1.265	0.073	0.075	0.436	0.413	0.564	0.587	30
624	624	68.12	28.46	173.008	0.17	0.299	0.099	1.306	0.074	0.076	0.436	0.412	0.564	0.588	30
625	625	68.12	28.71	173.886	0.169	0.298	0.099	1.323	0.074	0.074	0.431	0.406	0.569	0.593	30
626	626	68.12	28.96	173.365	0.164	0.298	0.1	1.319	0.073	0.073	0.433	0.408	0.568	0.592	30
627	627	68.12	29.21	180.689	0.158	0.296	0.098	1.337	0.069	0.071	0.434	0.408	0.566	0.591	30
628	628	68.12	29.46	188.087	0.154	0.295	0.096	1.354	0.065	0.068	0.438	0.412	0.562	0.588	30
629	629	68.12	29.71	184.775	0.151	0.297	0.097	1.347	0.065	0.068	0.445	0.419	0.556	0.581	30
630	630	68.12	29.96	182.558	0.148	0.299	0.097	1.337	0.06	0.064	0.441	0.418	0.559	0.582	30
631	631	68.12	30.21	186.887	0.146	0.299	0.096	1.338	0.058	0.062	0.439	0.415	0.561	0.585	30
632	632	68.12	30.46	184.954	0.144	0.3	0.098	1.334	0.059	0.062	0.438	0.412	0.562	0.588	30
633	633	68.12	30.71	183.95	0.142	0.301	0.098	1.322	0.058	0.061	0.442	0.416	0.558	0.584	30
634	634	68.12	30.96	181.827	0.15	0.3	0.099	1.307	0.065	0.069	0.457	0.429	0.544	0.571	30
635	635	68.12	31.21	180.035	0.164	0.299	0.099	1.318	0.072	0.075	0.464	0.434	0.536	0.566	30
636	636	68.12	31.46	172.315	0.179	0.301	0.101	1.319	0.082	0.084	0.463	0.435	0.537	0.565	30
637	637	68.12	31.71	178.13	0.178	0.302	0.101	1.312	0.08	0.082	0.452	0.424	0.549	0.576	30
638	638	68.12	31.96	180.643	0.17	0.3	0.101	1.305	0.073	0.075	0.443	0.414	0.557	0.585	30
639	639	68.12	32.21	182.737	0.169	0.301	0.101	1.31	0.07	0.072	0.441	0.411	0.559	0.588	30
640	640	68.12	32.46	170.128	0.183	0.303	0.103	1.318	0.087	0.09	0.452	0.427	0.548	0.573	30
641	641	68.12	32.71	187.82	0.167	0.304	0.104	1.338	0.075	0.078	0.433	0.41	0.567	0.591	30
642	642	68.12	32.96	191.281	0.15	0.304	0.104	1.334	0.069	0.073	0.429	0.407	0.572	0.593	30
643	643	68.12	33.21	192.784	0.138	0.303	0.104	1.348	0.068	0.072	0.431	0.407	0.57	0.594	30
644	644	68.12	33.46	192.668	0.142	0.301	0.102	1.35	0.063	0.066	0.433	0.407	0.567	0.593	30
645	645	68.12	33.71	188.58	0.149	0.3	0.101	1.336	0.066	0.067	0.43	0.405	0.57	0.595	30
646	646	68.12	33.96	185.556	0.155	0.298	0.102	1.322	0.071	0.073	0.427	0.405	0.573	0.594	30
647	647	68.12	34.21	193.266	0.154	0.299	0.102	1.314	0.069	0.07	0.433	0.41	0.567	0.59	30
648	648	68.12	34.46	195.202	0.143	0.301	0.103	1.312	0.065	0.068	0.429	0.408	0.571	0.592	30
649	649	68.12	34.71	191.165	0.139	0.303	0.104	1.297	0.062	0.065	0.421	0.403	0.579	0.597	30
650	650	67.87	14.96	168.604	0.213	0.316	0.117	1.247	0.1	0.101	0.426	0.407	0.574	0.593	30
651	651	67.87	15.21	164.543	0.238	0.31	0.109	1.249	0.09	0.091	0.426	0.404	0.574	0.596	30
652	652	67.87	15.46	144.389	0.243	0.307	0.105	1.226	0.088	0.09	0.431	0.409	0.569	0.591	30
653	653	67.87	15.71	127.994	0.257	0.304	0.101	1.223	0.079	0.08	0.417	0.395	0.583	0.605	30
654	654	67.87	15.96	133.626	0.248	0.299	0.098	1.246	0.067	0.065	0.392	0.37	0.608	0.629	30
655	655	67.87	16.21	122.168	0.262	0.3	0.1	1.223	0.071	0.069	0.41	0.387	0.59	0.613	30
656	656	67.87	16.46	113.256	0.255	0.301	0.101	1.216	0.067	0.064	0.404	0.381	0.596	0.619	30
657	657	67.87	16.71	98.925	0.235	0.301	0.099	1.196	0.069	0.068	0.423	0.403	0.577	0.597	30
658	658	67.87	16.96	105.139	0.224	0.301	0.099	1.174	0.074	0.072	0.458	0.434	0.542	0.566	30
659	659	67.87	17.21	113.702	0.219	0.3	0.1	1.175	0.076	0.074	0.473	0.446	0.527	0.554	30
660	660	67.87	17.46	114.818	0.219	0.299	0.099	1.171	0.078	0.076	0.478	0.449	0.522	0.551	30
661	661	67.87	17.71	116.244	0.213	0.298	0.102	1.202	0.081	0.079	0.475	0.447	0.525	0.553	30
662	662	67.87	17.96	109.834	0.216	0.299	0.104	1.223	0.089	0.088	0.47	0.447	0.53	0.553	30
663	663	67.87	18.21	108.927	0.229	0.297	0.103	1.221	0.086	0.083	0.458	0.435	0.542	0.565	30
664	664	67.87	18.46	111.304	0.252	0.298	0.105	1.213	0.082	0.078	0.446	0.42	0.554	0.579	30
665	665	67.87	18.71	129.974	0.227	0.298	0.105	1.225	0.088	0.084	0.457	0.432	0.543	0.568	30
666	666	67.87	18.96	148.027	0.201	0.297	0.104	1.232	0.09	0.088	0.471	0.447	0.529	0.553	30
667	667	67.87	19.21	158.839	0.181	0.298	0.103	1.222	0.092	0.091	0.475	0.45	0.525	0.55	30
668	668	67.87	19.46	167.203	0.173	0.299	0.103	1.211	0.086	0.085	0.468	0.442	0.532	0.558	30
669	669	67.87	19.71	177.253	0.169	0.299	0.101	1.201	0.075	0.074	0.452	0.426	0.549	0.574	30
670	670	67.87	19.96	192.161	0.157	0.303	0.101	1.175	0.066	0.066	0.447	0.422	0.553	0.578	30
671	671	67.87	20.21	196.701	0.149	0.303	0.101	1.211	0.064	0.064	0.457	0.431	0.543	0.568	30
672	672	67.87	20.46	197.999	0.151	0.298	0.097	1.257	0.061	0.062	0.452	0.425	0.548	0.574	30
673	673	67.87	20.71	197.634	0.155	0.297	0.095	1.269	0.058	0.06	0.435	0.409	0.565	0.591	30
674	674	67.87	20.96	196.822	0.156	0.297	0.094	1.265	0.06	0.062	0.424	0.399	0.576	0.601	30
675	675	67.87	21.21	198.08	0.15	0.298	0.094	1.248	0.057	0.059	0.413	0.389	0.587	0.611	30
676	676	67.87	21.46	198.525	0.144	0.296	0.093	1.237	0.047	0.048	0.384	0.36	0.615	0.639	30
677	677	67.87	21.71	198.981	0.135	0.297	0.094	1.204	0.045	0.047	0.377	0.353	0.623	0.646	30
678	678	67.87	21.96	199.533	0.13	0.3	0.094	1.184	0.05	0.051	0.383	0.361	0.617	0.639	30
679	679	67.87	22.21	198.781	0.127	0.301	0.094	1.181	0.049	0.051	0.383	0.362	0.616	0.637	30
680	680	67.87	22.46	196.654	0.135	0.295	0.092	1.211	0.042	0.045	0.372	0.352	0.627	0.647	30
681	681	67.87	22.71	195.754	0.145	0.292	0.092	1.248	0.05	0.054	0.389	0.368	0.611	0.632	30
682	682	67.87	22.96	198.353	0.137	0.292	0.091	1.276	0.052	0.054	0.392	0.368	0.608	0.632	30
