# Command file for Castanea
# Generated on Rstudio by user vandermeersch, on the 2023-07-07

# The filenames below are relative to the folder containing this command file
castaneaFileName	=	fagus_cmaes_output_subset1_rep2.txt
inventoryFileName	=	C:/Users/vandermeersch/Documents/CEFE/phd/hindcasting/simulation/castanea/run/inventory.txt

climateBaseName	=	D:/climate/HadCM3B_60Kyr_Climate/2023_dataset/castanea_format/025deg/1500BP/
climateExtension	=	.txt
simulationName	=	ind1_


#	siteId	gridName	latitude	longitude	soilHeight	stone	wfc	wilt	bulk	SOLCLAYtop	SOLCLAYsol	SOLFINtop	SOLFINsol	SOLSANDtop	SOLSANDsol	numberOfYears
1	2715	61.87	23.96	199.131	0.162	0.31	0.11	1.368	0.109	0.12	0.467	0.451	0.533	0.548	30
2	2716	61.87	24.21	199.58	0.157	0.31	0.109	1.372	0.106	0.118	0.469	0.455	0.531	0.545	30
3	2717	61.87	24.46	199.85	0.151	0.311	0.111	1.376	0.109	0.12	0.488	0.474	0.512	0.525	30
4	2718	61.87	24.71	199.904	0.152	0.308	0.109	1.376	0.101	0.111	0.469	0.455	0.531	0.545	30
5	2719	61.87	24.96	199.963	0.15	0.306	0.105	1.381	0.091	0.102	0.456	0.441	0.544	0.559	30
6	2720	61.87	25.21	199.864	0.148	0.308	0.108	1.388	0.105	0.114	0.488	0.469	0.512	0.531	30
7	2721	61.87	25.46	198.007	0.162	0.311	0.11	1.374	0.105	0.113	0.473	0.452	0.527	0.548	30
8	2722	61.87	25.71	198.443	0.159	0.31	0.11	1.371	0.105	0.113	0.465	0.446	0.535	0.553	30
9	2723	61.87	25.96	199.888	0.149	0.306	0.106	1.378	0.097	0.106	0.453	0.439	0.546	0.561	30
10	2724	61.87	26.21	199.81	0.15	0.308	0.109	1.379	0.097	0.108	0.446	0.432	0.554	0.568	30
11	2725	61.87	26.46	199.286	0.152	0.311	0.111	1.375	0.097	0.106	0.44	0.424	0.56	0.575	30
12	2726	61.87	26.71	198.276	0.152	0.315	0.116	1.367	0.104	0.112	0.445	0.429	0.555	0.571	30
13	2727	61.87	26.96	199.555	0.146	0.311	0.111	1.362	0.098	0.107	0.437	0.42	0.563	0.58	30
14	2728	61.87	27.21	199.826	0.141	0.309	0.11	1.357	0.095	0.107	0.43	0.416	0.57	0.583	30
15	2729	61.87	27.46	199.984	0.142	0.308	0.108	1.354	0.096	0.108	0.428	0.415	0.571	0.585	30
16	2730	61.87	27.71	199.944	0.139	0.308	0.109	1.354	0.095	0.107	0.437	0.423	0.563	0.577	30
17	2731	61.87	27.96	199.933	0.131	0.308	0.109	1.361	0.096	0.107	0.447	0.431	0.553	0.569	30
18	2732	61.87	28.21	199.916	0.12	0.308	0.108	1.371	0.101	0.111	0.463	0.446	0.537	0.554	30
19	2733	61.87	28.46	199.454	0.128	0.312	0.112	1.364	0.108	0.117	0.461	0.447	0.539	0.553	30
20	2734	61.87	28.71	198.047	0.146	0.314	0.114	1.352	0.106	0.115	0.448	0.435	0.552	0.565	30
21	2735	61.87	28.96	197.603	0.142	0.313	0.113	1.356	0.116	0.125	0.465	0.451	0.535	0.548	30
22	2736	61.87	29.21	198.749	0.14	0.312	0.113	1.361	0.112	0.123	0.458	0.446	0.541	0.554	30
23	2737	61.87	29.46	197.669	0.148	0.319	0.119	1.356	0.116	0.126	0.451	0.44	0.548	0.56	30
24	2738	61.87	29.71	199.085	0.142	0.312	0.113	1.37	0.119	0.129	0.458	0.444	0.542	0.555	30
25	2739	61.87	29.96	199.351	0.142	0.313	0.114	1.372	0.114	0.123	0.459	0.444	0.54	0.555	30
26	2740	61.87	30.21	199.738	0.149	0.306	0.106	1.369	0.098	0.108	0.444	0.426	0.556	0.574	30
27	2741	61.87	30.46	199.977	0.143	0.306	0.104	1.368	0.099	0.107	0.455	0.433	0.545	0.567	30
28	2742	61.87	30.71	199.487	0.15	0.307	0.106	1.364	0.099	0.105	0.462	0.44	0.537	0.56	30
29	2743	61.87	30.96	199.183	0.15	0.309	0.108	1.369	0.101	0.108	0.457	0.436	0.542	0.564	30
30	2744	61.87	31.21	199.768	0.143	0.301	0.1	1.381	0.093	0.102	0.451	0.43	0.549	0.57	30
31	2745	61.87	31.46	199.898	0.143	0.296	0.096	1.383	0.077	0.087	0.417	0.399	0.583	0.601	30
32	2746	61.87	31.71	199.548	0.139	0.298	0.097	1.385	0.071	0.083	0.402	0.386	0.598	0.614	30
33	2747	61.87	31.96	199.351	0.134	0.303	0.101	1.38	0.081	0.093	0.431	0.414	0.569	0.586	30
34	2748	61.87	32.21	199.266	0.125	0.307	0.104	1.374	0.091	0.103	0.458	0.441	0.542	0.559	30
35	2749	61.87	32.46	199.895	0.115	0.31	0.108	1.368	0.095	0.107	0.464	0.447	0.536	0.553	30
36	2750	61.87	32.71	199.72	0.119	0.308	0.107	1.38	0.094	0.106	0.469	0.45	0.531	0.55	30
37	2751	61.87	32.96	198.876	0.121	0.311	0.112	1.385	0.102	0.111	0.463	0.446	0.537	0.553	30
38	2752	61.87	33.21	195.585	0.121	0.316	0.117	1.364	0.107	0.116	0.458	0.445	0.542	0.555	30
39	2753	61.87	33.46	199.857	0.106	0.307	0.108	1.359	0.09	0.099	0.44	0.423	0.56	0.577	30
40	2754	61.87	33.71	199.996	0.101	0.303	0.105	1.375	0.082	0.093	0.441	0.423	0.558	0.577	30
41	2755	61.87	33.96	199.972	0.1	0.303	0.108	1.397	0.098	0.107	0.45	0.431	0.55	0.569	30
42	2756	61.87	34.21	199.896	0.099	0.311	0.116	1.391	0.113	0.12	0.461	0.445	0.539	0.555	30
43	2757	61.87	34.46	198.399	0.125	0.309	0.113	1.371	0.105	0.113	0.455	0.438	0.545	0.562	30
44	2758	61.87	34.71	184.981	0.173	0.325	0.126	1.322	0.131	0.136	0.481	0.467	0.519	0.532	30
45	2759	61.62	5.46	146.52	0.306	0.313	0.106	1.206	0.089	0.085	0.428	0.392	0.572	0.608	30
46	2760	61.62	5.71	139.193	0.294	0.311	0.103	1.207	0.088	0.085	0.426	0.392	0.574	0.608	30
47	2761	61.62	5.96	131.259	0.293	0.308	0.099	1.179	0.09	0.087	0.427	0.396	0.573	0.604	30
48	2762	61.62	6.21	121.776	0.307	0.305	0.096	1.153	0.092	0.088	0.42	0.394	0.579	0.605	30
49	2763	61.62	6.46	125.62	0.316	0.305	0.098	1.172	0.087	0.082	0.409	0.385	0.591	0.615	30
50	2764	61.62	6.71	122.12	0.34	0.307	0.101	1.172	0.082	0.076	0.386	0.367	0.614	0.633	30
51	2765	61.62	6.96	119.842	0.355	0.308	0.102	1.162	0.08	0.076	0.388	0.369	0.612	0.631	30
52	2766	61.62	7.21	122.454	0.332	0.307	0.102	1.185	0.081	0.077	0.403	0.384	0.597	0.616	30
53	2767	61.62	7.46	113.192	0.295	0.304	0.101	1.208	0.077	0.072	0.407	0.39	0.592	0.61	30
54	2768	61.62	7.71	102.956	0.264	0.304	0.101	1.216	0.073	0.068	0.405	0.389	0.595	0.611	30
55	2769	61.62	7.96	93.007	0.257	0.303	0.1	1.204	0.071	0.065	0.4	0.385	0.6	0.614	30
56	2770	61.62	8.21	100.999	0.265	0.303	0.102	1.205	0.074	0.068	0.414	0.396	0.585	0.603	30
57	2771	61.62	8.46	100.505	0.263	0.304	0.104	1.203	0.079	0.074	0.418	0.399	0.582	0.601	30
58	2772	61.62	8.71	111.895	0.257	0.304	0.103	1.218	0.083	0.078	0.425	0.404	0.575	0.596	30
59	2773	61.62	8.96	152.643	0.239	0.304	0.102	1.277	0.082	0.079	0.441	0.415	0.558	0.584	30
60	2774	61.62	9.21	175.209	0.23	0.304	0.101	1.303	0.085	0.084	0.457	0.427	0.543	0.573	30
61	2775	61.62	9.46	180.908	0.235	0.305	0.103	1.305	0.089	0.087	0.469	0.438	0.531	0.562	30
62	2776	61.62	9.71	186.582	0.229	0.306	0.103	1.32	0.088	0.087	0.474	0.442	0.526	0.558	30
63	2777	61.62	9.96	183.919	0.223	0.306	0.103	1.31	0.086	0.084	0.464	0.434	0.536	0.566	30
64	2778	61.62	10.21	180.632	0.223	0.305	0.103	1.302	0.086	0.084	0.453	0.424	0.547	0.576	30
65	2779	61.62	10.46	175.941	0.226	0.306	0.103	1.291	0.087	0.084	0.444	0.419	0.556	0.581	30
66	2780	61.62	10.71	184.665	0.231	0.306	0.102	1.327	0.085	0.085	0.453	0.425	0.547	0.575	30
67	2781	61.62	10.96	195.401	0.231	0.305	0.101	1.366	0.077	0.081	0.451	0.422	0.549	0.578	30
68	2782	61.62	11.21	195.55	0.234	0.305	0.102	1.37	0.076	0.08	0.453	0.422	0.547	0.578	30
69	2783	61.62	11.46	189.882	0.221	0.307	0.102	1.343	0.072	0.074	0.449	0.42	0.552	0.581	30
70	2784	61.62	11.71	187.197	0.22	0.307	0.102	1.339	0.069	0.072	0.439	0.415	0.561	0.586	30
71	2785	61.62	11.96	183.599	0.228	0.305	0.1	1.324	0.076	0.079	0.438	0.415	0.562	0.585	30
72	2786	61.62	12.21	184.382	0.213	0.306	0.1	1.304	0.079	0.081	0.444	0.42	0.556	0.58	30
73	2787	61.62	12.46	184.709	0.217	0.304	0.098	1.332	0.082	0.086	0.453	0.428	0.547	0.572	30
74	2788	61.62	12.71	182.936	0.221	0.304	0.097	1.337	0.083	0.088	0.455	0.431	0.546	0.569	30
75	2789	61.62	12.96	196.301	0.208	0.301	0.093	1.371	0.075	0.082	0.45	0.421	0.55	0.579	30
76	2790	61.62	13.21	199.654	0.193	0.3	0.094	1.371	0.071	0.078	0.442	0.412	0.558	0.588	30
77	2791	61.62	13.46	199.431	0.195	0.304	0.097	1.357	0.077	0.081	0.444	0.416	0.556	0.584	30
78	2792	61.62	13.71	198.898	0.216	0.299	0.093	1.377	0.066	0.07	0.434	0.403	0.566	0.597	30
79	2793	61.62	13.96	199.282	0.212	0.296	0.092	1.377	0.061	0.066	0.417	0.387	0.584	0.613	30
80	2794	61.62	14.21	199.378	0.202	0.298	0.092	1.379	0.058	0.063	0.419	0.391	0.581	0.609	30
81	2795	61.62	14.46	198.62	0.209	0.3	0.093	1.384	0.063	0.069	0.433	0.404	0.567	0.596	30
82	2796	61.62	14.71	198.103	0.208	0.3	0.095	1.377	0.066	0.074	0.43	0.404	0.57	0.596	30
83	2797	61.62	14.96	199.151	0.203	0.296	0.095	1.381	0.062	0.072	0.413	0.388	0.587	0.612	30
84	2798	61.62	15.21	199.646	0.199	0.297	0.097	1.378	0.07	0.079	0.424	0.4	0.576	0.6	30
85	2799	61.62	15.46	199.795	0.195	0.296	0.097	1.37	0.07	0.08	0.415	0.391	0.585	0.609	30
86	2800	61.62	15.71	199.897	0.186	0.296	0.097	1.364	0.079	0.091	0.422	0.398	0.578	0.602	30
87	2801	61.62	15.96	199.829	0.181	0.298	0.099	1.362	0.083	0.095	0.435	0.41	0.564	0.589	30
88	2802	61.62	16.21	199.782	0.182	0.301	0.103	1.354	0.091	0.102	0.443	0.423	0.556	0.577	30
89	2803	61.62	16.46	199.641	0.179	0.301	0.103	1.338	0.093	0.103	0.431	0.417	0.569	0.583	30
90	2804	61.62	16.71	199.13	0.176	0.302	0.102	1.324	0.096	0.106	0.42	0.408	0.58	0.592	30
91	2805	61.62	16.96	199.533	0.166	0.309	0.112	1.312	0.115	0.125	0.412	0.403	0.588	0.597	30
92	2806	61.62	21.96	198.141	0.162	0.316	0.121	1.334	0.146	0.163	0.448	0.436	0.552	0.564	30
93	2807	61.62	22.21	199.153	0.164	0.313	0.116	1.343	0.137	0.154	0.44	0.428	0.559	0.572	30
94	2808	61.62	22.46	199.545	0.158	0.315	0.118	1.361	0.14	0.156	0.468	0.455	0.532	0.545	30
95	2809	61.62	22.71	199.234	0.157	0.315	0.118	1.369	0.136	0.152	0.48	0.466	0.52	0.534	30
96	2810	61.62	22.96	199.316	0.153	0.319	0.124	1.37	0.152	0.168	0.525	0.51	0.475	0.49	30
97	2811	61.62	23.21	199.111	0.15	0.321	0.127	1.372	0.165	0.178	0.553	0.536	0.447	0.464	30
98	2812	61.62	23.46	199.282	0.154	0.315	0.119	1.37	0.138	0.152	0.513	0.497	0.487	0.503	30
99	2813	61.62	23.71	198.168	0.154	0.32	0.123	1.365	0.145	0.156	0.514	0.499	0.486	0.5	30
100	2814	61.62	23.96	198.883	0.157	0.314	0.116	1.366	0.126	0.138	0.493	0.479	0.507	0.521	30
101	2815	61.62	24.21	199.36	0.154	0.313	0.115	1.367	0.116	0.128	0.488	0.475	0.512	0.525	30
102	2816	61.62	24.46	199.514	0.146	0.318	0.122	1.369	0.135	0.145	0.521	0.507	0.479	0.493	30
103	2817	61.62	24.71	199.829	0.149	0.312	0.116	1.367	0.117	0.128	0.484	0.472	0.516	0.528	30
104	2818	61.62	24.96	199.825	0.159	0.305	0.107	1.368	0.093	0.103	0.444	0.431	0.556	0.569	30
105	2819	61.62	25.21	198.562	0.163	0.308	0.108	1.369	0.104	0.114	0.469	0.453	0.531	0.546	30
106	2820	61.62	25.46	194.251	0.167	0.318	0.118	1.358	0.115	0.122	0.47	0.452	0.53	0.548	30
107	2821	61.62	25.71	198.423	0.147	0.31	0.113	1.377	0.116	0.123	0.477	0.46	0.523	0.54	30
108	2822	61.62	25.96	199.83	0.135	0.308	0.112	1.382	0.108	0.117	0.472	0.456	0.528	0.543	30
109	2823	61.62	26.21	199.592	0.139	0.306	0.11	1.375	0.096	0.106	0.445	0.431	0.555	0.569	30
110	2824	61.62	26.46	199.364	0.14	0.308	0.111	1.378	0.1	0.11	0.448	0.434	0.552	0.566	30
111	2825	61.62	26.71	199.022	0.141	0.311	0.112	1.375	0.108	0.117	0.456	0.44	0.544	0.559	30
112	2826	61.62	26.96	199.755	0.141	0.306	0.107	1.37	0.1	0.11	0.439	0.424	0.561	0.576	30
113	2827	61.62	27.21	199.964	0.136	0.306	0.108	1.364	0.096	0.108	0.434	0.421	0.566	0.579	30
114	2828	61.62	27.46	199.883	0.135	0.306	0.11	1.363	0.097	0.108	0.433	0.419	0.567	0.581	30
115	2829	61.62	27.71	199.378	0.141	0.308	0.11	1.36	0.096	0.106	0.432	0.418	0.568	0.582	30
116	2830	61.62	27.96	199.072	0.14	0.308	0.109	1.357	0.094	0.105	0.431	0.417	0.569	0.583	30
117	2831	61.62	28.21	199.101	0.136	0.306	0.107	1.358	0.099	0.108	0.44	0.425	0.56	0.575	30
118	2832	61.62	28.46	198.902	0.132	0.309	0.109	1.355	0.101	0.111	0.436	0.424	0.563	0.576	30
119	2833	61.62	28.71	198.265	0.137	0.307	0.108	1.354	0.098	0.109	0.425	0.413	0.575	0.587	30
120	2834	61.62	28.96	197.316	0.143	0.308	0.109	1.351	0.103	0.113	0.432	0.419	0.568	0.581	30
121	2835	61.62	29.21	198.307	0.135	0.31	0.111	1.359	0.108	0.118	0.449	0.435	0.551	0.565	30
122	2836	61.62	29.46	199.154	0.124	0.314	0.115	1.371	0.12	0.13	0.473	0.459	0.527	0.541	30
123	2837	61.62	29.71	199.84	0.118	0.311	0.113	1.383	0.118	0.128	0.47	0.456	0.53	0.544	30
124	2838	61.62	29.96	199.81	0.127	0.305	0.106	1.364	0.097	0.106	0.426	0.411	0.574	0.589	30
125	2839	61.62	30.21	199.578	0.139	0.306	0.107	1.359	0.099	0.107	0.432	0.415	0.568	0.585	30
126	2840	61.62	30.46	197.416	0.147	0.312	0.113	1.356	0.12	0.124	0.468	0.449	0.532	0.551	30
127	2841	61.62	31.46	195.796	0.155	0.308	0.109	1.344	0.108	0.113	0.436	0.417	0.564	0.583	30
128	2842	61.62	31.71	199.04	0.141	0.302	0.104	1.37	0.097	0.107	0.405	0.391	0.595	0.609	30
129	2843	61.62	31.96	199.566	0.138	0.301	0.102	1.372	0.093	0.104	0.423	0.407	0.577	0.593	30
130	2844	61.62	32.21	199.835	0.132	0.303	0.104	1.372	0.095	0.105	0.445	0.428	0.555	0.572	30
131	2845	61.62	32.46	199.888	0.119	0.305	0.106	1.365	0.094	0.105	0.45	0.434	0.55	0.566	30
132	2846	61.62	32.71	199.792	0.12	0.305	0.107	1.378	0.094	0.105	0.464	0.446	0.536	0.554	30
133	2847	61.62	32.96	199.577	0.116	0.304	0.107	1.389	0.097	0.106	0.472	0.453	0.528	0.547	30
134	2848	61.62	33.21	199.848	0.105	0.305	0.109	1.382	0.098	0.107	0.461	0.445	0.539	0.555	30
135	2849	61.62	33.46	199.944	0.104	0.302	0.106	1.381	0.09	0.099	0.447	0.43	0.553	0.57	30
136	2850	61.62	33.71	199.831	0.115	0.298	0.1	1.389	0.086	0.095	0.453	0.432	0.547	0.568	30
137	2851	61.62	33.96	199.919	0.119	0.298	0.098	1.382	0.088	0.097	0.452	0.43	0.548	0.569	30
138	2852	61.62	34.21	199.987	0.116	0.298	0.099	1.389	0.087	0.096	0.442	0.422	0.558	0.578	30
139	2853	61.62	34.46	199.63	0.126	0.299	0.102	1.388	0.089	0.098	0.446	0.426	0.553	0.573	30
140	2854	61.62	34.71	198.01	0.142	0.307	0.111	1.376	0.106	0.112	0.46	0.439	0.54	0.561	30
141	2855	61.37	5.21	164.386	0.272	0.311	0.106	1.215	0.093	0.092	0.452	0.409	0.548	0.591	30
142	2856	61.37	5.46	156.308	0.286	0.311	0.104	1.212	0.083	0.08	0.432	0.389	0.568	0.61	30
143	2857	61.37	5.71	148.035	0.277	0.309	0.101	1.206	0.082	0.08	0.431	0.39	0.569	0.609	30
144	2858	61.37	5.96	132.088	0.281	0.307	0.098	1.183	0.087	0.084	0.436	0.401	0.564	0.599	30
145	2859	61.37	6.21	115.875	0.3	0.304	0.094	1.14	0.089	0.086	0.428	0.401	0.572	0.599	30
146	2860	61.37	6.46	115.486	0.323	0.305	0.097	1.144	0.09	0.085	0.415	0.391	0.585	0.608	30
147	2861	61.37	6.71	125.615	0.337	0.306	0.1	1.154	0.085	0.079	0.409	0.386	0.59	0.613	30
148	2862	61.37	6.96	131.729	0.318	0.303	0.099	1.171	0.081	0.076	0.414	0.391	0.586	0.609	30
149	2863	61.37	7.21	148.476	0.276	0.301	0.099	1.223	0.077	0.072	0.427	0.399	0.573	0.6	30
150	2864	61.37	7.46	133.166	0.267	0.302	0.099	1.221	0.075	0.069	0.426	0.401	0.573	0.599	30
151	2865	61.37	7.71	112.292	0.259	0.303	0.098	1.208	0.076	0.07	0.43	0.411	0.57	0.589	30
152	2866	61.37	7.96	99.882	0.253	0.304	0.099	1.193	0.075	0.069	0.421	0.403	0.579	0.596	30
153	2867	61.37	8.21	94.662	0.238	0.304	0.1	1.185	0.072	0.067	0.41	0.394	0.589	0.606	30
154	2868	61.37	8.46	98.811	0.242	0.304	0.101	1.19	0.074	0.069	0.412	0.394	0.588	0.606	30
155	2869	61.37	8.71	124.239	0.242	0.303	0.101	1.22	0.078	0.073	0.431	0.408	0.569	0.592	30
156	2870	61.37	8.96	151.999	0.23	0.304	0.099	1.248	0.076	0.072	0.437	0.41	0.563	0.589	30
157	2871	61.37	9.21	169.714	0.212	0.306	0.1	1.241	0.076	0.073	0.444	0.416	0.556	0.583	30
158	2872	61.37	9.46	174.256	0.219	0.306	0.1	1.254	0.08	0.078	0.451	0.424	0.549	0.575	30
159	2873	61.37	9.71	183.132	0.217	0.305	0.099	1.288	0.082	0.08	0.459	0.43	0.541	0.569	30
160	2874	61.37	9.96	189.959	0.214	0.305	0.098	1.31	0.081	0.079	0.464	0.434	0.536	0.566	30
161	2875	61.37	10.21	193.012	0.231	0.305	0.1	1.341	0.086	0.086	0.473	0.439	0.527	0.561	30
162	2876	61.37	10.46	186.015	0.222	0.303	0.098	1.324	0.077	0.077	0.454	0.423	0.546	0.576	30
163	2877	61.37	10.71	181.814	0.224	0.303	0.097	1.312	0.078	0.079	0.444	0.42	0.556	0.579	30
164	2878	61.37	10.96	189.524	0.228	0.303	0.096	1.344	0.081	0.085	0.457	0.431	0.543	0.569	30
165	2879	61.37	11.21	196.048	0.231	0.302	0.095	1.375	0.084	0.089	0.468	0.437	0.532	0.563	30
166	2880	61.37	11.46	195.494	0.222	0.301	0.094	1.371	0.075	0.08	0.456	0.424	0.544	0.576	30
167	2881	61.37	11.71	195.612	0.216	0.302	0.093	1.365	0.067	0.072	0.439	0.411	0.561	0.589	30
168	2882	61.37	11.96	194.561	0.219	0.301	0.093	1.356	0.069	0.073	0.436	0.408	0.564	0.592	30
169	2883	61.37	12.21	193.936	0.225	0.298	0.092	1.355	0.067	0.07	0.431	0.4	0.569	0.6	30
170	2884	61.37	12.46	192.554	0.221	0.299	0.092	1.353	0.072	0.076	0.44	0.412	0.56	0.588	30
171	2885	61.37	12.71	188.776	0.232	0.3	0.094	1.351	0.073	0.079	0.446	0.418	0.555	0.582	30
172	2886	61.37	12.96	194.238	0.224	0.302	0.094	1.367	0.077	0.084	0.457	0.428	0.543	0.572	30
173	2887	61.37	13.21	198.525	0.193	0.304	0.096	1.359	0.078	0.085	0.46	0.428	0.54	0.571	30
174	2888	61.37	13.46	198.881	0.187	0.303	0.095	1.369	0.074	0.08	0.447	0.419	0.553	0.581	30
175	2889	61.37	13.71	197.259	0.21	0.297	0.092	1.386	0.062	0.067	0.433	0.403	0.567	0.596	30
176	2890	61.37	13.96	197.811	0.213	0.295	0.091	1.383	0.063	0.068	0.433	0.4	0.567	0.6	30
177	2891	61.37	14.21	197.803	0.209	0.298	0.092	1.378	0.063	0.068	0.44	0.407	0.56	0.593	30
178	2892	61.37	14.46	197.825	0.206	0.301	0.094	1.375	0.068	0.074	0.445	0.414	0.555	0.586	30
179	2893	61.37	14.71	198.435	0.198	0.303	0.096	1.368	0.072	0.08	0.446	0.418	0.554	0.582	30
180	2894	61.37	14.96	199.336	0.19	0.296	0.096	1.377	0.063	0.073	0.417	0.39	0.583	0.61	30
181	2895	61.37	15.21	199.705	0.185	0.294	0.095	1.379	0.061	0.07	0.407	0.383	0.593	0.617	30
182	2896	61.37	15.46	199.856	0.181	0.295	0.094	1.37	0.062	0.073	0.407	0.383	0.593	0.617	30
183	2897	61.37	15.71	199.853	0.177	0.296	0.097	1.366	0.072	0.084	0.418	0.394	0.582	0.606	30
184	2898	61.37	15.96	199.887	0.174	0.3	0.101	1.357	0.084	0.096	0.442	0.419	0.558	0.581	30
185	2899	61.37	16.21	199.882	0.173	0.302	0.104	1.348	0.091	0.104	0.442	0.425	0.558	0.574	30
186	2900	61.37	16.46	199.761	0.171	0.307	0.11	1.345	0.107	0.118	0.458	0.445	0.542	0.555	30
187	2901	61.37	16.71	199.632	0.171	0.305	0.108	1.336	0.106	0.116	0.43	0.419	0.57	0.581	30
188	2902	61.37	16.96	199.822	0.163	0.31	0.114	1.316	0.117	0.128	0.4	0.392	0.6	0.608	30
189	2903	61.37	21.71	191.934	0.151	0.325	0.133	1.347	0.171	0.185	0.49	0.478	0.51	0.522	30
190	2904	61.37	21.96	197.977	0.146	0.329	0.137	1.361	0.191	0.204	0.534	0.521	0.466	0.479	30
191	2905	61.37	22.21	198.896	0.151	0.324	0.13	1.35	0.169	0.183	0.489	0.476	0.511	0.524	30
192	2906	61.37	22.46	199.088	0.146	0.324	0.13	1.352	0.171	0.186	0.505	0.493	0.494	0.507	30
193	2907	61.37	22.71	199.111	0.148	0.324	0.132	1.369	0.178	0.194	0.537	0.522	0.463	0.478	30
194	2908	61.37	22.96	199.077	0.152	0.322	0.13	1.369	0.172	0.187	0.538	0.522	0.462	0.478	30
195	2909	61.37	23.21	198.656	0.153	0.32	0.126	1.36	0.163	0.177	0.539	0.522	0.461	0.478	30
196	2910	61.37	23.46	198.611	0.147	0.321	0.127	1.359	0.169	0.182	0.555	0.538	0.445	0.462	30
197	2911	61.37	23.71	198.612	0.14	0.327	0.136	1.365	0.182	0.193	0.565	0.55	0.435	0.45	30
198	2912	61.37	23.96	199.034	0.14	0.322	0.129	1.364	0.157	0.169	0.536	0.523	0.464	0.477	30
199	2913	61.37	24.21	198.963	0.139	0.321	0.126	1.362	0.154	0.164	0.539	0.524	0.461	0.475	30
200	2914	61.37	24.46	199.46	0.136	0.317	0.122	1.356	0.138	0.15	0.516	0.503	0.484	0.497	30
201	2915	61.37	24.71	199.686	0.142	0.312	0.116	1.354	0.115	0.126	0.475	0.463	0.525	0.537	30
202	2916	61.37	24.96	199.362	0.151	0.307	0.11	1.361	0.097	0.109	0.447	0.434	0.553	0.566	30
203	2917	61.37	25.21	198.072	0.159	0.308	0.111	1.363	0.103	0.114	0.458	0.443	0.542	0.557	30
204	2918	61.37	25.46	193.389	0.166	0.32	0.121	1.352	0.123	0.131	0.479	0.463	0.521	0.537	30
205	2919	61.37	25.71	198.416	0.143	0.312	0.115	1.371	0.12	0.128	0.482	0.466	0.518	0.533	30
206	2920	61.37	25.96	199.656	0.14	0.307	0.11	1.376	0.104	0.113	0.461	0.447	0.538	0.553	30
207	2921	61.37	26.21	199.853	0.14	0.302	0.106	1.378	0.092	0.103	0.445	0.43	0.555	0.57	30
208	2922	61.37	26.46	199.846	0.136	0.303	0.107	1.379	0.096	0.107	0.45	0.436	0.55	0.564	30
209	2923	61.37	26.71	199.81	0.137	0.305	0.108	1.378	0.101	0.112	0.452	0.437	0.548	0.563	30
210	2924	61.37	26.96	199.874	0.135	0.302	0.105	1.366	0.096	0.108	0.437	0.422	0.563	0.578	30
211	2925	61.37	27.21	199.948	0.138	0.303	0.107	1.357	0.098	0.111	0.431	0.416	0.569	0.584	30
212	2926	61.37	27.46	199.738	0.145	0.307	0.111	1.359	0.107	0.118	0.445	0.43	0.555	0.57	30
213	2927	61.37	27.71	198.987	0.147	0.311	0.114	1.353	0.115	0.125	0.448	0.436	0.552	0.564	30
214	2928	61.37	27.96	194.834	0.156	0.317	0.118	1.338	0.122	0.131	0.45	0.44	0.55	0.559	30
215	2929	61.37	28.21	193.708	0.153	0.318	0.119	1.335	0.113	0.122	0.436	0.426	0.564	0.574	30
216	2930	61.37	28.46	194.535	0.142	0.314	0.115	1.34	0.104	0.114	0.426	0.416	0.573	0.584	30
217	2931	61.37	28.71	198.394	0.134	0.307	0.109	1.351	0.1	0.113	0.423	0.411	0.577	0.589	30
218	2932	61.37	28.96	199.398	0.132	0.305	0.106	1.358	0.099	0.111	0.435	0.42	0.565	0.58	30
219	2933	61.37	29.21	199.537	0.124	0.306	0.107	1.369	0.106	0.116	0.454	0.438	0.546	0.562	30
220	2934	61.37	29.46	199.809	0.113	0.312	0.113	1.378	0.114	0.123	0.471	0.455	0.529	0.545	30
221	2935	61.37	29.71	199.953	0.11	0.314	0.115	1.373	0.106	0.115	0.448	0.434	0.552	0.566	30
222	2936	61.37	29.96	199.675	0.121	0.313	0.115	1.361	0.107	0.116	0.441	0.426	0.559	0.573	30
223	2937	61.37	30.21	196.282	0.141	0.316	0.118	1.337	0.128	0.133	0.469	0.453	0.531	0.547	30
224	2938	61.37	31.96	197.548	0.142	0.307	0.109	1.349	0.125	0.131	0.445	0.429	0.555	0.57	30
225	2939	61.37	32.21	199.044	0.138	0.302	0.105	1.355	0.105	0.114	0.43	0.414	0.57	0.586	30
226	2940	61.37	32.46	199.312	0.126	0.302	0.105	1.36	0.104	0.115	0.426	0.412	0.574	0.587	30
227	2941	61.37	32.71	199.564	0.117	0.3	0.104	1.371	0.097	0.108	0.431	0.417	0.568	0.583	30
228	2942	61.37	32.96	199.733	0.112	0.298	0.102	1.387	0.097	0.107	0.456	0.437	0.544	0.562	30
229	2943	61.37	33.21	199.869	0.101	0.298	0.102	1.393	0.102	0.113	0.462	0.445	0.538	0.555	30
230	2944	61.37	33.46	199.919	0.099	0.302	0.104	1.395	0.102	0.113	0.45	0.436	0.55	0.564	30
231	2945	61.37	33.71	199.84	0.11	0.299	0.1	1.395	0.095	0.105	0.453	0.433	0.547	0.567	30
232	2946	61.37	33.96	199.884	0.116	0.298	0.099	1.383	0.092	0.103	0.456	0.434	0.544	0.566	30
233	2947	61.37	34.21	199.953	0.111	0.298	0.1	1.403	0.091	0.102	0.45	0.428	0.55	0.572	30
234	2948	61.37	34.46	199.976	0.108	0.296	0.103	1.418	0.096	0.106	0.457	0.435	0.543	0.565	30
235	2949	61.37	34.71	199.885	0.103	0.303	0.111	1.407	0.108	0.117	0.465	0.446	0.535	0.554	30
236	2950	61.12	5.96	119.724	0.29	0.308	0.098	1.138	0.095	0.092	0.455	0.423	0.545	0.577	30
237	2951	61.12	6.21	116.61	0.295	0.306	0.096	1.139	0.094	0.09	0.439	0.413	0.56	0.587	30
238	2952	61.12	6.46	117.208	0.309	0.305	0.097	1.143	0.093	0.088	0.431	0.408	0.569	0.592	30
239	2953	61.12	6.71	130.19	0.313	0.304	0.098	1.18	0.09	0.084	0.435	0.408	0.565	0.592	30
240	2954	61.12	7.21	127.956	0.289	0.302	0.099	1.206	0.08	0.076	0.424	0.401	0.576	0.599	30
241	2955	61.12	7.46	135.364	0.274	0.299	0.098	1.256	0.075	0.07	0.418	0.392	0.582	0.608	30
242	2956	61.12	7.71	121.521	0.266	0.301	0.099	1.236	0.076	0.071	0.421	0.4	0.578	0.6	30
243	2957	61.12	7.96	115.658	0.257	0.302	0.1	1.211	0.076	0.07	0.422	0.4	0.578	0.6	30
244	2958	61.12	8.21	120.073	0.249	0.301	0.1	1.206	0.073	0.068	0.417	0.396	0.582	0.604	30
245	2959	61.12	8.46	131.244	0.258	0.303	0.101	1.221	0.078	0.073	0.425	0.401	0.575	0.599	30
246	2960	61.12	8.71	164.131	0.238	0.304	0.1	1.268	0.078	0.076	0.454	0.425	0.546	0.575	30
247	2961	61.12	8.96	185.998	0.22	0.305	0.101	1.303	0.081	0.08	0.471	0.438	0.529	0.562	30
248	2962	61.12	9.21	180.748	0.212	0.306	0.1	1.296	0.075	0.073	0.458	0.426	0.542	0.573	30
249	2963	61.12	9.46	179.202	0.209	0.306	0.098	1.281	0.074	0.071	0.454	0.423	0.546	0.576	30
250	2964	61.12	9.71	182.573	0.215	0.306	0.097	1.295	0.075	0.072	0.452	0.421	0.548	0.578	30
251	2965	61.12	9.96	191.233	0.219	0.304	0.097	1.33	0.076	0.075	0.458	0.425	0.543	0.575	30
252	2966	61.12	10.21	195.363	0.228	0.305	0.098	1.348	0.085	0.088	0.471	0.438	0.529	0.562	30
253	2967	61.12	10.46	194.461	0.223	0.306	0.101	1.361	0.088	0.092	0.482	0.449	0.518	0.551	30
254	2968	61.12	10.71	192.202	0.214	0.305	0.099	1.353	0.08	0.084	0.466	0.436	0.534	0.564	30
255	2969	61.12	10.96	193.02	0.211	0.304	0.096	1.347	0.077	0.082	0.459	0.431	0.541	0.569	30
256	2970	61.12	11.21	196.643	0.215	0.303	0.095	1.371	0.083	0.09	0.475	0.446	0.525	0.554	30
257	2971	61.12	11.46	197.736	0.212	0.3	0.094	1.391	0.08	0.087	0.464	0.436	0.536	0.564	30
258	2972	61.12	11.71	197.044	0.212	0.302	0.092	1.378	0.074	0.08	0.457	0.428	0.543	0.572	30
259	2973	61.12	11.96	196.787	0.211	0.305	0.093	1.358	0.074	0.078	0.455	0.423	0.545	0.577	30
260	2974	61.12	12.21	196.905	0.217	0.3	0.091	1.362	0.066	0.07	0.429	0.396	0.571	0.604	30
261	2975	61.12	12.46	197.25	0.214	0.296	0.091	1.384	0.069	0.074	0.43	0.399	0.57	0.601	30
262	2976	61.12	12.71	196.584	0.208	0.298	0.092	1.384	0.067	0.072	0.435	0.406	0.565	0.594	30
263	2977	61.12	12.96	194.337	0.215	0.301	0.093	1.372	0.067	0.072	0.447	0.417	0.553	0.583	30
264	2978	61.12	13.21	195.61	0.207	0.303	0.094	1.373	0.075	0.08	0.461	0.432	0.539	0.568	30
265	2979	61.12	13.46	197.843	0.185	0.304	0.095	1.372	0.074	0.082	0.456	0.427	0.544	0.573	30
266	2980	61.12	13.71	198.26	0.188	0.3	0.094	1.38	0.064	0.072	0.436	0.408	0.564	0.592	30
267	2981	61.12	13.96	197.987	0.195	0.299	0.094	1.38	0.064	0.071	0.442	0.412	0.558	0.587	30
268	2982	61.12	14.21	197.969	0.2	0.299	0.095	1.377	0.07	0.077	0.451	0.421	0.548	0.579	30
269	2983	61.12	14.46	198.87	0.185	0.304	0.102	1.372	0.081	0.09	0.456	0.428	0.544	0.572	30
270	2984	61.12	14.71	199.425	0.178	0.303	0.101	1.374	0.074	0.085	0.435	0.409	0.565	0.591	30
271	2985	61.12	14.96	199.681	0.179	0.298	0.097	1.376	0.062	0.073	0.413	0.387	0.586	0.612	30
272	2986	61.12	15.21	199.683	0.175	0.297	0.096	1.372	0.064	0.073	0.425	0.399	0.575	0.601	30
273	2987	61.12	15.46	199.526	0.177	0.296	0.095	1.362	0.058	0.068	0.411	0.385	0.589	0.615	30
274	2988	61.12	15.71	199.55	0.177	0.298	0.097	1.35	0.066	0.077	0.413	0.389	0.586	0.61	30
275	2989	61.12	15.96	199.65	0.179	0.299	0.096	1.352	0.072	0.083	0.427	0.406	0.573	0.594	30
276	2990	61.12	16.21	199.84	0.176	0.298	0.097	1.35	0.072	0.085	0.41	0.394	0.59	0.606	30
277	2991	61.12	16.46	199.841	0.176	0.3	0.102	1.349	0.083	0.095	0.409	0.396	0.591	0.604	30
278	2992	61.12	16.71	199.701	0.168	0.305	0.107	1.341	0.106	0.118	0.424	0.412	0.576	0.588	30
279	2993	61.12	16.96	199.66	0.162	0.31	0.112	1.321	0.116	0.127	0.393	0.383	0.607	0.617	30
280	2994	61.12	21.96	196.055	0.148	0.323	0.131	1.362	0.178	0.193	0.497	0.486	0.503	0.514	30
281	2995	61.12	22.21	197.011	0.146	0.324	0.131	1.365	0.179	0.193	0.506	0.495	0.494	0.505	30
282	2996	61.12	22.46	197.501	0.143	0.327	0.135	1.36	0.19	0.203	0.529	0.517	0.471	0.483	30
283	2997	61.12	22.71	199.345	0.137	0.335	0.147	1.382	0.225	0.237	0.603	0.589	0.397	0.411	30
284	2998	61.12	22.96	199.502	0.145	0.333	0.145	1.381	0.211	0.224	0.586	0.574	0.414	0.426	30
285	2999	61.12	23.21	199.029	0.144	0.332	0.144	1.375	0.21	0.222	0.589	0.576	0.411	0.424	30
286	3000	61.12	23.46	198.524	0.141	0.327	0.135	1.363	0.184	0.197	0.564	0.551	0.436	0.449	30
287	3001	61.12	23.71	198.603	0.132	0.33	0.14	1.367	0.195	0.206	0.584	0.569	0.416	0.43	30
288	3002	61.12	23.96	198.265	0.135	0.323	0.129	1.357	0.159	0.172	0.538	0.524	0.461	0.476	30
289	3003	61.12	24.21	199.026	0.136	0.324	0.132	1.358	0.165	0.176	0.552	0.538	0.448	0.462	30
290	3004	61.12	24.46	199.545	0.135	0.323	0.13	1.364	0.164	0.174	0.554	0.539	0.446	0.461	30
291	3005	61.12	24.71	199.446	0.14	0.315	0.12	1.361	0.13	0.142	0.511	0.496	0.489	0.504	30
292	3006	61.12	24.96	199.019	0.144	0.315	0.119	1.374	0.125	0.138	0.512	0.495	0.488	0.505	30
293	3007	61.12	25.21	198.939	0.146	0.316	0.12	1.381	0.13	0.143	0.52	0.503	0.48	0.497	30
294	3008	61.12	25.46	198.22	0.145	0.321	0.126	1.377	0.143	0.153	0.533	0.517	0.467	0.483	30
295	3009	61.12	25.71	198.654	0.143	0.319	0.123	1.381	0.139	0.149	0.523	0.506	0.477	0.494	30
296	3010	61.12	25.96	199.193	0.145	0.313	0.116	1.377	0.12	0.13	0.497	0.48	0.503	0.52	30
297	3011	61.12	26.21	199.52	0.144	0.311	0.114	1.373	0.118	0.128	0.486	0.471	0.514	0.529	30
298	3012	61.12	26.46	199.7	0.14	0.31	0.114	1.375	0.122	0.133	0.482	0.468	0.518	0.532	30
299	3013	61.12	26.71	199.575	0.144	0.314	0.117	1.376	0.126	0.137	0.481	0.468	0.519	0.532	30
300	3014	61.12	26.96	199.766	0.141	0.308	0.111	1.371	0.111	0.125	0.461	0.446	0.539	0.554	30
301	3015	61.12	27.21	199.89	0.137	0.306	0.109	1.365	0.106	0.121	0.451	0.434	0.549	0.566	30
302	3016	61.12	27.46	199.839	0.138	0.31	0.114	1.368	0.122	0.137	0.478	0.463	0.522	0.537	30
303	3017	61.12	27.71	199.497	0.137	0.315	0.119	1.368	0.136	0.149	0.496	0.484	0.504	0.515	30
304	3018	61.12	27.96	198.199	0.143	0.316	0.12	1.359	0.139	0.15	0.485	0.473	0.515	0.526	30
305	3019	61.12	28.21	196.034	0.141	0.322	0.126	1.354	0.148	0.157	0.487	0.477	0.513	0.523	30
306	3020	61.12	28.46	194.547	0.136	0.326	0.13	1.362	0.151	0.159	0.494	0.483	0.506	0.517	30
307	3021	61.12	28.71	198.299	0.123	0.319	0.123	1.379	0.138	0.147	0.486	0.473	0.514	0.527	30
308	3022	61.12	28.96	199.33	0.115	0.312	0.116	1.375	0.118	0.127	0.465	0.448	0.535	0.552	30
309	3023	61.12	29.21	199.525	0.115	0.307	0.109	1.366	0.101	0.109	0.441	0.423	0.559	0.577	30
310	3024	61.12	29.46	199.964	0.112	0.312	0.114	1.373	0.112	0.12	0.449	0.432	0.551	0.568	30
311	3025	61.12	29.71	199.971	0.111	0.318	0.123	1.37	0.122	0.129	0.449	0.434	0.551	0.566	30
312	3026	61.12	29.96	199.087	0.118	0.323	0.127	1.345	0.136	0.14	0.462	0.447	0.538	0.553	30
313	3027	61.12	32.71	198.145	0.104	0.306	0.113	1.381	0.135	0.14	0.443	0.428	0.557	0.571	30
314	3028	61.12	32.96	199.735	0.081	0.305	0.114	1.404	0.133	0.14	0.454	0.439	0.546	0.56	30
315	3029	61.12	33.21	199.873	0.085	0.298	0.106	1.411	0.116	0.126	0.447	0.431	0.553	0.568	30
316	3030	61.12	33.46	199.859	0.093	0.297	0.103	1.413	0.108	0.12	0.449	0.434	0.551	0.565	30
317	3031	61.12	33.71	199.947	0.095	0.299	0.106	1.418	0.113	0.124	0.468	0.45	0.532	0.55	30
318	3032	61.12	33.96	199.932	0.098	0.299	0.107	1.424	0.11	0.121	0.472	0.451	0.527	0.549	30
319	3033	61.12	34.21	199.831	0.095	0.302	0.11	1.422	0.11	0.121	0.488	0.466	0.511	0.534	30
320	3034	61.12	34.46	199.838	0.087	0.303	0.114	1.415	0.114	0.125	0.498	0.478	0.501	0.522	30
321	3035	61.12	34.71	199.914	0.084	0.304	0.115	1.419	0.116	0.127	0.478	0.46	0.521	0.54	30
322	3036	60.87	5.46	152.091	0.274	0.308	0.102	1.177	0.083	0.08	0.431	0.393	0.569	0.607	30
323	3037	60.87	5.71	127.524	0.284	0.308	0.1	1.122	0.086	0.083	0.44	0.407	0.559	0.593	30
324	3038	60.87	5.96	111.232	0.293	0.308	0.098	1.123	0.093	0.089	0.447	0.421	0.553	0.579	30
325	3039	60.87	6.21	104.278	0.287	0.305	0.093	1.107	0.1	0.097	0.45	0.428	0.55	0.572	30
326	3040	60.87	6.46	117.591	0.291	0.304	0.095	1.142	0.101	0.097	0.447	0.425	0.553	0.575	30
327	3041	60.87	6.71	111.421	0.313	0.305	0.097	1.135	0.096	0.091	0.436	0.416	0.564	0.584	30
328	3042	60.87	6.96	114.833	0.315	0.302	0.097	1.162	0.088	0.083	0.433	0.411	0.567	0.589	30
329	3043	60.87	7.21	122.197	0.297	0.301	0.098	1.199	0.083	0.078	0.427	0.407	0.572	0.593	30
330	3044	60.87	7.46	109.929	0.278	0.303	0.102	1.213	0.085	0.081	0.422	0.404	0.578	0.596	30
331	3045	60.87	7.71	103.997	0.255	0.305	0.103	1.206	0.087	0.083	0.429	0.412	0.571	0.588	30
332	3046	60.87	7.96	116.386	0.255	0.304	0.102	1.201	0.082	0.077	0.431	0.41	0.569	0.59	30
333	3047	60.87	8.21	129.179	0.254	0.303	0.101	1.209	0.075	0.07	0.429	0.407	0.57	0.593	30
334	3048	60.87	8.46	151.548	0.254	0.303	0.101	1.244	0.074	0.07	0.438	0.41	0.562	0.589	30
335	3049	60.87	8.71	172.595	0.235	0.304	0.1	1.288	0.072	0.07	0.45	0.418	0.55	0.582	30
336	3050	60.87	8.96	187.07	0.211	0.306	0.1	1.313	0.074	0.074	0.463	0.43	0.537	0.57	30
337	3051	60.87	9.21	189.489	0.215	0.305	0.1	1.337	0.079	0.079	0.467	0.433	0.533	0.567	30
338	3052	60.87	9.46	191.685	0.226	0.302	0.097	1.349	0.077	0.076	0.46	0.424	0.54	0.576	30
339	3053	60.87	9.71	190.54	0.235	0.3	0.096	1.352	0.074	0.075	0.452	0.413	0.548	0.587	30
340	3054	60.87	9.96	192.684	0.232	0.301	0.096	1.362	0.078	0.081	0.457	0.42	0.543	0.581	30
341	3055	60.87	10.21	193.607	0.22	0.303	0.098	1.369	0.083	0.088	0.468	0.433	0.532	0.567	30
342	3056	60.87	10.46	194.024	0.213	0.307	0.101	1.373	0.095	0.101	0.493	0.462	0.507	0.538	30
343	3057	60.87	10.71	195.635	0.197	0.314	0.114	1.382	0.118	0.126	0.518	0.493	0.482	0.507	30
344	3058	60.87	10.96	195.339	0.186	0.315	0.117	1.385	0.126	0.134	0.518	0.494	0.482	0.506	30
345	3059	60.87	11.21	196.66	0.182	0.312	0.111	1.382	0.113	0.121	0.505	0.478	0.495	0.522	30
346	3060	60.87	11.46	197.396	0.193	0.302	0.098	1.381	0.086	0.095	0.464	0.438	0.536	0.562	30
347	3061	60.87	11.71	197.172	0.198	0.303	0.099	1.388	0.085	0.094	0.468	0.443	0.532	0.557	30
348	3062	60.87	11.96	195.71	0.203	0.304	0.097	1.373	0.082	0.088	0.463	0.436	0.537	0.564	30
349	3063	60.87	12.21	195.729	0.205	0.302	0.094	1.373	0.071	0.077	0.439	0.41	0.561	0.59	30
350	3064	60.87	12.46	195.43	0.204	0.298	0.093	1.377	0.066	0.072	0.428	0.397	0.572	0.603	30
351	3065	60.87	12.71	194.345	0.206	0.297	0.093	1.375	0.062	0.068	0.424	0.392	0.576	0.608	30
352	3066	60.87	12.96	194.102	0.203	0.298	0.093	1.378	0.056	0.062	0.413	0.384	0.586	0.616	30
353	3067	60.87	13.21	194.078	0.201	0.299	0.093	1.379	0.057	0.063	0.419	0.391	0.581	0.609	30
354	3068	60.87	13.46	196.175	0.19	0.302	0.095	1.37	0.064	0.071	0.433	0.403	0.567	0.597	30
355	3069	60.87	13.71	197.156	0.188	0.302	0.096	1.373	0.067	0.074	0.439	0.409	0.561	0.591	30
356	3070	60.87	13.96	198.593	0.189	0.303	0.1	1.375	0.068	0.076	0.433	0.404	0.567	0.595	30
357	3071	60.87	14.21	198.376	0.191	0.3	0.096	1.382	0.066	0.075	0.435	0.407	0.564	0.593	30
358	3072	60.87	14.46	198.34	0.183	0.299	0.098	1.371	0.073	0.083	0.432	0.404	0.568	0.596	30
359	3073	60.87	14.71	199.128	0.172	0.303	0.102	1.359	0.084	0.095	0.422	0.399	0.578	0.6	30
360	3074	60.87	14.96	199.145	0.167	0.303	0.104	1.368	0.088	0.098	0.442	0.419	0.558	0.581	30
361	3075	60.87	15.21	199.096	0.17	0.3	0.099	1.365	0.078	0.087	0.446	0.419	0.554	0.58	30
362	3076	60.87	15.46	199.138	0.184	0.296	0.094	1.361	0.065	0.074	0.421	0.394	0.579	0.606	30
363	3077	60.87	15.71	199.351	0.18	0.296	0.096	1.362	0.071	0.081	0.424	0.398	0.576	0.602	30
364	3078	60.87	15.96	199.396	0.179	0.299	0.097	1.36	0.071	0.082	0.431	0.408	0.568	0.592	30
365	3079	60.87	16.21	199.78	0.18	0.298	0.096	1.358	0.067	0.079	0.403	0.383	0.597	0.617	30
366	3080	60.87	16.46	199.953	0.179	0.297	0.098	1.361	0.072	0.084	0.394	0.378	0.605	0.622	30
367	3081	60.87	16.71	199.956	0.164	0.305	0.107	1.345	0.097	0.11	0.409	0.397	0.591	0.603	30
368	3082	60.87	16.96	199.848	0.152	0.311	0.111	1.332	0.117	0.129	0.395	0.384	0.605	0.616	30
369	3083	60.87	21.96	191.188	0.157	0.32	0.128	1.361	0.173	0.188	0.468	0.456	0.532	0.544	30
370	3084	60.87	22.21	193.428	0.159	0.317	0.122	1.362	0.164	0.179	0.463	0.45	0.537	0.55	30
371	3085	60.87	22.46	196.13	0.154	0.322	0.13	1.373	0.187	0.2	0.509	0.496	0.49	0.504	30
372	3086	60.87	22.71	199.373	0.142	0.34	0.154	1.401	0.249	0.26	0.616	0.602	0.384	0.398	30
373	3087	60.87	22.96	199.845	0.133	0.348	0.166	1.411	0.276	0.285	0.672	0.658	0.328	0.342	30
374	3088	60.87	23.21	199.506	0.136	0.343	0.16	1.398	0.252	0.262	0.643	0.629	0.357	0.371	30
375	3089	60.87	23.46	199.35	0.129	0.339	0.153	1.392	0.233	0.242	0.623	0.608	0.377	0.392	30
376	3090	60.87	23.71	197.99	0.133	0.326	0.132	1.377	0.174	0.186	0.557	0.541	0.443	0.459	30
377	3091	60.87	23.96	197.221	0.146	0.315	0.116	1.352	0.116	0.13	0.482	0.465	0.518	0.534	30
378	3092	60.87	24.21	198.885	0.14	0.316	0.118	1.353	0.122	0.136	0.495	0.48	0.505	0.52	30
379	3093	60.87	24.46	199.657	0.136	0.321	0.126	1.372	0.149	0.16	0.54	0.523	0.46	0.476	30
380	3094	60.87	24.71	199.53	0.131	0.327	0.134	1.381	0.168	0.178	0.569	0.552	0.431	0.448	30
381	3095	60.87	24.96	199.46	0.137	0.328	0.136	1.386	0.173	0.184	0.579	0.562	0.421	0.438	30
382	3096	60.87	25.21	199.797	0.137	0.333	0.141	1.39	0.179	0.19	0.588	0.572	0.412	0.428	30
383	3097	60.87	25.46	199.632	0.14	0.329	0.137	1.392	0.176	0.188	0.577	0.563	0.423	0.437	30
384	3098	60.87	25.71	199.668	0.137	0.335	0.147	1.404	0.204	0.213	0.596	0.582	0.404	0.418	30
385	3099	60.87	25.96	199.792	0.137	0.331	0.142	1.398	0.191	0.2	0.579	0.565	0.421	0.435	30
386	3100	60.87	26.21	199.662	0.14	0.329	0.139	1.394	0.186	0.196	0.567	0.554	0.433	0.446	30
387	3101	60.87	26.46	199.726	0.133	0.332	0.143	1.396	0.199	0.208	0.574	0.562	0.426	0.438	30
388	3102	60.87	26.71	199.916	0.133	0.332	0.142	1.397	0.201	0.21	0.572	0.56	0.428	0.44	30
389	3103	60.87	26.96	199.896	0.136	0.321	0.127	1.389	0.163	0.178	0.523	0.511	0.477	0.489	30
390	3104	60.87	27.21	199.809	0.138	0.311	0.115	1.381	0.129	0.145	0.478	0.464	0.522	0.535	30
391	3105	60.87	27.46	199.713	0.141	0.311	0.114	1.369	0.126	0.141	0.473	0.46	0.527	0.54	30
392	3106	60.87	27.71	199.313	0.139	0.316	0.121	1.369	0.142	0.156	0.492	0.48	0.508	0.52	30
393	3107	60.87	27.96	199.338	0.142	0.313	0.117	1.372	0.136	0.149	0.471	0.458	0.529	0.542	30
394	3108	60.87	28.21	199.584	0.135	0.317	0.122	1.381	0.152	0.163	0.493	0.48	0.507	0.52	30
395	3109	60.87	28.46	199.55	0.127	0.319	0.123	1.378	0.152	0.161	0.492	0.478	0.508	0.522	30
396	3110	60.87	28.71	199.704	0.115	0.319	0.124	1.374	0.151	0.158	0.488	0.472	0.512	0.527	30
397	3111	60.87	28.96	199.9	0.105	0.319	0.125	1.374	0.145	0.152	0.477	0.461	0.523	0.539	30
398	3112	60.87	29.21	199.923	0.104	0.315	0.12	1.365	0.131	0.138	0.452	0.437	0.548	0.563	30
399	3113	60.87	29.46	199.976	0.1	0.316	0.121	1.364	0.132	0.139	0.458	0.443	0.542	0.557	30
400	3114	60.87	29.71	199.963	0.104	0.318	0.123	1.359	0.133	0.14	0.453	0.437	0.547	0.562	30
401	3115	60.87	29.96	199.704	0.114	0.32	0.125	1.371	0.135	0.14	0.444	0.43	0.556	0.57	30
402	3116	60.87	30.21	199.623	0.127	0.314	0.12	1.391	0.127	0.133	0.421	0.408	0.579	0.592	30
403	3117	60.87	32.96	199.337	0.072	0.315	0.125	1.399	0.166	0.173	0.472	0.458	0.528	0.542	30
404	3118	60.87	33.21	199.938	0.071	0.307	0.117	1.397	0.147	0.156	0.451	0.438	0.549	0.562	30
405	3119	60.87	33.46	199.951	0.079	0.301	0.111	1.415	0.127	0.139	0.46	0.444	0.54	0.556	30
406	3120	60.87	33.71	199.977	0.08	0.3	0.112	1.424	0.123	0.134	0.477	0.458	0.523	0.542	30
407	3121	60.87	33.96	199.946	0.081	0.3	0.112	1.42	0.122	0.133	0.498	0.477	0.502	0.523	30
408	3122	60.87	34.21	199.872	0.081	0.303	0.115	1.414	0.124	0.135	0.511	0.492	0.488	0.508	30
409	3123	60.87	34.46	199.849	0.074	0.303	0.115	1.409	0.124	0.135	0.515	0.494	0.485	0.506	30
410	3124	60.87	34.71	199.912	0.076	0.304	0.115	1.405	0.124	0.134	0.506	0.484	0.493	0.516	30
411	3125	60.62	5.71	145.935	0.282	0.306	0.101	1.191	0.09	0.086	0.44	0.403	0.56	0.597	30
412	3126	60.62	5.96	123.147	0.289	0.306	0.096	1.148	0.088	0.085	0.439	0.411	0.561	0.589	30
413	3127	60.62	6.21	117.893	0.285	0.304	0.094	1.142	0.093	0.09	0.446	0.42	0.554	0.58	30
414	3128	60.62	6.46	135.779	0.286	0.302	0.096	1.188	0.094	0.088	0.443	0.416	0.556	0.584	30
415	3129	60.62	6.71	137.417	0.301	0.302	0.097	1.171	0.088	0.082	0.431	0.403	0.569	0.596	30
416	3130	60.62	7.21	109.756	0.296	0.303	0.1	1.168	0.086	0.081	0.416	0.397	0.584	0.603	30
417	3131	60.62	7.46	104.105	0.268	0.304	0.103	1.194	0.082	0.078	0.404	0.387	0.596	0.613	30
418	3132	60.62	7.71	110.673	0.257	0.304	0.102	1.204	0.079	0.074	0.42	0.399	0.58	0.6	30
419	3133	60.62	7.96	135.566	0.251	0.304	0.1	1.215	0.07	0.066	0.432	0.407	0.568	0.592	30
420	3134	60.62	8.21	159.438	0.234	0.304	0.1	1.241	0.065	0.062	0.443	0.416	0.556	0.583	30
421	3135	60.62	8.46	174.94	0.229	0.303	0.099	1.295	0.066	0.064	0.449	0.417	0.55	0.582	30
422	3136	60.62	8.71	183.936	0.224	0.302	0.099	1.329	0.069	0.068	0.458	0.422	0.542	0.578	30
423	3137	60.62	8.96	190.068	0.233	0.301	0.099	1.352	0.072	0.071	0.456	0.416	0.544	0.584	30
424	3138	60.62	9.21	186.025	0.236	0.3	0.098	1.351	0.068	0.067	0.445	0.406	0.555	0.593	30
425	3139	60.62	9.46	187.598	0.23	0.297	0.095	1.353	0.063	0.065	0.425	0.392	0.575	0.608	30
426	3140	60.62	9.71	187.135	0.241	0.296	0.095	1.364	0.068	0.071	0.421	0.387	0.579	0.613	30
427	3141	60.62	9.96	187.308	0.231	0.297	0.094	1.371	0.073	0.076	0.442	0.405	0.559	0.595	30
428	3142	60.62	10.21	187.933	0.21	0.3	0.096	1.375	0.08	0.085	0.451	0.419	0.549	0.581	30
429	3143	60.62	10.46	188.31	0.204	0.304	0.101	1.377	0.088	0.095	0.465	0.435	0.535	0.565	30
430	3144	60.62	10.71	191.879	0.198	0.312	0.112	1.368	0.111	0.119	0.498	0.471	0.502	0.529	30
431	3145	60.62	10.96	189.699	0.199	0.312	0.114	1.353	0.121	0.129	0.494	0.469	0.506	0.531	30
432	3146	60.62	11.21	188.721	0.185	0.308	0.11	1.36	0.107	0.114	0.467	0.444	0.533	0.556	30
433	3147	60.62	11.46	191.801	0.194	0.297	0.095	1.366	0.071	0.079	0.43	0.404	0.57	0.596	30
434	3148	60.62	11.71	192.692	0.199	0.299	0.097	1.37	0.075	0.084	0.442	0.416	0.558	0.583	30
435	3149	60.62	11.96	195.689	0.183	0.309	0.11	1.375	0.105	0.113	0.49	0.466	0.51	0.534	30
436	3150	60.62	12.21	194.252	0.193	0.302	0.099	1.374	0.084	0.09	0.453	0.426	0.547	0.573	30
437	3151	60.62	12.46	192.448	0.207	0.299	0.094	1.369	0.071	0.076	0.43	0.4	0.57	0.599	30
438	3152	60.62	12.71	192.365	0.21	0.298	0.093	1.365	0.068	0.074	0.43	0.399	0.57	0.601	30
439	3153	60.62	12.96	193.098	0.208	0.294	0.092	1.377	0.065	0.07	0.422	0.388	0.578	0.612	30
440	3154	60.62	13.21	193.883	0.197	0.293	0.091	1.378	0.052	0.057	0.399	0.366	0.601	0.634	30
441	3155	60.62	13.46	194.856	0.193	0.296	0.092	1.372	0.051	0.057	0.402	0.372	0.598	0.628	30
442	3156	60.62	13.71	195.763	0.193	0.297	0.094	1.376	0.058	0.065	0.416	0.385	0.584	0.614	30
443	3157	60.62	13.96	197.202	0.19	0.298	0.096	1.376	0.062	0.069	0.416	0.385	0.584	0.614	30
444	3158	60.62	14.21	198.011	0.18	0.298	0.096	1.373	0.063	0.071	0.416	0.386	0.584	0.613	30
445	3159	60.62	14.46	198.118	0.177	0.296	0.096	1.374	0.061	0.069	0.407	0.378	0.592	0.621	30
446	3160	60.62	14.71	198.33	0.175	0.297	0.095	1.368	0.068	0.078	0.416	0.389	0.584	0.611	30
447	3161	60.62	14.96	198.317	0.167	0.301	0.101	1.365	0.088	0.097	0.453	0.429	0.546	0.571	30
448	3162	60.62	15.21	198.338	0.172	0.299	0.1	1.364	0.081	0.09	0.447	0.422	0.552	0.578	30
449	3163	60.62	15.46	199.123	0.171	0.303	0.104	1.374	0.093	0.102	0.463	0.437	0.537	0.562	30
450	3164	60.62	15.71	199.219	0.166	0.306	0.108	1.373	0.101	0.112	0.471	0.448	0.529	0.552	30
451	3165	60.62	15.96	199.362	0.169	0.302	0.101	1.365	0.087	0.097	0.452	0.427	0.548	0.572	30
452	3166	60.62	16.21	199.786	0.173	0.301	0.099	1.358	0.08	0.092	0.429	0.408	0.571	0.592	30
453	3167	60.62	16.46	199.943	0.166	0.305	0.106	1.359	0.096	0.109	0.437	0.421	0.562	0.579	30
454	3168	60.62	16.71	199.968	0.15	0.312	0.114	1.35	0.112	0.125	0.43	0.417	0.569	0.582	30
455	3169	60.62	16.96	199.948	0.145	0.313	0.115	1.34	0.12	0.133	0.408	0.398	0.591	0.602	30
456	3170	60.62	17.21	199.725	0.14	0.313	0.118	1.337	0.134	0.148	0.416	0.405	0.583	0.595	30
457	3171	60.62	17.46	195.99	0.137	0.315	0.123	1.32	0.146	0.161	0.433	0.419	0.567	0.581	30
458	3172	60.62	21.96	177.961	0.139	0.332	0.145	1.379	0.207	0.217	0.511	0.499	0.489	0.501	30
459	3173	60.62	22.21	191.337	0.146	0.328	0.139	1.384	0.211	0.223	0.507	0.496	0.492	0.504	30
460	3174	60.62	22.46	196.989	0.141	0.336	0.149	1.395	0.246	0.256	0.567	0.555	0.433	0.445	30
461	3175	60.62	22.71	198.735	0.137	0.343	0.159	1.406	0.268	0.278	0.613	0.601	0.387	0.399	30
462	3176	60.62	22.96	199.567	0.134	0.344	0.16	1.407	0.267	0.277	0.628	0.615	0.372	0.385	30
463	3177	60.62	23.21	199.754	0.128	0.352	0.17	1.41	0.287	0.296	0.657	0.644	0.343	0.356	30
464	3178	60.62	23.46	199.584	0.123	0.347	0.162	1.406	0.262	0.271	0.635	0.623	0.365	0.377	30
465	3179	60.62	23.71	198.537	0.136	0.327	0.133	1.378	0.178	0.19	0.545	0.533	0.455	0.467	30
466	3180	60.62	23.96	197.94	0.147	0.315	0.118	1.361	0.127	0.14	0.487	0.474	0.513	0.526	30
467	3181	60.62	24.21	198.655	0.143	0.316	0.12	1.369	0.131	0.144	0.489	0.478	0.511	0.522	30
468	3182	60.62	24.46	199.514	0.142	0.322	0.126	1.37	0.145	0.157	0.513	0.502	0.487	0.498	30
469	3183	60.62	24.71	199.608	0.135	0.329	0.137	1.383	0.179	0.191	0.55	0.54	0.45	0.46	30
470	3184	60.62	24.96	199.918	0.136	0.335	0.147	1.387	0.204	0.216	0.576	0.566	0.424	0.434	30
471	3185	60.62	25.21	199.938	0.139	0.336	0.148	1.382	0.202	0.214	0.571	0.561	0.429	0.439	30
472	3186	60.62	25.46	199.934	0.138	0.337	0.151	1.391	0.213	0.224	0.579	0.569	0.421	0.431	30
473	3187	60.62	25.71	199.919	0.136	0.34	0.155	1.396	0.23	0.24	0.585	0.575	0.415	0.425	30
474	3188	60.62	25.96	199.737	0.135	0.341	0.152	1.392	0.225	0.236	0.575	0.566	0.425	0.434	30
475	3189	60.62	26.21	199.213	0.137	0.341	0.153	1.385	0.222	0.232	0.569	0.559	0.431	0.441	30
476	3190	60.62	26.71	199.446	0.131	0.338	0.149	1.377	0.22	0.23	0.557	0.547	0.443	0.453	30
477	3191	60.62	26.96	198.435	0.132	0.329	0.138	1.379	0.204	0.215	0.536	0.527	0.464	0.473	30
478	3192	60.62	27.96	197.607	0.142	0.316	0.122	1.369	0.157	0.168	0.475	0.461	0.525	0.539	30
479	3193	60.62	28.21	198.277	0.137	0.316	0.122	1.367	0.166	0.174	0.486	0.471	0.514	0.529	30
480	3194	60.62	28.96	199.393	0.106	0.317	0.123	1.367	0.156	0.164	0.471	0.457	0.529	0.543	30
481	3195	60.62	29.21	199.758	0.112	0.315	0.121	1.371	0.145	0.154	0.457	0.445	0.543	0.555	30
482	3196	60.62	29.46	199.915	0.106	0.318	0.125	1.378	0.143	0.152	0.466	0.454	0.534	0.546	30
483	3197	60.62	29.71	199.906	0.11	0.314	0.12	1.383	0.124	0.132	0.439	0.425	0.561	0.575	30
484	3198	60.62	29.96	199.771	0.115	0.31	0.115	1.401	0.114	0.123	0.421	0.408	0.579	0.592	30
485	3199	60.62	30.21	199.826	0.119	0.311	0.117	1.404	0.118	0.126	0.425	0.412	0.575	0.587	30
486	3200	60.62	30.46	199.325	0.119	0.315	0.122	1.387	0.135	0.143	0.441	0.429	0.559	0.571	30
487	3201	60.62	32.96	197.937	0.083	0.321	0.126	1.364	0.173	0.177	0.487	0.474	0.512	0.526	30
488	3202	60.62	33.21	199.817	0.064	0.314	0.123	1.389	0.158	0.167	0.471	0.457	0.529	0.543	30
489	3203	60.62	33.46	199.968	0.059	0.306	0.118	1.396	0.139	0.151	0.467	0.452	0.533	0.548	30
490	3204	60.62	33.71	199.908	0.067	0.298	0.113	1.41	0.125	0.137	0.493	0.473	0.506	0.526	30
491	3205	60.62	33.96	199.885	0.07	0.298	0.113	1.409	0.122	0.134	0.507	0.486	0.492	0.513	30
492	3206	60.62	34.21	199.758	0.082	0.3	0.113	1.408	0.12	0.132	0.511	0.489	0.489	0.511	30
493	3207	60.62	34.46	199.776	0.081	0.303	0.115	1.406	0.124	0.137	0.516	0.494	0.484	0.505	30
494	3208	60.62	34.71	199.923	0.081	0.305	0.116	1.401	0.122	0.134	0.513	0.491	0.487	0.509	30
495	3209	60.37	5.46	166.465	0.248	0.31	0.106	1.219	0.104	0.105	0.475	0.435	0.526	0.565	30
496	3210	60.37	5.71	151.939	0.277	0.307	0.102	1.198	0.094	0.091	0.446	0.408	0.555	0.592	30
497	3211	60.37	5.96	130.837	0.284	0.307	0.099	1.165	0.094	0.091	0.447	0.417	0.553	0.583	30
498	3212	60.37	6.21	133.335	0.287	0.305	0.097	1.18	0.097	0.092	0.45	0.42	0.55	0.58	30
499	3213	60.37	6.71	137.801	0.312	0.302	0.098	1.172	0.09	0.084	0.428	0.404	0.571	0.596	30
500	3214	60.37	6.96	126.303	0.302	0.302	0.1	1.127	0.086	0.081	0.419	0.397	0.581	0.603	30
501	3215	60.37	7.21	125.809	0.275	0.302	0.099	1.123	0.08	0.076	0.413	0.393	0.587	0.607	30
502	3216	60.37	7.46	120.955	0.258	0.304	0.102	1.153	0.077	0.073	0.406	0.388	0.594	0.612	30
503	3217	60.37	7.71	128.608	0.251	0.306	0.105	1.185	0.074	0.07	0.417	0.398	0.583	0.602	30
504	3218	60.37	7.96	141.289	0.249	0.306	0.104	1.208	0.069	0.065	0.419	0.398	0.58	0.601	30
505	3219	60.37	8.21	159.826	0.237	0.306	0.103	1.239	0.067	0.064	0.432	0.409	0.568	0.59	30
506	3220	60.37	8.46	172.801	0.231	0.302	0.101	1.292	0.062	0.06	0.433	0.406	0.566	0.593	30
507	3221	60.37	8.71	180.156	0.236	0.302	0.101	1.326	0.065	0.064	0.443	0.411	0.556	0.588	30
508	3222	60.37	8.96	183.514	0.247	0.302	0.1	1.336	0.07	0.069	0.45	0.413	0.551	0.587	30
509	3223	60.37	9.21	183.271	0.249	0.3	0.098	1.341	0.069	0.069	0.442	0.406	0.558	0.594	30
510	3224	60.37	9.46	179.415	0.254	0.3	0.097	1.343	0.066	0.068	0.43	0.395	0.57	0.605	30
511	3225	60.37	9.71	179.487	0.246	0.297	0.096	1.354	0.066	0.068	0.421	0.387	0.579	0.613	30
512	3226	60.37	9.96	182.584	0.224	0.297	0.095	1.358	0.068	0.071	0.431	0.397	0.569	0.603	30
513	3227	60.37	10.21	183.855	0.202	0.301	0.1	1.365	0.082	0.088	0.443	0.415	0.557	0.585	30
514	3228	60.37	10.46	184.031	0.201	0.311	0.113	1.358	0.107	0.117	0.481	0.457	0.519	0.543	30
515	3229	60.37	10.71	183.2	0.219	0.304	0.103	1.34	0.086	0.093	0.45	0.419	0.55	0.581	30
516	3230	60.37	10.96	184.798	0.215	0.302	0.101	1.338	0.084	0.09	0.44	0.409	0.56	0.591	30
517	3231	60.37	11.21	186.344	0.184	0.304	0.108	1.353	0.096	0.104	0.457	0.434	0.542	0.566	30
518	3232	60.37	11.46	187.39	0.184	0.299	0.1	1.355	0.08	0.087	0.443	0.417	0.557	0.583	30
519	3233	60.37	11.71	188.956	0.183	0.298	0.099	1.361	0.077	0.085	0.436	0.41	0.564	0.59	30
520	3234	60.37	11.96	190.916	0.18	0.303	0.104	1.362	0.088	0.095	0.458	0.433	0.542	0.567	30
521	3235	60.37	12.21	190.917	0.191	0.298	0.096	1.363	0.073	0.079	0.435	0.408	0.565	0.591	30
522	3236	60.37	12.46	189.664	0.2	0.295	0.092	1.363	0.066	0.072	0.419	0.391	0.581	0.609	30
523	3237	60.37	12.71	190.941	0.2	0.294	0.093	1.361	0.069	0.076	0.423	0.394	0.577	0.606	30
524	3238	60.37	12.96	193.324	0.195	0.292	0.092	1.362	0.067	0.073	0.421	0.39	0.579	0.61	30
525	3239	60.37	13.21	193.802	0.188	0.291	0.091	1.368	0.057	0.064	0.408	0.376	0.592	0.624	30
526	3240	60.37	13.46	193.753	0.185	0.292	0.091	1.372	0.052	0.058	0.404	0.372	0.596	0.629	30
527	3241	60.37	13.71	193.571	0.187	0.293	0.092	1.375	0.051	0.058	0.398	0.367	0.602	0.634	30
528	3242	60.37	13.96	194.836	0.188	0.295	0.094	1.375	0.055	0.061	0.408	0.378	0.592	0.622	30
529	3243	60.37	14.21	196.681	0.183	0.297	0.095	1.371	0.062	0.069	0.424	0.395	0.576	0.604	30
530	3244	60.37	14.46	197.69	0.178	0.297	0.096	1.37	0.063	0.071	0.417	0.389	0.583	0.61	30
531	3245	60.37	14.71	197.989	0.17	0.296	0.094	1.374	0.063	0.073	0.414	0.387	0.586	0.613	30
532	3246	60.37	14.96	197.41	0.173	0.296	0.095	1.372	0.07	0.08	0.432	0.405	0.568	0.595	30
533	3247	60.37	15.21	197.478	0.176	0.297	0.097	1.368	0.076	0.086	0.439	0.414	0.561	0.585	30
534	3248	60.37	15.46	198.834	0.161	0.304	0.107	1.376	0.101	0.112	0.475	0.454	0.524	0.546	30
535	3249	60.37	15.71	199.172	0.149	0.309	0.112	1.377	0.116	0.127	0.497	0.477	0.503	0.523	30
536	3250	60.37	15.96	199.527	0.147	0.31	0.115	1.375	0.122	0.133	0.507	0.485	0.493	0.515	30
537	3251	60.37	16.21	199.583	0.157	0.307	0.108	1.363	0.102	0.113	0.472	0.45	0.528	0.55	30
538	3252	60.37	16.46	199.812	0.155	0.307	0.108	1.359	0.103	0.116	0.452	0.435	0.548	0.565	30
539	3253	60.37	16.71	199.766	0.148	0.312	0.114	1.356	0.115	0.128	0.446	0.432	0.554	0.568	30
540	3254	60.37	16.96	199.518	0.143	0.316	0.118	1.348	0.121	0.134	0.433	0.421	0.567	0.579	30
541	3255	60.37	17.21	199.02	0.14	0.315	0.119	1.341	0.132	0.146	0.433	0.421	0.567	0.579	30
542	3256	60.37	17.46	196.918	0.135	0.317	0.126	1.34	0.153	0.169	0.453	0.442	0.547	0.558	30
543	3257	60.37	17.71	186.464	0.136	0.316	0.126	1.325	0.155	0.17	0.449	0.439	0.551	0.561	30
544	3258	60.37	22.71	186.289	0.134	0.337	0.15	1.382	0.239	0.249	0.562	0.551	0.438	0.449	30
545	3259	60.37	22.96	191.033	0.138	0.334	0.146	1.383	0.234	0.243	0.568	0.555	0.432	0.445	30
546	3260	60.37	23.21	195.382	0.133	0.337	0.15	1.387	0.25	0.259	0.596	0.583	0.404	0.417	30
547	3261	60.37	23.46	195.892	0.136	0.33	0.139	1.38	0.209	0.22	0.561	0.549	0.439	0.451	30
548	3262	60.37	23.71	195.214	0.141	0.324	0.129	1.367	0.174	0.186	0.529	0.518	0.471	0.482	30
549	3263	60.37	23.96	194.8	0.139	0.329	0.137	1.368	0.191	0.201	0.547	0.536	0.453	0.464	30
550	3264	60.37	24.21	196.287	0.136	0.331	0.14	1.376	0.199	0.209	0.55	0.541	0.45	0.459	30
551	3265	60.37	24.46	195.661	0.138	0.329	0.134	1.372	0.184	0.195	0.529	0.52	0.471	0.48	30
552	3266	60.37	24.71	197.323	0.133	0.334	0.143	1.386	0.214	0.224	0.553	0.544	0.447	0.456	30
553	3267	60.37	24.96	198.679	0.124	0.338	0.151	1.406	0.243	0.253	0.574	0.568	0.426	0.433	30
554	3268	60.37	25.21	198.142	0.133	0.339	0.149	1.39	0.224	0.235	0.555	0.548	0.445	0.452	30
555	3269	60.37	25.46	197.32	0.139	0.339	0.15	1.379	0.222	0.233	0.551	0.543	0.449	0.457	30
556	3270	60.37	25.71	196.77	0.139	0.336	0.146	1.37	0.215	0.226	0.528	0.519	0.472	0.481	30
557	3271	60.37	25.96	195.594	0.138	0.336	0.144	1.362	0.205	0.216	0.521	0.513	0.479	0.487	30
558	3272	60.37	28.71	190.701	0.13	0.312	0.118	1.349	0.15	0.159	0.437	0.426	0.563	0.574	30
559	3273	60.37	28.96	196.124	0.118	0.313	0.119	1.38	0.146	0.156	0.452	0.44	0.548	0.56	30
560	3274	60.37	29.21	196.465	0.12	0.312	0.119	1.403	0.142	0.153	0.447	0.438	0.553	0.562	30
561	3275	60.37	29.46	199.232	0.118	0.311	0.118	1.406	0.138	0.149	0.439	0.428	0.56	0.572	30
562	3276	60.37	29.71	199.599	0.111	0.308	0.115	1.405	0.117	0.127	0.421	0.408	0.579	0.592	30
563	3277	60.37	29.96	199.822	0.099	0.306	0.111	1.415	0.108	0.117	0.419	0.406	0.581	0.594	30
564	3278	60.37	30.21	199.886	0.105	0.305	0.111	1.416	0.116	0.124	0.43	0.418	0.57	0.582	30
565	3279	60.37	30.46	199.968	0.1	0.312	0.119	1.415	0.138	0.147	0.463	0.453	0.536	0.547	30
566	3280	60.37	30.71	199.943	0.093	0.317	0.124	1.395	0.156	0.164	0.486	0.474	0.514	0.526	30
567	3281	60.37	32.96	199.432	0.067	0.323	0.131	1.364	0.18	0.187	0.521	0.508	0.479	0.492	30
568	3282	60.37	33.21	199.959	0.06	0.311	0.122	1.384	0.147	0.158	0.471	0.456	0.529	0.544	30
569	3283	60.37	33.46	199.981	0.053	0.305	0.118	1.394	0.128	0.142	0.459	0.444	0.541	0.555	30
570	3284	60.37	33.71	199.864	0.066	0.298	0.112	1.407	0.114	0.128	0.479	0.46	0.521	0.539	30
571	3285	60.37	33.96	199.736	0.076	0.298	0.112	1.407	0.114	0.128	0.503	0.481	0.497	0.519	30
572	3286	60.37	34.21	199.85	0.087	0.299	0.114	1.409	0.117	0.13	0.519	0.494	0.481	0.506	30
573	3287	60.37	34.46	199.862	0.094	0.299	0.113	1.406	0.113	0.126	0.514	0.49	0.486	0.51	30
574	3288	60.37	34.71	199.924	0.098	0.3	0.112	1.408	0.109	0.122	0.5	0.476	0.5	0.524	30
575	3289	60.12	6.21	124.489	0.306	0.305	0.098	1.182	0.101	0.097	0.432	0.404	0.568	0.596	30
576	3290	60.12	6.46	117.308	0.327	0.305	0.097	1.163	0.098	0.093	0.423	0.4	0.576	0.6	30
577	3291	60.12	6.71	108.202	0.329	0.304	0.1	1.174	0.098	0.092	0.419	0.398	0.581	0.602	30
578	3292	60.12	6.96	100.928	0.324	0.307	0.105	1.157	0.102	0.097	0.427	0.409	0.573	0.591	30
579	3293	60.12	7.21	115.086	0.291	0.307	0.106	1.122	0.093	0.088	0.428	0.408	0.572	0.592	30
580	3294	60.12	7.46	123.295	0.265	0.308	0.106	1.146	0.083	0.079	0.416	0.396	0.584	0.604	30
581	3295	60.12	7.71	131.052	0.257	0.305	0.104	1.18	0.071	0.068	0.405	0.386	0.595	0.614	30
582	3296	60.12	7.96	138.706	0.259	0.303	0.102	1.212	0.066	0.063	0.414	0.393	0.585	0.607	30
583	3297	60.12	8.21	149.545	0.251	0.304	0.102	1.238	0.065	0.061	0.407	0.386	0.593	0.614	30
584	3298	60.12	8.46	160.714	0.249	0.303	0.101	1.274	0.065	0.061	0.412	0.391	0.587	0.609	30
585	3299	60.12	8.71	174.051	0.252	0.3	0.1	1.321	0.062	0.06	0.422	0.393	0.577	0.606	30
586	3300	60.12	8.96	178.3	0.257	0.301	0.099	1.34	0.067	0.067	0.445	0.409	0.555	0.591	30
587	3301	60.12	9.21	178.947	0.254	0.3	0.098	1.355	0.068	0.07	0.444	0.406	0.556	0.595	30
588	3302	60.12	9.46	181.579	0.248	0.298	0.097	1.361	0.068	0.072	0.424	0.39	0.576	0.609	30
589	3303	60.12	9.71	185.479	0.226	0.299	0.099	1.362	0.076	0.08	0.44	0.41	0.56	0.59	30
590	3304	60.12	9.96	183.553	0.205	0.301	0.102	1.359	0.086	0.092	0.451	0.423	0.549	0.577	30
591	3305	60.12	10.21	180.975	0.186	0.309	0.112	1.356	0.114	0.123	0.481	0.457	0.519	0.542	30
592	3306	60.12	10.46	177.354	0.203	0.307	0.107	1.327	0.104	0.114	0.474	0.447	0.526	0.553	30
593	3307	60.12	10.71	180.167	0.21	0.303	0.102	1.334	0.086	0.094	0.443	0.414	0.557	0.585	30
594	3308	60.12	10.96	186.255	0.186	0.307	0.111	1.368	0.106	0.115	0.468	0.444	0.532	0.556	30
595	3309	60.12	11.21	191.613	0.155	0.313	0.124	1.398	0.132	0.14	0.497	0.477	0.503	0.523	30
596	3310	60.12	11.46	188.158	0.159	0.307	0.113	1.383	0.11	0.117	0.469	0.448	0.531	0.552	30
597	3311	60.12	11.71	184.42	0.174	0.298	0.097	1.359	0.077	0.085	0.431	0.408	0.569	0.592	30
598	3312	60.12	11.96	185.272	0.179	0.297	0.097	1.355	0.073	0.08	0.431	0.407	0.569	0.593	30
599	3313	60.12	12.21	187.154	0.182	0.297	0.096	1.355	0.073	0.079	0.428	0.404	0.572	0.596	30
600	3314	60.12	12.46	186.111	0.184	0.294	0.093	1.355	0.067	0.073	0.415	0.39	0.585	0.61	30
601	3315	60.12	12.71	187.977	0.187	0.293	0.092	1.354	0.067	0.074	0.415	0.389	0.585	0.611	30
602	3316	60.12	12.96	191.351	0.179	0.295	0.097	1.359	0.076	0.084	0.427	0.402	0.573	0.598	30
603	3317	60.12	13.21	192.265	0.175	0.295	0.096	1.371	0.074	0.081	0.427	0.4	0.574	0.6	30
604	3318	60.12	13.46	194.102	0.176	0.294	0.095	1.368	0.072	0.079	0.425	0.397	0.575	0.603	30
605	3319	60.12	13.71	194.737	0.174	0.294	0.094	1.37	0.065	0.072	0.413	0.384	0.587	0.616	30
606	3320	60.12	13.96	193.945	0.181	0.293	0.092	1.378	0.055	0.062	0.403	0.373	0.597	0.627	30
607	3321	60.12	14.21	195.355	0.184	0.294	0.093	1.378	0.058	0.065	0.415	0.385	0.585	0.615	30
608	3322	60.12	14.46	195.672	0.181	0.293	0.092	1.374	0.057	0.065	0.411	0.382	0.59	0.618	30
609	3323	60.12	14.71	196.69	0.176	0.294	0.093	1.373	0.062	0.072	0.419	0.393	0.581	0.607	30
610	3324	60.12	14.96	197.089	0.171	0.297	0.096	1.365	0.075	0.084	0.442	0.417	0.558	0.583	30
611	3325	60.12	15.21	197.916	0.167	0.298	0.098	1.355	0.08	0.09	0.448	0.423	0.552	0.577	30
612	3326	60.12	15.46	198.645	0.162	0.3	0.098	1.354	0.083	0.094	0.445	0.421	0.555	0.579	30
613	3327	60.12	15.71	199.052	0.153	0.303	0.101	1.354	0.088	0.1	0.451	0.428	0.549	0.571	30
614	3328	60.12	15.96	199.622	0.151	0.305	0.106	1.361	0.101	0.113	0.462	0.442	0.538	0.558	30
615	3329	60.12	16.21	199.65	0.143	0.31	0.115	1.376	0.123	0.135	0.487	0.468	0.513	0.532	30
616	3330	60.12	16.46	199.614	0.142	0.312	0.118	1.38	0.132	0.144	0.492	0.474	0.508	0.526	30
617	3331	60.12	16.71	199.546	0.145	0.316	0.12	1.368	0.133	0.144	0.483	0.466	0.517	0.534	30
618	3332	60.12	16.96	199.331	0.143	0.317	0.121	1.361	0.138	0.151	0.477	0.462	0.523	0.538	30
619	3333	60.12	17.21	198.044	0.14	0.314	0.122	1.358	0.146	0.161	0.469	0.455	0.531	0.545	30
620	3334	60.12	17.46	196.445	0.134	0.319	0.132	1.361	0.167	0.182	0.476	0.464	0.524	0.536	30
621	3335	60.12	17.71	192.709	0.134	0.319	0.132	1.354	0.169	0.184	0.469	0.46	0.531	0.54	30
622	3336	60.12	17.96	178.664	0.14	0.316	0.127	1.334	0.153	0.168	0.436	0.429	0.564	0.571	30
623	3337	60.12	18.21	165.969	0.136	0.318	0.13	1.315	0.15	0.163	0.42	0.415	0.58	0.585	30
624	3338	60.12	18.46	143.097	0.131	0.317	0.128	1.28	0.148	0.158	0.414	0.407	0.586	0.593	30
625	3339	60.12	18.71	129.652	0.128	0.318	0.129	1.27	0.155	0.163	0.415	0.409	0.585	0.591	30
626	3340	60.12	22.71	161.502	0.139	0.33	0.14	1.358	0.205	0.215	0.502	0.492	0.498	0.507	30
627	3341	60.12	23.21	170.89	0.138	0.328	0.136	1.345	0.199	0.207	0.518	0.506	0.482	0.494	30
628	3342	60.12	23.71	180.101	0.139	0.327	0.134	1.346	0.187	0.196	0.514	0.503	0.486	0.497	30
629	3343	60.12	23.96	182.916	0.137	0.333	0.143	1.342	0.201	0.21	0.525	0.515	0.475	0.485	30
630	3344	60.12	24.21	189.393	0.134	0.335	0.146	1.353	0.21	0.219	0.534	0.525	0.466	0.475	30
631	3345	60.12	24.46	188.123	0.137	0.332	0.139	1.354	0.195	0.205	0.513	0.503	0.487	0.497	30
632	3346	60.12	29.96	199.318	0.098	0.314	0.121	1.404	0.144	0.151	0.454	0.442	0.546	0.558	30
633	3347	60.12	30.21	199.859	0.09	0.318	0.126	1.419	0.16	0.168	0.484	0.475	0.516	0.525	30
634	3348	60.12	30.46	199.994	0.083	0.319	0.128	1.43	0.165	0.173	0.502	0.493	0.498	0.507	30
635	3349	60.12	30.71	199.978	0.078	0.318	0.124	1.415	0.156	0.165	0.484	0.475	0.516	0.525	30
636	3350	60.12	30.96	199.715	0.086	0.318	0.123	1.387	0.153	0.16	0.47	0.46	0.53	0.54	30
637	3351	60.12	31.96	197.921	0.081	0.329	0.132	1.333	0.19	0.198	0.517	0.507	0.483	0.493	30
638	3352	60.12	32.21	197.121	0.08	0.327	0.132	1.312	0.196	0.202	0.536	0.525	0.464	0.475	30
639	3353	60.12	32.46	199.629	0.077	0.319	0.127	1.363	0.161	0.17	0.493	0.481	0.507	0.519	30
640	3354	60.12	32.71	199.833	0.068	0.316	0.125	1.374	0.154	0.166	0.488	0.476	0.512	0.524	30
641	3355	60.12	32.96	199.969	0.059	0.324	0.132	1.366	0.163	0.178	0.521	0.509	0.479	0.491	30
642	3356	60.12	33.21	199.989	0.055	0.319	0.129	1.374	0.153	0.166	0.505	0.493	0.494	0.507	30
643	3357	60.12	33.46	199.989	0.046	0.306	0.121	1.401	0.132	0.147	0.475	0.461	0.525	0.539	30
644	3358	60.12	33.71	199.877	0.054	0.303	0.118	1.412	0.125	0.14	0.49	0.472	0.51	0.528	30
645	3359	60.12	33.96	199.679	0.072	0.297	0.115	1.409	0.115	0.128	0.496	0.474	0.504	0.526	30
646	3360	60.12	34.21	199.897	0.081	0.297	0.113	1.406	0.114	0.127	0.502	0.478	0.498	0.522	30
647	3361	60.12	34.46	199.825	0.088	0.302	0.115	1.404	0.115	0.128	0.512	0.489	0.488	0.511	30
648	3362	60.12	34.71	199.771	0.098	0.304	0.115	1.406	0.115	0.128	0.505	0.481	0.495	0.518	30
649	3363	59.87	5.96	146.044	0.28	0.307	0.102	1.2	0.106	0.102	0.446	0.413	0.554	0.587	30
650	3364	59.87	6.21	119.714	0.306	0.305	0.097	1.159	0.1	0.096	0.429	0.404	0.571	0.596	30
651	3365	59.87	6.46	111.717	0.316	0.303	0.094	1.163	0.095	0.09	0.416	0.394	0.584	0.606	30
652	3366	59.87	6.71	105.641	0.325	0.302	0.096	1.171	0.095	0.088	0.412	0.391	0.588	0.608	30
653	3367	59.87	6.96	98.609	0.327	0.304	0.101	1.161	0.099	0.092	0.417	0.397	0.583	0.603	30
654	3368	59.87	7.21	109.32	0.295	0.305	0.102	1.164	0.093	0.087	0.423	0.4	0.577	0.6	30
655	3369	59.87	7.46	121.462	0.255	0.302	0.1	1.189	0.073	0.069	0.41	0.388	0.589	0.612	30
656	3370	59.87	7.71	123.06	0.25	0.299	0.099	1.213	0.064	0.06	0.393	0.372	0.607	0.628	30
657	3371	59.87	7.96	134.518	0.247	0.3	0.098	1.228	0.065	0.061	0.417	0.392	0.583	0.608	30
658	3372	59.87	8.21	148.318	0.237	0.302	0.099	1.243	0.061	0.058	0.41	0.385	0.59	0.615	30
659	3373	59.87	8.46	157.414	0.251	0.3	0.097	1.287	0.059	0.055	0.41	0.384	0.59	0.616	30
660	3374	59.87	8.71	165.759	0.261	0.3	0.097	1.323	0.061	0.058	0.43	0.396	0.569	0.604	30
661	3375	59.87	8.96	171.355	0.258	0.3	0.098	1.346	0.064	0.064	0.435	0.397	0.565	0.602	30
662	3376	59.87	9.21	171.465	0.25	0.298	0.097	1.356	0.063	0.065	0.423	0.39	0.577	0.61	30
663	3377	59.87	9.46	181.084	0.232	0.297	0.096	1.358	0.066	0.071	0.416	0.385	0.585	0.615	30
664	3378	59.87	9.71	182.098	0.216	0.301	0.102	1.355	0.085	0.09	0.439	0.413	0.561	0.587	30
665	3379	59.87	9.96	180.952	0.197	0.306	0.11	1.346	0.109	0.118	0.467	0.444	0.533	0.556	30
666	3380	59.87	10.21	177.013	0.192	0.307	0.111	1.337	0.114	0.124	0.473	0.451	0.527	0.549	30
667	3381	59.87	10.96	179.273	0.166	0.303	0.11	1.371	0.112	0.119	0.46	0.438	0.54	0.563	30
668	3382	59.87	11.21	179.697	0.162	0.307	0.113	1.375	0.116	0.123	0.472	0.45	0.528	0.55	30
669	3383	59.87	11.46	181.186	0.164	0.302	0.107	1.376	0.1	0.107	0.454	0.431	0.546	0.569	30
670	3384	59.87	11.71	178.185	0.174	0.297	0.096	1.357	0.073	0.08	0.42	0.395	0.58	0.605	30
671	3385	59.87	11.96	179.718	0.173	0.296	0.095	1.361	0.071	0.078	0.421	0.397	0.579	0.603	30
672	3386	59.87	12.21	182.701	0.167	0.298	0.101	1.374	0.085	0.093	0.443	0.417	0.557	0.583	30
673	3387	59.87	12.46	181.732	0.165	0.298	0.1	1.368	0.085	0.093	0.442	0.416	0.558	0.584	30
674	3388	59.87	12.71	182.932	0.17	0.295	0.096	1.363	0.075	0.082	0.428	0.401	0.572	0.599	30
675	3389	59.87	12.96	186.159	0.172	0.296	0.098	1.361	0.081	0.088	0.435	0.409	0.565	0.591	30
676	3390	59.87	13.21	187.986	0.162	0.3	0.106	1.379	0.104	0.112	0.462	0.439	0.538	0.561	30
677	3391	59.87	13.46	190.232	0.168	0.296	0.098	1.376	0.089	0.095	0.442	0.416	0.558	0.584	30
678	3392	59.87	13.71	193.744	0.17	0.294	0.095	1.371	0.078	0.085	0.429	0.402	0.571	0.599	30
679	3393	59.87	13.96	195.686	0.171	0.292	0.091	1.38	0.064	0.071	0.412	0.385	0.588	0.615	30
