#	Initial paramater values for CMA-ES calibration																																																																																																														
#speciesCode	speciesName	CRF	CRRG	CRRF	CRBV	Crrepro	tronviv	branviv	rgviv	Lignroots	LIGNrl	LIGNll	LIGNfb	LIGNcb	LIGNcr	TGSS	Nitrogen	NRG	NRF	NBR	NTV	NSS	Nrepro	potToWood	GBVmin	TMRF	ratioBR	RS	coefrac	ratioG	TMBV	SF	LMA0	KLMA	alphal	alphab	CrownArea1	CrownArea2	CoefLAI1	CoefLAI2	CoefLAI3	aDBH	bDBH	aGF	bGF	Phi	ros	logaRDI	bRDI	clumping	RauwPIR	RauwPAR	RaufPIR	TaufPIR	RaufPAR	TaufPAR	emsf	Tleaf	Tbark	CIA	CIB	propec	g0	g1	RSoilleaf	CapSoilleaf	P50	P50Roots	pleafMin	Kplantini	EaVJ	ETT	JMT	NC	teta	TBASEA	TBASEB	TBASEC	NSTART	NSTART3	TSUMBB	HSUMFL	HSUMLMA	TSUMLFAL	SmatchDelay	SShape	Rec0	frec0	T1rec	T2rec	T3rec	T6rec	fa0	fd0	ffrost	woodStop	FHminfe	FHmax	decidue	cohorLeaves	reservesToReproduce	reservesToMortality	reserveToLeafFall	BSSminCrit	rateOfSeed	rateOfSeedJourne	seedMass_mg	seedMass_mu	auxiliaryReproStructure	seedMortality	seedsperFruit
1	Abies alba	1.5	1.5	1.5	1.5	1.5	0.15	0.25	0.15	25	0.38	0.38	0.35	0.35	0.38	0.25	5	1	5	5	1	0.4	5	-1.5	0.5	1	0.5	0.5	0.5	0.22	0.005	400	225	0.25	45.5	45.5	0.25	0	1.5	1.5	0.3	-2.5	2.5	2.5	0.5	0.5	550	10	-2.5	0.5	0.314	0.135	0.3317	0.264	0.086	0.0376	0.97	1	2.5	2.5	5	1	0.1	10	52500	0.04	-5	-5	-5	0.5	37000	710	220000	25.5	0.7	2.5	6.5	20	52.5	213	550	1050	1100	200	1000	2	150	0.5	0	-5	-5	-5	0.25	0.25	0.25	425	-10	-52.5	2	11	175	100	25	50	0.2	0.003	79	0.01643	0.5	0.45	150.5
2	Cedrus atlantica	1.5	1.5	1.5	1.5	1.5	0.15	0.25	0.15	25	0.38	0.38	0.35	0.35	0.38	0.25	5	1	5	5	1	0.4	5	-1.5	0.5	1	0.5	0.5	0.5	0.22	0.005	50	225	0.25	45.5	45.5	0.25	0	1.5	1.5	0.3	-2.5	2.5	2.5	0.5	0.5	550	10	-2.5	0.5	0.314	0.135	0.343	0.243	0.073	0.029	0.97	1	2.5	2.5	5	1	0.1	10	52500	0.04	-5	-5	-5	0.5	37000	710	220000	25.5	0.7	2.5	6.5	20	52.5	213	550	1050	1100	200	1000	2	150	0.5	0	-5	-5	-5	0.25	0.25	0.25	425	-10	-52.5	2	3	175	100	25	50	0.2	0.003	71.7	0.01643	0.5	0.45	150.5
3	Fagus sylvatica	1.5	1.5	1.5	1.5	1.5	0.15	0.25	0.15	25	0.38	0.38	0.35	0.35	0.38	0.25	5	1	5	5	1	0.4	5	-1.5	0.5	1	0.5	0.5	0.5	0.22	0.005	2750	225	0.25	45.5	45.5	0.25	0	1.5	1.5	0.3	-2.5	2.5	2.5	0.5	0.5	550	10	-2.5	0.5	0.314	0.135	0.356	0.377	0.0877	0.055	0.97	1	2.5	2.5	5	1	0.1	10	52500	0.04	-5	-5	-5	0.5	37000	710	220000	25.5	0.7	2.5	6.5	20	52.5	213	550	1050	1100	200	1000	2	150	0.5	0	-5	-5	-5	0.25	0.25	0.25	425	-10	-52.5	1	1	175	100	25	-80	0.2	0.003	167.7	2.8	0.5	0.45	150.5
4	Picea abies	1.5	1.5	1.5	1.5	1.5	0.15	0.25	0.15	25	0.38	0.38	0.35	0.35	0.38	0.25	5	1	5	5	1	0.4	5	-1.5	0.5	1	0.5	0.5	0.5	0.22	0.005	50	225	0.25	45.5	45.5	0.25	0	1.5	1.5	0.3	-2.5	2.5	2.5	0.5	0.5	550	10	-2.5	0.5	0.314	0.135	0.303	0.32	0.08	0.0503	0.97	1	2.5	2.5	5	1	0.1	10	52500	0.04	-5	-5	-5	0.5	37000	710	220000	25.5	0.7	2.5	6.5	20	52.5	213	550	1050	1100	200	1000	2	150	0.5	0	-5	-5	-5	0.25	0.25	0.25	425	-10	-52.5	2	11	175	100	25	50	0.2	0.003	6.4	0.01643	0.5	0.45	150.5
5	Pinus halepensis	1.5	1.5	1.5	1.5	1.5	0.15	0.25	0.15	25	0.38	0.38	0.35	0.35	0.38	0.25	5	1	5	5	1	0.4	5	-1.5	0.5	1	0.5	0.5	0.5	0.22	0.005	50	225	0.25	45.5	45.5	0.25	0	1.5	1.5	0.3	-2.5	2.5	2.5	0.5	0.5	550	10	-2.5	0.5	0.49	0.155	0.345	0.243	0.074	0.029	0.97	1	2.5	2.5	5	1	0.1	10	52500	0.04	-5	-5	-5	0.5	37000	710	220000	25.5	0.7	2.5	6.5	20	52.5	213	550	1050	1100	200	1000	2	150	0.5	0	-5	-5	-5	0.25	0.25	0.25	425	-10	-52.5	2	3	175	100	25	50	0.2	0.003	21	0.01643	0.5	0.45	150.5
6	Pinus nigra	1.5	1.5	1.5	1.5	1.5	0.15	0.25	0.15	25	0.38	0.38	0.35	0.35	0.38	0.25	5	1	5	5	1	0.4	5	-1.5	0.5	1	0.5	0.5	0.5	0.22	0.005	50	225	0.25	45.5	45.5	0.25	0	1.5	1.5	0.3	-2.5	2.5	2.5	0.5	0.5	550	10	-2.5	0.5	0.49	0.155	0.335	0.243	0.071	0.029	0.97	1	2.5	2.5	5	1	0.1	10	52500	0.04	-5	-5	-5	0.5	37000	710	220000	25.5	0.7	2.5	6.5	20	52.5	213	550	1050	1100	200	1000	2	150	0.5	0	-5	-5	-5	0.25	0.25	0.25	425	-10	-52.5	2	3	175	100	25	50	0.2	0.003	19	0.01643	0.5	0.45	150.5
7	Pinus pinaster	1.5	1.5	1.5	1.5	1.5	0.15	0.25	0.15	25	0.38	0.38	0.35	0.35	0.38	0.25	5	1	5	5	1	0.4	5	-1.5	0.5	1	0.5	0.5	0.5	0.22	0.005	400	225	0.25	45.5	45.5	0.25	0	1.5	1.5	0.3	-2.5	2.5	2.5	0.5	0.5	550	10	-2.5	0.5	0.49	0.155	0.279	0.118	0.09	0.014	0.97	1	2.5	2.5	5	1	0.1	10	52500	0.04	-5	-5	-5	0.5	37000	710	220000	25.5	0.7	2.5	6.5	20	52.5	213	550	1050	1100	200	1000	2	150	0.5	0	-5	-5	-5	0.25	0.25	0.25	425	-10	-52.5	2	3	175	100	25	50	0.2	0.003	55.02	0.01643	0.5	0.45	150.5
8	Pinus sylvestris	1.5	1.5	1.5	1.5	1.5	0.15	0.25	0.15	25	0.38	0.38	0.35	0.35	0.38	0.25	5	1	5	5	1	0.4	5	-1.5	0.5	1	0.5	0.5	0.5	0.22	0.005	400	225	0.25	45.5	45.5	0.25	0	1.5	1.5	0.3	-2.5	2.5	2.5	0.5	0.5	550	10	-2.5	0.5	0.495	0.146	0.311	0.312	0.093	0.038	0.97	1	2.5	2.5	5	1	0.1	10	52500	0.04	-5	-5	-5	0.5	37000	710	220000	25.5	0.7	2.5	6.5	20	52.5	213	550	1050	1100	200	1000	2	150	0.5	0	-5	-5	-5	0.25	0.25	0.25	425	-10	-52.5	2	3	175	100	25	50	0.2	0.003	7.44	0.01643	0.5	0.45	150.5
9	Pinus uncinata	1.5	1.5	1.5	1.5	1.5	0.15	0.25	0.15	25	0.38	0.38	0.35	0.35	0.38	0.25	5	1	5	5	1	0.4	5	-1.5	0.5	1	0.5	0.5	0.5	0.22	0.005	400	225	0.25	45.5	45.5	0.25	0	1.5	1.5	0.3	-2.5	2.5	2.5	0.5	0.5	550	10	-2.5	0.5	0.495	0.146	0.335	0.243	0.071	0.029	0.97	1	2.5	2.5	5	1	0.1	10	52500	0.04	-5	-5	-5	0.5	37000	710	220000	25.5	0.7	2.5	6.5	20	52.5	213	550	1050	1100	200	1000	2	150	0.5	0	-5	-5	-5	0.25	0.25	0.25	425	-10	-52.5	2	3	175	100	25	50	0.2	0.003	9.15	0.01643	0.5	0.45	150.5
10	Pseudotsuga menziesii	1.5	1.5	1.5	1.5	1.5	0.15	0.25	0.15	25	0.38	0.38	0.35	0.35	0.38	0.25	5	1	5	5	1	0.4	5	-1.5	0.5	1	0.5	0.5	0.5	0.22	0.005	50	225	0.25	45.5	45.5	0.25	0	1.5	1.5	0.3	-2.5	2.5	2.5	0.5	0.5	550	10	-2.5	0.5	0.314	0.135	0.305	0.279	0.095	0.0419	0.97	1	2.5	2.5	5	1	0.1	10	52500	0.04	-5	-5	-5	0.5	37000	710	220000	25.5	0.7	2.5	6.5	20	52.5	213	550	1050	1100	200	1000	2	150	0.5	0	-5	-5	-5	0.25	0.25	0.25	425	-10	-52.5	2	10	175	100	25	50	0.2	0.003	11.3	0.01643	0.5	0.45	150.5
11	Quercus ilex	1.5	1.5	1.5	1.5	1.5	0.15	0.25	0.15	25	0.38	0.38	0.35	0.35	0.38	0.25	5	1	5	5	1	0.4	5	-1.5	0.5	1	0.5	0.5	0.5	0.22	0.005	400	225	0.25	45.5	45.5	0.25	0	1.5	1.5	0.3	-2.5	2.5	2.5	0.5	0.5	550	10	-2.5	0.5	0.314	0.135	0.396	0.242	0.123	0.0345	0.97	1	2.5	2.5	5	1	0.1	10	52500	0.04	-5	-5	-5	0.5	37000	710	220000	25.5	0.7	2.5	6.5	20	52.5	213	550	1050	1100	200	1000	2	150	0.5	0	-5	-5	-5	0.25	0.25	0.25	425	-10	-52.5	2	3	175	100	25	50	0.2	0.003	2492	0.01643	0.5	0.45	150.5
12	Quercus petraea	1.5	1.5	1.5	1.5	1.5	0.15	0.25	0.15	25	0.38	0.38	0.35	0.35	0.38	0.25	5	1	5	5	1	0.4	5	-1.5	0.5	1	0.5	0.5	0.5	0.22	0.005	2750	225	0.25	45.5	45.5	0.25	0	1.5	1.5	0.3	-2.5	2.5	2.5	0.5	0.5	550	10	-2.5	0.5	0.314	0.135	0.332	0.357	0.094	0.06	0.97	1	2.5	2.5	5	1	0.1	10	52500	0.04	-5	-5	-5	0.5	37000	710	220000	25.5	0.7	2.5	6.5	20	52.5	213	550	1050	1100	200	1000	2	150	0.5	0	-5	-5	-5	0.25	0.25	0.25	425	-10	-52.5	1	1	175	100	25	50	0.2	0.003	1124	0.01643	0.5	0.45	150.5
13	Quercus pubescens	1.5	1.5	1.5	1.5	1.5	0.15	0.25	0.15	25	0.38	0.38	0.35	0.35	0.38	0.25	5	1	5	5	1	0.4	5	-1.5	0.5	1	0.5	0.5	0.5	0.22	0.005	2750	225	0.25	45.5	45.5	0.25	0	1.5	1.5	0.3	-2.5	2.5	2.5	0.5	0.5	550	10	-2.5	0.5	0.314	0.135	0.332	0.357	0.094	0.06	0.97	1	2.5	2.5	5	1	0.1	10	52500	0.04	-5	-5	-5	0.5	37000	710	220000	25.5	0.7	2.5	6.5	20	52.5	213	550	1050	1100	200	1000	2	150	0.5	0	-5	-5	-5	0.25	0.25	0.25	425	-10	-52.5	1	1	175	100	25	50	0.2	0.003	633.7	0.01643	0.5	0.45	150.5
14	Quercus robur	1.5	1.5	1.5	1.5	1.5	0.15	0.25	0.15	25	0.38	0.38	0.35	0.35	0.38	0.25	5	1	5	5	1	0.4	5	-1.5	0.5	1	0.5	0.5	0.5	0.22	0.005	2750	225	0.25	45.5	45.5	0.25	0	1.5	1.5	0.3	-2.5	2.5	2.5	0.5	0.5	550	10	-2.5	0.5	0.314	0.135	0.332	0.357	0.094	0.06	0.97	1	2.5	2.5	5	1	0.1	10	52500	0.04	-5	-5	-5	0.5	37000	710	220000	25.5	0.7	2.5	6.5	20	52.5	213	550	1050	1100	200	1000	2	150	0.5	0	-5	-5	-5	0.25	0.25	0.25	425	-10	-52.5	1	1	175	100	25	50	0.2	0.003	3023	0.01643	0.5	0.45	150.5
15	Larix decidua	1.5	1.5	1.5	1.5	1.5	0.15	0.25	0.15	25	0.38	0.38	0.35	0.35	0.38	0.25	5	1	5	5	1	0.4	5	-1.5	0.5	1	0.5	0.5	0.5	0.22	0.005	50	225	0.25	45.5	45.5	0.25	0	1.5	1.5	0.3	-2.5	2.5	2.5	0.5	0.5	550	10	-2.5	0.5	0.314	0.135	0.318	0.366	0.076	0.077	0.97	1	2.5	2.5	5	1	0.1	10	52500	0.04	-5	-5	-5	0.5	37000	710	220000	25.5	0.7	2.5	6.5	20	52.5	213	550	1050	1100	200	1000	2	150	0.5	0	-5	-5	-5	0.25	0.25	0.25	425	-10	-52.5	1	1	175	100	25	50	0.2	0.003	5.39	0.01643	0.5	0.45	150.5
16	Populus nigra	1.5	1.5	1.5	1.5	1.5	0.15	0.25	0.15	25	0.38	0.38	0.35	0.35	0.38	0.25	5	1	5	5	1	0.4	5	-1.5	0.5	1	0.5	0.5	0.5	0.22	0.005	-9999	225	0.25	45.5	45.5	0.25	0	1.5	1.5	0.3	-2.5	2.5	2.5	0.5	0.5	550	10	-2.5	0.5	-9999	-9999	-9999	-9999	-9999	-9999	0.97	1	2.5	2.5	5	1	0.1	10	52500	0.04	-5	-5	-5	0.5	37000	710	220000	25.5	0.7	2.5	6.5	20	52.5	213	550	1050	1100	200	1000	2	150	0.5	0	-5	-5	-5	0.25	0.25	0.25	425	-10	-52.5	1	-9999	175	100	25	-9999	0.2	0.003	-9999	-9999	0.5	0.45	150.5
